25	0	226802	0	7	0	0	0	0	0	0	0	40	0	0
38	0	89814	1	9	1	1	1	1	0	0	0	50	0	0
28	1	336951	2	12	1	2	1	1	0	0	0	40	0	1
44	0	160323	3	10	1	0	1	0	0	7688	0	40	0	1
18	2	103497	3	10	0	3	0	1	1	0	0	30	0	0
34	0	198693	4	6	0	4	2	1	0	0	0	30	0	0
29	2	227026	1	9	0	3	3	0	0	0	0	40	0	0
63	3	104626	5	15	1	5	1	1	0	3103	0	32	0	1
24	0	369667	3	10	0	4	3	1	1	0	0	40	0	0
55	0	104996	6	4	1	6	1	1	0	0	0	10	0	0
65	0	184454	1	9	1	0	1	1	0	6418	0	40	0	1
36	4	212465	7	13	1	7	1	1	0	0	0	40	0	0
26	0	82091	1	9	0	7	2	1	1	0	0	39	0	0
58	2	299831	1	9	1	3	1	1	0	0	0	35	0	0
48	0	279724	1	9	1	0	1	1	0	3103	0	48	0	1
43	0	346189	8	14	1	8	1	1	0	0	0	50	0	1
20	5	444554	3	10	0	4	0	1	0	0	0	25	0	0
43	0	128354	1	9	1	7	4	1	1	0	0	30	0	0
37	0	60548	1	9	2	0	3	1	1	0	0	20	0	0
40	0	85019	9	16	1	5	1	2	0	0	0	45	1	1
34	0	107914	7	13	1	9	1	1	0	0	0	47	0	1
34	0	238588	3	10	0	4	0	0	1	0	0	35	0	0
72	2	132015	6	4	3	3	2	1	1	0	0	6	0	0
25	0	220931	7	13	0	5	2	1	0	0	0	43	2	0
25	0	205947	7	13	1	5	1	1	0	0	0	40	0	0
45	3	432824	1	9	1	6	1	1	0	7298	0	90	0	1
22	0	236427	1	9	0	7	0	1	0	0	0	20	0	0
23	0	134446	1	9	4	0	3	0	0	0	0	54	0	0
54	0	99516	1	9	1	6	1	1	0	0	0	35	0	0
32	3	109282	3	10	0	5	2	1	0	0	0	60	0	0
46	5	106444	3	10	1	8	1	0	0	7688	0	38	0	1
56	3	186651	0	7	2	4	3	1	1	0	0	50	0	0
24	3	188274	7	13	0	10	2	1	0	0	0	50	0	0
23	1	258120	3	10	1	2	1	1	0	0	0	40	0	0
26	0	43311	1	9	3	8	3	1	1	0	0	40	0	0
65	2	191846	1	9	1	3	1	1	0	0	0	40	0	0
36	1	403681	7	13	1	5	1	1	0	0	0	40	0	1
22	0	248446	10	3	0	11	2	1	0	0	0	50	3	0
17	0	269430	4	6	0	0	2	1	0	0	0	40	0	0
20	0	257509	1	9	0	6	0	1	0	0	0	40	0	0
65	0	136384	8	14	1	5	1	1	0	0	0	50	0	1
44	6	120277	11	11	1	10	1	1	0	0	0	45	0	1
36	0	465326	1	9	1	1	1	1	0	0	0	40	0	0
29	0	103634	0	7	1	4	1	1	0	0	0	40	0	0
20	5	138371	3	10	0	1	0	1	0	0	0	32	0	0
28	0	242832	11	11	1	5	4	1	1	0	0	36	0	1
39	0	290208	6	4	1	6	1	1	0	0	0	40	4	0
54	0	186272	3	10	1	12	1	1	0	3908	0	50	0	0
52	0	201062	0	7	4	11	2	0	1	0	0	18	0	0
56	6	131916	1	9	2	8	2	1	1	0	0	50	0	0
18	0	54440	3	10	0	4	0	1	0	0	0	20	0	0
39	0	280215	1	9	3	13	0	0	0	0	0	40	0	0
21	0	214399	3	10	0	4	0	1	1	0	1721	24	0	0
22	0	54164	1	9	0	4	2	1	0	14084	0	60	0	1
38	0	219446	12	5	5	8	2	1	0	0	0	54	4	0
21	0	110677	3	10	0	7	0	1	1	0	0	40	0	0
63	0	145985	1	9	1	6	1	1	0	0	0	40	0	0
34	1	382078	7	13	1	8	1	1	0	3103	0	50	0	1
42	6	170721	1	9	1	8	1	1	0	5178	0	50	0	1
33	0	269705	1	9	1	13	1	1	0	0	0	40	0	0
30	0	101135	7	13	0	8	2	1	1	0	0	50	0	0
39	0	118429	3	10	3	10	2	1	0	0	0	40	0	0
26	0	31208	8	14	0	8	2	1	1	0	0	40	0	0
33	0	281384	1	9	0	0	0	1	1	0	0	40	0	0
47	1	171807	1	9	3	7	2	1	1	0	0	40	0	0
41	0	109912	7	13	0	4	2	1	1	0	0	40	1	0
41	6	445382	2	12	1	6	1	1	0	15024	0	60	0	1
19	0	105460	3	10	0	4	0	1	0	0	0	20	0	0
46	0	170338	1	9	4	12	2	1	0	0	0	40	0	0
43	0	102606	1	9	1	10	1	1	0	0	0	48	0	0
55	0	323887	3	10	1	8	1	1	0	15024	0	45	0	1
46	0	175622	11	11	1	9	1	1	0	0	0	40	0	0
30	0	229636	1	9	1	0	1	1	0	0	0	40	4	0
21	0	388946	3	10	4	13	2	1	1	0	0	40	0	0
46	0	269034	3	10	1	6	1	3	0	0	0	40	5	0
17	2	165361	4	6	0	3	0	1	0	0	0	40	0	0
41	0	75012	1	9	1	0	1	1	0	0	0	50	0	0
69	6	174379	1	9	1	10	1	1	0	0	0	30	0	0
50	0	312477	1	9	1	12	1	1	0	0	0	40	0	0
20	0	72055	3	10	0	7	2	1	1	0	0	40	0	0
45	6	67001	3	10	1	0	1	1	0	0	0	50	0	0
23	0	213734	7	13	0	8	2	1	0	0	0	40	0	0
24	0	83141	3	10	4	4	2	1	0	0	1876	40	0	0
44	6	223881	1	9	1	6	1	1	0	99999	0	50	1	1
31	3	113752	3	10	1	6	1	1	0	0	0	50	0	0
43	0	170482	1	9	4	0	2	1	1	0	0	44	0	0
20	4	244689	0	7	0	4	0	1	1	0	0	10	0	0
55	0	160631	1	9	1	10	1	1	0	0	0	56	0	1
24	4	228724	3	10	0	14	2	1	0	0	0	40	0	0
41	2	38434	8	14	1	3	4	1	1	7688	0	10	0	1
59	0	292946	7	13	0	8	2	1	1	0	0	25	0	0
49	4	77443	6	4	0	4	2	0	0	0	0	20	0	0
33	0	176410	8	14	1	5	4	1	1	5178	0	10	0	1
59	4	98984	7	13	3	7	2	1	0	0	0	40	0	0
34	0	198751	8	14	0	4	2	4	0	0	0	40	0	0
20	0	479296	1	9	0	13	0	1	0	0	0	40	0	0
25	0	235218	7	13	0	8	0	1	1	0	0	40	0	0
49	0	164877	4	6	1	1	1	1	0	0	0	40	0	0
59	0	272087	1	9	1	12	1	1	0	0	0	40	0	1
20	0	169699	1	9	0	7	2	1	1	0	0	40	0	0
51	2	189762	3	10	1	3	4	1	1	0	0	18	0	0
33	0	202191	3	10	0	7	3	0	1	0	0	35	0	0
22	0	212261	3	10	0	12	0	0	0	0	0	39	0	0
58	3	301568	12	5	2	4	2	1	1	0	0	40	0	0
52	1	155233	1	9	2	7	3	1	1	0	0	28	0	0
36	0	75826	4	6	4	0	2	1	1	0	0	40	0	0
41	1	201520	1	9	1	2	1	1	0	0	0	40	0	0
28	0	154236	1	9	0	12	0	1	0	2597	0	40	0	0
19	0	289227	3	10	0	13	0	0	0	0	0	16	0	0
18	0	217439	1	9	0	4	2	1	1	0	0	28	0	0
18	0	179020	1	9	0	0	0	1	1	0	0	48	0	0
28	0	149624	3	10	1	6	1	1	0	0	0	40	0	0
29	0	337266	11	11	1	8	1	1	0	0	0	40	0	1
20	2	30796	1	9	0	3	0	1	1	0	0	20	0	0
40	0	103541	3	10	1	13	1	1	0	0	0	40	0	0
26	0	206721	1	9	0	13	3	1	0	0	0	40	0	0
46	0	96773	1	9	1	6	1	1	0	0	0	40	0	0
23	0	200967	0	7	0	4	2	1	1	0	0	24	0	0
44	0	180019	1	9	5	7	3	1	1	0	0	40	0	0
43	0	179866	7	13	3	10	3	1	1	0	0	40	0	1
31	1	198770	7	13	3	5	3	1	1	0	0	60	0	0
18	0	219256	3	10	0	10	0	1	1	0	0	25	0	0
19	0	248730	3	10	0	2	0	1	0	0	0	30	0	0
41	0	110732	3	10	3	9	2	1	1	0	0	40	0	0
41	0	181020	1	9	3	13	3	1	1	0	0	40	0	0
69	0	183791	1	9	3	7	2	1	1	0	0	25	0	0
48	4	42972	9	16	1	5	4	1	1	0	0	40	0	1
28	0	134813	1	9	0	5	0	1	0	0	0	40	0	0
27	3	115438	1	9	1	6	1	1	0	0	0	60	6	1
41	0	239296	8	14	1	5	1	1	0	0	2415	50	0	1
41	0	428420	3	10	1	7	1	1	0	0	0	40	0	0
24	0	247846	1	9	0	6	3	0	1	0	0	40	0	0
20	2	334105	1	9	0	3	2	1	1	0	0	40	0	0
42	6	100793	9	16	1	5	1	1	0	0	0	41	0	1
57	0	244478	1	9	1	6	1	0	0	0	0	48	0	0
30	0	142921	2	12	0	5	2	1	1	0	0	40	0	0
36	0	182863	1	9	1	10	1	1	0	0	0	60	0	1
49	0	171128	6	4	1	0	1	0	0	0	0	40	0	0
33	0	145402	1	9	1	0	4	1	1	0	0	35	0	0
23	0	306309	4	6	1	1	1	1	0	0	0	40	0	0
46	0	83822	8	14	1	5	1	1	0	0	0	40	0	0
18	0	262118	3	10	0	7	0	2	1	0	0	22	7	0
40	0	155972	1	9	1	8	1	1	0	7688	0	55	0	1
43	6	214503	1	9	1	8	1	1	0	0	1887	45	0	1
34	0	159303	8	14	0	5	0	1	1	0	0	30	0	0
47	3	174995	1	9	2	8	2	1	1	0	0	30	0	0
44	0	26669	11	11	2	8	3	1	1	0	0	30	0	0
33	0	177727	1	9	1	10	1	1	0	0	0	40	0	1
55	0	124771	7	13	1	8	1	1	0	15024	0	50	0	1
19	0	456736	1	9	0	10	2	1	0	2907	0	30	0	0
28	0	216604	3	10	0	4	2	0	0	0	0	14	0	0
27	0	221561	0	7	1	4	4	0	1	0	0	32	0	0
50	0	114564	6	4	1	0	1	1	0	0	0	20	0	0
22	0	315476	0	7	0	6	3	1	0	0	0	40	0	0
40	5	67874	7	13	1	7	1	1	0	0	1887	45	0	1
25	0	126110	3	10	0	7	0	1	1	0	0	40	0	0
26	1	102264	1	9	0	6	2	1	0	0	0	40	0	0
22	0	537222	7	13	0	10	2	1	0	0	0	25	0	0
42	0	113732	3	10	0	13	3	0	1	0	625	40	0	0
38	6	93225	7	13	3	8	2	1	0	0	0	40	0	0
55	0	43064	0	7	1	4	1	1	0	0	0	30	0	0
32	0	136921	1	9	1	10	1	1	0	0	0	40	0	0
22	0	388885	1	9	1	6	1	1	0	0	0	45	0	0
29	0	142249	7	13	0	10	0	1	0	0	0	40	0	0
46	5	56841	8	14	1	8	1	1	0	0	0	45	0	1
31	0	156493	3	10	1	8	1	1	0	0	0	40	0	1
58	3	159021	9	16	1	5	1	1	0	0	0	16	0	1
42	0	190910	1	9	1	6	1	1	0	0	0	45	0	0
18	0	41879	1	9	0	13	3	1	0	0	0	25	0	0
58	1	137249	1	9	3	8	2	1	0	0	0	33	0	0
54	0	236157	1	9	1	5	1	1	0	0	1887	40	0	1
34	0	189759	8	14	0	5	2	1	0	0	0	40	0	0
26	0	239877	7	13	0	7	2	1	1	0	0	40	0	0
61	0	21175	13	8	1	8	1	1	0	0	0	60	0	0
48	1	67229	8	14	4	7	3	0	1	0	0	40	0	0
36	0	236391	3	10	1	8	1	1	0	0	0	45	0	1
24	0	325596	11	11	1	0	1	1	0	0	0	45	0	0
40	0	83411	3	10	1	0	1	1	0	0	0	37	0	0
33	6	154227	1	9	1	10	1	1	0	0	0	50	0	1
37	0	248010	3	10	1	0	1	1	0	0	1887	40	0	1
34	0	198613	8	14	0	8	0	1	0	4650	0	40	0	0
56	6	321529	3	10	1	8	1	1	0	15024	0	40	0	1
28	2	168524	1	9	1	3	0	1	1	0	0	38	0	1
37	0	203079	7	13	2	8	2	1	1	0	0	55	0	0
44	0	284652	1	9	3	10	3	0	1	0	0	40	0	0
64	2	201368	3	10	1	3	1	1	0	0	0	8	0	0
54	0	59840	1	9	3	13	2	1	0	0	0	45	0	0
23	0	52753	1	9	0	0	2	1	0	0	0	50	0	0
34	5	513100	7	13	5	1	2	0	0	0	0	40	1	0
22	0	199266	1	9	0	4	2	1	1	0	0	45	0	0
33	0	196385	7	13	1	8	1	1	0	0	1977	40	0	1
39	0	163205	7	13	4	5	2	1	0	0	0	50	0	1
47	0	411047	3	10	3	7	2	0	1	0	0	37	0	0
79	2	48574	6	4	2	3	2	1	0	0	0	40	0	0
26	0	209440	1	9	0	5	3	0	1	0	0	55	0	0
31	0	56964	3	10	3	8	3	1	1	0	0	40	0	0
44	0	299197	3	10	0	12	2	1	0	0	0	45	0	0
42	6	240628	5	15	1	5	4	1	1	0	0	50	0	1
19	0	355313	1	9	0	0	2	1	1	0	0	40	0	0
27	0	132267	1	9	1	13	1	1	0	0	0	40	0	1
51	1	174861	3	10	1	2	1	1	0	0	0	40	0	1
28	6	142443	7	13	1	8	1	1	0	0	0	50	0	0
57	0	26716	7	13	3	6	2	1	0	0	0	45	0	0
45	1	185588	7	13	3	5	3	1	1	0	0	40	0	0
50	0	175029	11	11	1	5	1	1	0	0	0	40	0	1
34	6	34848	7	13	1	10	1	1	0	0	0	54	0	0
45	0	411273	6	4	1	6	1	0	0	0	0	40	0	0
73	1	143437	1	9	1	8	1	1	0	0	0	20	0	0
34	0	357145	7	13	1	5	4	1	1	0	0	50	0	1
31	0	236861	3	10	1	10	1	1	0	0	0	55	0	1
19	0	53355	0	7	0	10	2	1	0	0	0	12	0	0
25	0	29106	3	10	0	4	0	1	1	0	0	50	0	0
38	4	213274	11	11	3	6	3	1	1	6497	0	40	0	0
39	0	22463	7	13	1	12	1	1	0	0	0	40	0	0
23	0	180497	7	13	0	9	0	0	1	0	0	32	0	0
49	0	37306	1	9	1	0	1	1	0	0	0	40	0	0
33	4	137814	1	9	0	4	2	1	0	0	0	32	0	0
21	0	447488	10	3	0	0	5	1	0	0	0	38	4	0
31	0	220915	11	11	4	6	2	1	0	0	0	40	0	0
23	0	42251	7	13	0	8	2	1	1	0	0	45	0	0
34	0	162312	7	13	1	7	1	2	0	0	0	40	8	0
25	0	77698	1	9	0	0	2	2	1	0	0	40	8	0
39	0	282951	1	9	0	6	3	1	0	0	0	40	0	0
52	6	311259	1	9	1	10	1	1	0	0	0	40	0	1
63	1	65479	12	5	1	12	1	1	0	7688	0	40	0	1
41	0	277256	3	10	1	6	1	1	0	0	0	40	0	0
46	0	312088	7	13	1	5	1	1	0	15024	0	38	0	1
53	1	169719	1	9	1	8	1	1	0	0	0	40	0	0
25	2	270276	12	5	4	3	2	1	1	1055	0	40	0	0
77	2	172744	3	10	1	3	1	1	0	0	0	35	0	0
18	0	96869	13	8	0	11	0	1	0	0	0	40	0	0
38	0	237943	5	15	1	5	1	1	0	0	0	50	0	0
55	0	119751	8	14	0	8	3	2	1	0	0	50	9	0
34	0	236861	1	9	1	9	1	1	0	0	0	40	0	1
80	3	201092	1	9	1	4	1	1	0	0	0	30	0	0
34	0	147215	11	11	3	9	3	1	1	0	0	60	0	0
52	0	152373	3	10	1	9	1	1	0	5013	0	40	0	0
42	0	227968	1	9	0	4	3	0	1	0	0	28	10	0
26	0	362617	3	10	0	10	2	1	1	0	0	40	0	0
31	0	103435	1	9	1	12	1	1	0	0	0	40	0	0
25	1	281412	1	9	0	4	0	1	1	0	0	35	0	0
55	3	105239	1	9	1	6	1	1	0	0	2057	60	0	0
19	0	230165	3	10	0	4	0	1	1	0	0	12	0	0
62	3	177493	3	10	1	12	1	1	0	0	0	32	0	0
22	4	104443	3	10	0	7	0	1	1	0	0	20	0	0
39	2	110342	1	9	1	3	4	1	1	0	0	50	0	0
35	0	143385	1	9	1	13	1	1	0	0	0	40	0	0
28	0	107189	1	9	1	10	0	1	1	0	0	40	0	0
47	0	212944	1	9	1	12	1	1	0	0	0	70	0	1
44	5	138634	1	9	1	0	1	1	0	0	0	40	0	0
21	0	99970	3	10	0	10	0	1	0	0	0	15	0	0
35	0	203717	11	11	0	6	2	1	0	0	0	50	0	0
24	0	313956	7	13	1	5	1	1	0	0	0	40	0	1
42	4	177937	7	13	0	5	2	1	0	0	0	40	1	0
28	0	193868	7	13	0	9	0	1	0	0	0	50	0	0
21	0	250939	3	10	0	0	5	1	0	0	0	35	0	0
62	4	57629	3	10	3	9	2	0	0	4650	0	40	0	0
39	0	281768	1	9	0	4	2	0	1	0	0	40	0	0
30	5	260782	1	9	0	4	2	1	0	0	0	40	0	0
72	3	243769	5	15	0	5	2	1	0	0	1429	20	0	0
50	0	109937	3	10	1	8	4	1	1	0	0	50	0	0
28	1	134890	8	14	0	5	2	1	0	0	0	40	0	0
29	0	100293	3	10	0	5	2	1	1	0	0	40	0	0
26	0	132179	7	13	0	7	0	1	1	0	0	40	0	0
27	0	116372	8	14	0	8	2	1	1	0	0	40	0	0
29	0	255412	3	10	1	13	1	1	0	3103	0	40	0	1
61	2	195789	1	9	1	3	1	1	0	0	0	40	0	0
29	0	342400	4	6	1	6	1	1	0	0	0	25	0	0
21	2	65481	3	10	0	3	0	1	1	0	0	30	0	0
31	0	169085	0	7	1	10	4	1	1	0	0	20	0	0
25	0	177221	1	9	1	8	1	1	0	0	0	75	0	0
58	0	65325	4	6	1	12	1	1	0	0	0	40	0	1
64	0	118944	3	10	1	8	4	1	1	0	0	40	0	1
46	5	149337	8	14	0	8	2	1	0	0	0	38	0	0
53	2	237868	1	9	1	3	1	1	0	0	0	35	0	1
19	0	106183	1	9	0	4	0	4	1	0	0	35	0	0
42	0	226388	1	9	3	4	2	0	0	0	0	52	0	0
18	0	220754	0	7	0	13	0	1	0	0	0	24	0	0
58	6	204021	7	13	1	6	1	1	0	15024	0	50	0	1
20	0	347391	3	10	0	2	2	0	0	0	0	60	0	0
35	4	413930	1	9	1	6	1	1	0	0	0	40	0	1
32	0	174201	1	9	1	13	1	1	0	0	0	38	0	1
23	0	145917	1	9	0	13	2	1	1	0	0	25	0	0
31	0	241797	3	10	3	9	3	1	1	0	0	40	0	0
33	0	265168	7	13	1	10	1	0	0	0	0	55	0	0
41	0	171234	3	10	0	0	2	1	1	0	0	48	0	0
22	0	178452	1	9	0	0	0	0	0	0	0	40	0	0
46	0	157857	3	10	1	2	1	1	0	0	0	40	0	1
61	4	512864	3	10	1	12	1	0	0	0	0	40	0	0
30	0	296462	1	9	0	8	2	0	0	0	0	40	0	0
42	0	171615	1	9	1	8	1	1	0	0	0	55	0	1
63	0	214071	4	6	1	13	1	1	0	0	0	40	0	0
26	0	172421	3	10	1	10	1	1	0	0	0	40	0	0
42	0	195488	4	6	3	7	3	1	1	0	0	40	0	0
23	0	316841	3	10	1	4	1	1	0	0	0	40	0	0
25	0	236267	1	9	0	0	3	1	0	0	1590	40	0	0
30	0	236543	12	5	1	4	1	1	0	0	0	32	11	1
23	0	318483	1	9	0	10	0	1	0	0	0	40	0	0
34	3	163756	11	11	0	1	2	1	0	27828	0	60	0	1
30	0	238186	1	9	1	0	5	1	0	0	2057	48	0	0
39	0	329980	3	10	1	6	1	1	0	0	0	40	0	1
30	0	169269	0	7	0	13	5	1	0	0	1721	38	12	0
38	1	34744	3	10	3	7	3	1	1	0	0	38	0	0
26	0	98114	1	9	3	8	0	1	1	0	0	40	0	0
20	0	109667	3	10	0	13	0	1	0	0	0	16	0	0
37	1	263690	7	13	0	5	3	0	0	0	0	40	1	0
33	0	147430	1	9	1	7	0	1	1	0	0	40	0	0
24	0	224238	7	13	0	7	0	1	0	0	0	40	0	0
42	6	212894	7	13	1	8	1	1	0	0	0	60	0	1
51	3	136708	1	9	1	10	1	2	0	3103	0	84	13	0
56	1	38573	2	12	1	9	1	1	0	0	0	45	0	1
22	0	197200	3	10	0	13	0	1	0	0	0	40	0	0
52	3	182796	3	10	1	1	1	1	0	0	0	60	0	0
44	0	184527	7	13	3	8	3	1	1	4934	0	45	0	1
34	0	145231	1	9	1	7	4	1	1	4064	0	35	0	0
51	0	43354	3	10	3	6	2	1	0	0	0	42	0	1
20	2	318865	3	10	0	3	2	1	0	0	0	40	0	0
19	0	355712	3	10	0	10	2	1	1	0	0	25	0	0
37	0	98776	7	13	1	8	1	1	0	0	0	40	0	1
68	0	257557	1	9	1	0	1	0	0	0	0	40	0	1
22	0	102258	3	10	3	2	2	1	0	0	0	40	0	0
56	6	170287	7	13	1	8	1	1	0	0	0	40	0	0
37	0	243409	1	9	1	6	1	1	0	0	0	40	0	0
52	0	55608	14	2	1	0	1	1	0	0	0	40	4	0
26	0	248057	1	9	4	13	0	1	0	0	0	40	12	0
33	0	95530	8	14	1	5	1	1	0	0	0	50	0	0
45	1	54038	8	14	3	5	3	1	1	0	0	42	0	0
18	0	161245	0	7	0	4	0	1	0	0	0	15	0	0
43	3	388725	3	10	1	1	1	1	0	0	0	60	0	1
64	3	71807	9	16	1	5	1	1	0	15024	0	50	1	1
18	0	228216	1	9	0	13	0	1	0	0	0	20	0	0
20	2	303121	3	10	0	3	0	1	0	0	0	45	0	0
57	0	78020	1	9	1	6	1	1	0	0	0	40	0	1
41	0	249254	1	9	3	7	3	1	1	3674	0	42	0	0
34	0	87218	8	14	1	8	1	1	0	0	1887	50	0	1
19	0	304299	1	9	0	10	3	1	1	0	0	40	0	0
44	0	196234	12	5	3	4	3	1	1	0	0	55	5	0
56	0	197875	4	6	2	4	3	1	1	0	0	40	0	0
36	6	48063	1	9	1	1	1	1	0	0	0	80	0	0
48	0	253596	7	13	3	8	3	1	1	0	0	48	0	0
29	0	39257	1	9	1	12	1	1	0	0	0	40	0	1
33	0	56150	7	13	0	6	2	1	0	2174	0	40	0	0
31	0	179415	10	3	1	4	1	1	0	0	0	40	4	0
39	0	252445	8	14	1	5	1	1	0	0	0	45	0	1
66	0	275918	1	9	1	8	1	1	0	10605	0	40	0	1
27	0	106562	7	13	0	5	2	1	1	0	0	50	0	1
39	0	198654	1	9	3	8	3	0	1	99999	0	40	0	1
59	0	107318	6	4	1	6	1	1	0	5178	0	50	0	1
26	0	181896	1	9	0	4	0	1	1	0	0	40	0	0
31	0	106014	11	11	3	6	3	1	0	0	0	40	0	0
45	2	319993	1	9	2	3	3	1	1	0	0	40	4	0
23	0	197997	1	9	0	13	0	1	0	0	0	30	0	0
36	1	173542	1	9	3	7	3	1	1	0	0	40	0	0
34	0	207564	3	10	1	4	4	1	1	0	0	12	0	1
32	0	224462	1	9	1	12	1	1	0	0	0	84	0	1
37	0	123361	7	13	1	5	1	0	0	0	0	50	0	1
33	0	90409	7	13	0	10	2	1	0	0	0	45	0	0
50	3	165001	5	15	1	5	1	1	0	99999	0	80	0	1
32	4	149573	2	12	0	2	2	0	0	0	0	40	0	0
35	0	249456	7	13	0	7	0	0	1	0	0	40	0	0
37	0	149898	0	7	1	6	1	1	0	0	0	40	0	0
44	0	292985	3	10	3	6	2	1	0	0	0	60	0	0
57	0	50223	3	10	3	13	5	1	0	0	0	25	0	0
29	1	400074	3	10	1	8	0	1	1	0	0	40	0	0
55	0	197399	1	9	1	6	1	1	0	0	0	50	0	1
43	6	209547	5	15	1	5	1	1	0	0	0	25	0	1
43	0	52433	3	10	1	10	1	1	0	0	0	70	0	0
45	3	355978	3	10	1	10	1	1	0	0	0	60	0	1
33	3	48214	8	14	1	5	4	1	1	0	0	8	0	0
26	0	190873	4	6	3	4	3	1	1	0	0	40	7	0
23	0	278390	3	10	1	10	1	1	0	0	0	68	0	0
41	0	203217	6	4	4	6	2	1	0	0	0	40	4	0
24	0	279175	1	9	1	6	1	1	0	0	0	40	0	0
47	3	194590	7	13	1	10	1	1	0	0	0	44	0	0
34	3	198813	1	9	0	6	0	1	0	0	0	45	0	0
40	0	187294	1	9	1	8	1	1	0	0	0	40	0	1
28	0	302903	7	13	1	5	4	2	1	0	1485	40	0	0
24	0	154835	1	9	0	8	0	2	1	0	0	40	14	0
73	2	73402	3	10	1	3	1	1	0	0	0	10	0	0
23	0	100345	1	9	0	6	5	1	0	0	0	15	0	0
43	3	126320	1	9	1	8	1	0	0	0	0	40	0	1
26	0	142226	7	13	3	9	2	1	1	0	0	40	0	0
58	3	112076	9	16	6	8	4	1	1	0	1485	35	0	1
52	0	225339	1	9	2	7	3	0	1	0	0	35	0	0
29	0	211208	0	7	1	12	1	1	0	0	0	99	0	1
47	0	200808	0	7	1	4	1	1	0	0	0	35	15	0
49	0	220618	1	9	3	7	3	0	1	0	0	37	0	0
40	0	210493	0	7	2	7	3	1	1	0	0	40	0	0
62	3	369734	1	9	1	7	4	1	1	0	0	40	0	0
49	0	27898	1	9	1	8	1	1	0	0	1977	55	0	1
50	0	138193	7	13	3	5	5	1	1	0	0	50	0	1
31	0	224234	1	9	0	12	0	0	0	0	0	40	0	0
48	1	188741	8	14	0	5	2	1	1	0	0	50	0	0
24	0	183772	1	9	0	6	3	1	1	0	0	40	0	0
41	2	155041	1	9	0	3	0	1	1	3418	0	40	0	0
37	0	79586	1	9	4	0	0	2	0	0	0	60	0	0
45	0	355781	7	13	1	8	1	2	0	0	0	45	16	1
63	2	156158	1	9	1	3	1	1	0	0	0	16	0	0
36	0	116358	8	14	1	8	1	2	0	0	0	45	17	0
45	0	59287	7	13	1	8	1	1	0	0	0	40	0	0
41	0	138868	7	13	0	10	2	1	1	0	0	40	0	0
26	0	185885	2	12	0	9	5	1	1	0	0	20	0	0
17	0	40299	0	7	0	10	0	1	1	0	0	25	0	0
27	0	500068	1	9	1	4	1	1	0	0	0	36	1	0
43	0	51494	1	9	1	0	1	1	0	0	0	65	0	0
35	0	179481	1	9	0	12	0	1	0	0	0	55	0	0
38	0	365907	7	13	3	7	3	1	1	0	0	40	0	0
26	0	284343	1	9	0	0	2	1	0	0	0	40	0	0
28	0	204862	3	10	0	8	0	1	1	0	0	40	0	0
38	0	272476	7	13	1	5	4	1	1	0	0	24	0	1
36	0	175130	0	7	3	12	3	1	1	0	0	40	0	0
33	0	118941	1	9	1	7	4	1	1	0	0	40	0	1
19	0	164339	1	9	0	13	0	1	0	1055	0	70	0	0
22	2	213291	2	12	0	3	0	1	0	0	0	25	0	0
42	4	55457	4	6	1	7	1	1	0	0	0	40	4	0
50	0	280292	4	6	1	12	1	1	0	0	0	40	0	1
30	0	446894	1	9	1	13	1	1	0	0	0	30	0	0
37	5	67083	3	10	1	5	5	2	0	0	0	40	18	0
54	6	159219	5	15	1	5	1	1	0	99999	0	40	0	1
52	6	168539	7	13	0	8	2	1	0	0	0	40	0	0
65	0	88145	14	2	1	13	1	3	0	0	0	40	1	0
33	0	150309	1	9	3	6	2	1	1	0	0	40	0	0
25	0	122999	3	10	0	9	5	1	0	0	0	40	0	0
24	0	302195	7	13	0	10	2	1	0	0	0	45	0	0
26	0	210982	11	11	4	7	3	0	1	114	0	40	0	0
39	0	177140	1	9	4	7	2	1	0	0	0	40	0	1
59	0	113838	1	9	3	4	2	1	1	0	0	40	0	0
29	0	97165	3	10	0	7	3	1	1	0	0	40	0	0
47	0	104301	0	7	0	4	0	1	1	0	0	45	0	0
23	2	192028	3	10	0	3	0	1	1	0	0	35	0	0
64	6	115931	1	9	1	12	1	1	0	0	0	50	0	0
21	0	147280	1	9	0	4	0	3	0	0	0	20	0	0
32	0	185433	3	10	1	7	4	0	1	0	0	40	0	1
26	0	599057	1	9	0	8	2	0	1	0	0	37	0	0
19	2	50626	3	10	0	3	0	0	1	0	0	20	0	0
62	3	71467	8	14	1	5	1	1	0	0	0	40	0	0
32	0	183977	7	13	1	6	1	1	0	0	0	55	0	1
75	2	26586	4	6	5	3	2	1	1	0	0	5	0	0
45	3	196858	1	9	1	8	1	1	0	0	0	60	0	0
31	0	160594	7	13	1	8	1	1	0	0	1887	50	0	1
32	0	65278	1	9	1	7	1	1	0	2580	0	40	0	0
24	0	102258	7	13	1	10	1	1	0	0	0	40	0	0
25	0	196947	7	13	0	10	0	1	1	0	0	40	0	0
41	3	233150	1	9	1	8	1	1	0	0	0	60	0	0
18	0	42857	3	10	0	10	0	1	1	0	0	20	0	0
44	0	118059	9	16	1	5	1	1	0	0	0	55	0	1
40	0	169262	3	10	1	8	1	1	0	3411	0	50	0	0
27	0	95108	7	13	0	5	2	1	0	0	0	40	0	0
23	0	161092	7	13	0	7	0	1	0	0	0	40	0	0
21	0	345253	3	10	0	7	2	3	0	2174	0	40	0	0
37	5	111275	1	9	1	12	1	1	0	0	0	40	0	0
65	3	178878	1	9	1	1	1	1	0	0	0	48	0	0
43	4	157237	8	14	1	5	1	1	0	0	0	40	0	1
45	0	155664	1	9	0	7	2	1	0	0	0	44	0	0
24	5	322658	7	13	0	8	2	1	1	0	0	40	0	0
24	0	208503	3	10	0	0	2	1	0	0	0	42	0	0
19	1	223326	3	10	0	2	0	1	0	0	1721	35	0	0
37	0	20308	7	13	1	5	1	1	0	0	0	65	0	1
24	0	124751	1	9	0	7	0	1	1	0	0	35	0	0
34	0	113364	3	10	1	0	1	1	0	0	0	40	7	0
50	5	196900	1	9	1	4	4	1	1	0	0	39	0	0
36	0	168170	1	9	1	6	1	1	0	0	0	40	12	0
39	0	205338	7	13	1	10	1	1	0	0	0	60	0	0
44	3	98806	6	4	1	6	1	1	0	0	0	38	0	0
45	5	226452	1	9	1	4	1	1	0	0	0	40	0	0
32	5	479179	0	7	0	2	0	1	0	0	0	40	0	0
47	4	471990	8	14	1	8	1	0	0	0	0	40	0	1
50	0	44728	1	9	1	0	1	1	0	0	0	40	0	0
32	0	33117	11	11	1	4	1	1	0	0	0	40	0	0
19	0	264876	1	9	0	13	0	1	0	0	0	40	0	0
19	2	47235	3	10	0	3	0	1	1	0	0	20	0	0
28	5	293628	8	14	3	5	2	1	0	0	0	10	1	0
28	0	193122	1	9	3	10	5	1	0	0	0	50	0	0
39	4	149347	8	14	0	5	2	1	0	0	0	40	19	1
21	0	129172	3	10	0	4	2	1	0	2907	0	40	0	0
73	3	151255	3	10	2	1	2	1	1	0	0	75	0	0
39	0	98886	6	4	1	4	1	1	0	4508	0	40	4	0
25	0	238673	3	10	0	0	2	1	0	0	0	40	0	0
31	0	137991	3	10	6	10	4	1	1	0	0	20	0	0
51	0	85942	3	10	3	10	2	1	1	0	0	32	0	0
39	0	85783	7	13	1	7	4	1	1	0	0	28	0	0
31	0	174789	7	13	3	13	0	1	0	0	0	40	0	0
21	0	457162	3	10	0	10	0	0	0	0	0	17	0	0
46	0	176026	7	13	3	8	2	1	0	27828	0	50	0	1
73	0	88594	1	9	3	8	2	1	1	0	0	35	0	0
41	0	311101	1	9	3	6	2	1	0	0	0	40	0	0
20	0	273989	1	9	0	12	0	1	0	0	0	40	0	0
27	0	370242	2	12	0	4	2	1	0	0	0	30	0	0
24	0	194630	7	13	0	5	2	1	0	0	0	35	0	0
20	0	313817	3	10	1	6	1	1	0	0	0	40	0	0
39	0	195843	11	11	0	0	0	1	0	0	0	40	0	0
27	0	203160	7	13	0	13	2	1	0	0	0	28	0	0
33	0	175856	0	7	1	10	1	1	0	0	0	60	0	0
33	0	75435	1	9	1	13	1	4	0	0	0	40	0	0
36	5	291676	12	5	1	6	1	0	0	0	0	40	0	0
55	0	192869	3	10	1	8	1	1	0	0	0	36	0	0
19	0	124464	3	10	0	0	0	1	0	0	0	40	0	0
35	0	98776	1	9	0	8	2	1	0	0	0	60	0	0
34	0	107960	10	3	0	0	5	2	0	0	0	40	20	0
62	5	312286	5	15	3	5	2	1	1	0	0	35	0	0
33	3	48520	3	10	1	6	1	1	0	0	0	40	0	1
39	0	224541	12	5	1	6	1	1	0	4386	0	55	4	0
36	1	237713	3	10	1	9	1	1	0	0	0	40	0	0
41	0	309990	7	13	3	7	3	1	1	0	0	33	0	0
39	3	37019	1	9	1	6	1	1	0	0	0	60	0	0
38	2	48976	1	9	1	3	4	1	1	0	1887	10	0	1
18	0	170183	1	9	0	7	0	1	1	0	0	10	0	0
61	0	142988	3	10	1	8	1	1	0	15024	0	45	0	1
20	4	163205	11	11	0	7	0	1	1	0	0	36	0	0
35	3	455379	1	9	1	12	1	1	0	0	0	65	0	1
27	0	104423	1	9	0	0	0	1	0	0	0	40	0	0
66	0	104936	4	6	2	4	3	1	1	0	0	38	0	0
21	0	542610	1	9	0	12	5	0	0	0	0	40	0	0
20	0	208117	3	10	0	4	0	1	1	0	0	18	0	0
34	0	105141	3	10	3	7	0	1	0	0	0	40	0	0
63	0	156120	10	3	0	11	2	1	1	0	0	50	1	0
20	2	38455	1	9	0	3	3	1	0	0	0	40	0	0
31	0	213339	1	9	4	9	2	1	1	0	0	40	0	0
41	0	177989	9	16	1	5	1	1	0	0	2051	60	0	0
64	5	107732	14	2	1	1	1	3	0	0	0	45	15	0
32	0	312403	7	13	0	8	2	1	1	0	0	40	0	0
30	1	176992	1	9	1	12	1	1	0	0	0	50	0	1
36	3	84294	7	13	1	1	1	1	0	0	0	72	0	0
22	0	143062	3	10	0	1	0	1	0	0	0	12	0	0
53	1	139671	3	10	1	8	1	1	0	0	0	50	0	0
50	0	116814	1	9	2	7	2	4	1	0	0	40	0	0
36	0	37778	7	13	1	8	1	1	0	0	0	40	0	0
41	6	240900	0	7	1	8	1	1	0	0	0	40	0	0
55	0	202652	7	13	0	8	2	1	1	0	0	35	0	0
38	0	52187	7	13	1	10	1	1	0	15024	0	50	0	1
28	0	349751	7	13	0	8	2	0	0	2174	0	50	0	0
24	1	238384	7	13	0	5	0	1	1	0	0	37	0	0
60	0	209844	3	10	3	7	5	1	1	0	0	40	0	0
54	0	333301	4	6	1	4	1	0	0	0	0	40	0	0
27	6	214974	1	9	1	6	1	1	0	0	0	60	0	0
30	0	113453	8	14	1	5	4	1	1	0	0	30	0	0
54	0	162238	1	9	2	12	2	1	0	0	0	45	0	0
44	0	98779	3	10	1	6	1	1	0	5178	0	40	0	1
52	0	165001	1	9	1	12	1	1	0	0	0	60	0	1
18	0	78528	0	7	0	4	0	1	0	0	0	20	0	0
55	0	353881	6	4	1	12	1	1	0	0	0	50	0	0
35	0	251396	7	13	1	5	1	1	0	0	0	50	0	1
37	0	178100	7	13	3	8	2	1	1	0	0	40	0	1
22	0	416165	3	10	0	7	0	1	1	0	0	40	0	0
45	0	177536	7	13	1	8	1	1	0	0	0	45	21	1
38	0	203717	7	13	1	1	1	1	0	0	0	60	0	0
48	0	107231	7	13	1	5	1	1	0	0	0	40	0	0
35	0	106448	11	11	1	4	1	1	0	0	0	40	0	0
21	0	196816	11	11	1	6	5	1	0	0	0	50	0	0
37	3	191342	1	9	1	6	1	2	0	0	0	60	8	1
18	0	170194	0	7	0	10	0	1	0	0	0	25	0	0
26	0	113587	4	6	3	0	0	1	0	0	0	35	0	0
48	6	72425	7	13	1	6	1	1	0	0	0	50	0	0
51	0	217480	3	10	4	7	2	0	0	8614	0	40	0	1
52	0	120914	3	10	1	6	1	1	0	0	0	40	0	0
32	5	33945	7	13	1	1	1	1	0	0	0	40	0	1
39	3	199753	7	13	1	4	1	1	0	0	0	60	0	0
51	0	144284	7	13	1	5	1	1	0	0	0	40	0	1
54	0	53833	7	13	1	10	1	1	0	0	0	50	0	0
21	0	151158	3	10	0	5	2	1	1	0	0	25	0	0
43	0	125577	1	9	4	7	3	0	1	0	0	40	0	0
32	0	242323	3	10	0	7	0	1	1	0	0	40	0	0
31	5	195181	8	14	1	5	1	1	0	0	0	35	0	1
73	2	145748	1	9	1	3	1	1	0	0	0	8	0	0
26	0	341672	3	10	0	7	5	2	0	0	0	60	17	0
35	0	116369	1	9	0	6	2	1	0	0	0	40	0	0
73	0	113446	10	3	1	8	1	1	0	0	0	54	0	1
25	3	121285	7	13	0	10	2	1	1	0	0	40	0	0
58	3	25124	11	11	1	1	1	1	0	0	2377	65	0	0
32	0	182274	1	9	4	4	0	1	1	0	0	37	0	0
28	0	103548	7	13	1	5	1	1	0	0	0	40	0	0
41	3	38434	8	14	0	10	2	1	1	0	0	30	0	0
53	3	317313	1	9	1	6	1	1	0	0	0	48	0	0
49	0	177543	1	9	4	7	3	1	1	0	0	35	0	0
55	0	139834	7	13	1	5	1	1	0	0	0	40	0	1
29	0	118478	3	10	1	7	4	1	1	7298	0	50	0	1
28	3	147951	11	11	1	1	1	1	0	0	0	80	0	0
44	0	201734	1	9	1	6	1	1	0	0	0	45	0	0
41	0	198196	8	14	1	8	1	1	0	0	0	45	0	1
26	0	141876	11	11	1	10	1	1	0	3103	0	45	0	1
23	0	325179	1	9	1	10	1	1	0	0	0	40	0	1
37	3	143774	7	13	1	5	4	1	1	0	0	40	7	1
23	0	152328	7	13	0	5	0	1	0	13550	0	50	0	1
33	0	479600	3	10	0	4	3	0	1	0	0	40	0	0
44	0	180599	1	9	0	6	0	1	0	0	0	40	0	1
21	0	448026	3	10	0	2	0	1	0	2907	0	30	0	0
36	0	300333	0	7	1	8	1	1	0	0	0	40	22	0
44	1	184105	7	13	1	7	1	1	0	5013	0	40	0	0
23	0	202084	1	9	0	4	3	0	1	0	0	40	0	0
26	0	29515	1	9	3	8	0	1	0	0	0	40	0	0
32	0	247328	10	3	0	4	2	1	0	0	0	40	4	0
31	0	188246	3	10	1	13	1	1	0	0	0	40	0	1
50	1	105788	1	9	4	8	3	0	1	6497	0	35	0	0
18	6	352640	3	10	0	7	0	1	1	0	0	20	0	0
49	0	132576	7	13	1	8	1	1	0	0	0	50	0	1
59	0	128829	1	9	3	4	2	1	1	0	0	40	0	0
38	0	93140	1	9	4	0	3	0	1	0	0	28	0	0
50	6	155965	3	10	1	10	1	1	0	0	0	55	0	0
51	6	335902	3	10	1	6	1	1	0	0	1672	55	0	0
22	0	158522	3	10	0	0	0	2	0	0	0	35	0	0
54	0	174806	1	9	1	0	4	1	1	0	0	40	0	1
37	0	32207	1	9	0	12	2	1	0	0	0	40	0	0
31	0	43607	7	13	2	7	3	1	0	0	0	60	0	0
67	5	168224	7	13	1	8	1	1	0	0	0	40	0	0
43	2	180318	0	7	4	3	5	1	0	0	0	40	0	0
21	0	311376	3	10	0	8	5	1	1	0	0	40	0	0
30	0	101562	1	9	0	7	2	1	1	0	0	40	0	0
32	1	267859	3	10	1	2	1	1	0	0	0	50	22	0
36	0	86143	11	11	0	6	0	2	0	0	0	40	0	0
33	1	217304	7	13	0	7	2	0	0	0	0	40	0	0
37	0	410034	1	9	1	6	1	1	0	0	0	56	0	0
29	0	293073	5	15	1	5	1	1	0	7298	0	48	0	1
18	2	39493	3	10	0	3	0	1	0	0	0	30	0	0
26	0	247425	3	10	0	10	2	0	0	0	0	40	10	0
51	0	128338	6	4	1	5	1	1	0	0	0	40	0	0
39	0	189344	1	9	1	0	1	1	0	0	0	40	4	0
18	0	366154	1	9	0	4	2	1	0	0	0	30	0	0
52	0	163051	13	8	1	0	1	1	0	0	1628	40	0	0
31	0	437200	3	10	1	1	1	1	0	0	0	40	4	0
45	0	323798	7	13	1	8	1	1	0	7298	0	53	0	1
38	0	182570	3	10	1	0	1	1	0	0	0	38	0	0
21	0	200318	2	12	0	10	2	1	1	0	0	35	0	0
33	0	48520	1	9	4	13	2	1	0	0	0	40	0	0
39	0	130007	3	10	3	6	3	1	0	0	0	40	0	0
31	0	166248	1	9	1	0	1	1	0	0	0	40	0	0
43	0	203554	7	13	1	8	1	1	0	0	1902	50	0	1
64	2	192715	7	13	1	3	1	1	0	0	1672	10	0	0
33	6	291333	7	13	1	8	1	1	0	7298	0	45	0	1
49	3	39140	1	9	1	1	1	1	0	0	0	60	0	0
41	0	266439	1	9	1	0	1	1	0	0	0	40	0	0
55	3	126840	3	10	3	0	2	1	0	0	0	40	0	0
52	0	166419	3	10	3	7	2	0	1	0	0	37	0	0
42	0	287129	7	13	3	5	2	0	0	0	0	40	0	0
24	0	206827	3	10	0	7	0	1	1	0	0	30	0	0
42	0	173888	1	9	5	7	2	1	0	0	0	52	0	0
41	5	253250	7	13	1	8	1	1	0	7298	0	40	0	1
35	0	337239	1	9	1	0	1	1	0	0	0	40	4	0
71	2	113445	10	3	1	3	1	1	0	0	0	10	0	0
54	4	201127	8	14	3	8	2	1	0	0	0	42	0	1
24	0	403107	10	3	0	13	5	1	0	0	0	40	4	0
59	2	179078	1	9	2	3	3	0	1	0	0	40	0	0
30	2	126402	0	7	0	3	3	0	1	0	0	40	0	0
57	4	223892	7	13	1	8	4	1	1	0	0	40	0	1
58	5	191318	8	14	1	8	1	1	0	15024	0	40	0	1
32	0	394708	1	9	0	4	3	0	0	0	0	40	0	0
22	0	119474	1	9	0	10	0	1	1	1055	0	25	0	0
20	0	419984	1	9	3	4	3	1	1	0	0	25	0	0
60	2	164730	7	13	1	3	1	1	0	0	0	40	0	0
51	0	190678	1	9	3	5	3	0	1	0	0	40	1	0
26	1	197897	1	9	0	7	0	0	1	0	0	20	21	0
33	0	286675	0	7	1	6	1	1	0	0	0	40	0	0
19	0	191986	4	6	0	10	3	1	1	0	0	40	0	0
50	3	90525	1	9	1	4	4	1	1	15024	0	20	0	1
32	0	56150	1	9	1	10	1	1	0	0	0	40	0	0
51	1	248327	7	13	1	12	1	0	0	0	0	40	0	1
18	0	90860	3	10	0	10	0	2	1	0	0	20	0	0
35	4	104858	8	14	1	8	1	1	0	0	0	50	0	1
22	2	228686	3	10	3	3	0	1	0	0	1602	25	0	0
46	0	196707	1	9	3	6	2	1	0	0	0	55	0	0
37	0	29430	1	9	3	10	3	1	0	0	0	45	0	0
45	0	54038	3	10	1	7	4	1	1	0	1902	20	0	1
63	0	281025	12	5	1	13	1	1	0	0	0	32	0	0
53	0	258832	1	9	0	4	5	2	0	0	0	10	8	0
24	0	131220	1	9	0	7	0	0	1	0	0	40	0	0
65	2	190454	0	7	1	3	1	1	0	0	0	29	0	0
43	0	315971	2	12	0	5	2	1	1	0	0	32	1	1
47	0	265097	1	9	1	0	1	1	0	0	0	40	0	0
41	0	185057	1	9	0	8	3	1	1	0	0	40	0	0
27	0	169557	1	9	3	0	2	1	0	6849	0	40	0	0
35	6	333636	1	9	1	8	1	0	0	0	0	75	0	0
19	0	181652	3	10	0	7	0	1	1	0	0	24	0	0
47	0	34307	3	10	4	4	2	1	1	0	0	35	0	0
25	4	198813	7	13	0	7	3	0	1	0	1590	40	0	0
59	1	240030	5	15	1	8	1	1	0	0	0	40	0	1
28	0	226089	4	6	0	0	3	1	1	0	0	40	0	0
17	0	190941	4	6	0	10	0	1	1	0	0	20	0	0
21	0	160261	3	10	0	8	0	2	0	2463	0	50	21	0
31	0	208458	1	9	3	10	3	3	1	0	0	40	4	0
49	0	112761	1	9	3	13	2	1	1	0	0	40	0	0
48	1	67716	8	14	1	5	1	1	0	7688	0	50	0	1
60	3	121076	9	16	3	10	2	1	0	0	0	20	0	0
33	3	182556	13	8	0	12	2	1	0	0	0	40	0	0
40	0	231348	1	9	1	6	1	1	0	0	0	40	0	0
42	0	55395	3	10	1	6	1	1	0	0	0	52	0	0
34	0	344073	1	9	1	12	1	1	0	5013	0	40	0	0
38	4	318912	11	11	3	7	0	0	0	0	0	52	0	0
58	3	237546	3	10	1	8	1	1	0	0	0	70	0	1
20	0	346341	3	10	0	7	2	1	1	0	0	40	1	0
52	0	305090	3	10	4	10	5	1	1	0	0	55	0	0
22	1	198478	3	10	1	2	1	1	0	0	0	40	0	0
24	0	321435	7	13	1	1	1	1	0	0	0	35	0	1
39	0	259716	1	9	3	0	3	1	1	0	0	40	4	0
41	0	191547	8	14	1	8	1	1	0	99999	0	55	0	1
37	2	171482	3	10	1	3	1	1	0	0	0	30	0	0
56	0	225927	12	5	1	6	1	1	0	2580	0	40	0	0
21	0	256504	1	9	0	4	2	1	1	0	0	40	0	0
29	0	168526	1	9	3	10	3	1	1	0	0	25	0	0
45	0	44489	11	11	3	4	2	1	0	0	0	10	0	0
44	1	159449	3	10	1	2	1	1	0	0	0	80	0	1
54	0	387540	8	14	1	5	1	1	0	0	0	45	0	1
24	0	314819	3	10	0	6	2	1	0	2174	0	40	0	0
40	0	34722	7	13	1	8	1	1	0	0	0	50	0	0
43	5	125831	7	13	0	5	0	1	0	99999	0	60	0	1
20	2	239805	3	10	0	3	2	1	0	0	0	16	0	0
41	3	264663	0	7	3	4	2	1	1	0	0	40	0	0
32	0	294121	11	11	3	7	2	1	1	0	0	40	0	0
31	0	83912	7	13	1	7	4	1	1	0	0	25	4	0
26	0	241626	1	9	3	7	2	1	0	0	0	40	0	0
50	5	137815	7	13	1	6	1	1	0	0	0	40	0	1
62	6	153891	11	11	1	8	1	1	0	3137	0	40	0	0
24	0	83774	1	9	1	4	1	1	0	2885	0	45	0	0
58	0	199067	7	13	3	8	2	1	0	0	0	65	0	1
44	6	57233	3	10	1	6	1	1	0	0	0	40	0	1
44	0	211517	13	8	3	4	2	1	0	0	0	40	0	0
37	6	132879	3	10	1	12	1	1	0	0	0	50	0	1
65	3	72776	6	4	0	1	2	1	0	2964	0	40	0	0
33	0	54318	1	9	1	6	1	1	0	0	0	40	0	1
34	2	143582	1	9	5	3	2	2	1	0	0	37	23	0
56	3	174564	8	14	1	5	1	1	0	0	0	60	0	1
35	0	179579	8	14	1	8	1	1	0	0	1977	48	0	1
33	0	187618	7	13	0	5	0	1	0	0	1741	40	0	0
35	0	186819	7	13	1	9	1	1	0	0	0	48	0	0
47	3	60087	3	10	5	8	2	1	1	0	0	60	0	0
35	3	28987	12	5	1	6	1	4	0	0	0	96	0	0
56	0	187355	3	10	3	10	3	1	1	0	0	40	0	0
29	6	218555	8	14	0	5	0	1	0	0	0	40	0	0
53	6	94214	5	15	1	5	1	2	0	7298	0	50	9	1
42	0	204729	11	11	4	10	3	0	1	0	0	25	0	0
20	2	281668	3	10	0	3	5	0	1	0	0	40	0	0
24	0	236696	7	13	0	9	2	1	0	0	0	50	23	0
33	0	179747	1	9	1	0	1	1	0	0	0	40	0	0
42	0	187322	4	6	1	10	1	1	0	0	0	45	0	0
38	5	116975	3	10	1	2	1	1	0	0	1887	50	0	1
32	0	205950	1	9	0	0	0	1	0	0	0	40	0	0
20	3	190968	6	4	0	6	0	1	0	0	0	20	0	0
32	0	160458	1	9	1	6	1	1	0	0	0	50	0	0
28	1	190911	3	10	1	2	1	1	0	0	0	40	0	1
51	0	85382	1	9	1	6	1	1	0	0	0	55	0	1
41	1	129793	1	9	0	4	0	1	0	0	0	30	0	0
37	1	270181	2	12	5	4	3	0	1	0	0	50	0	0
23	0	243723	1	9	1	4	4	1	1	0	0	40	0	0
40	0	168113	1	9	1	6	1	1	0	0	0	40	0	0
47	0	652784	4	6	1	0	1	1	0	0	0	40	0	0
46	3	315984	1	9	1	8	1	1	0	0	0	50	0	0
24	0	311311	7	13	0	10	2	1	0	0	0	40	0	0
40	0	111336	1	9	3	0	3	0	1	0	0	28	0	0
30	3	100252	1	9	1	0	0	2	0	0	0	60	14	0
41	5	186990	5	15	2	5	2	3	1	0	0	52	0	1
37	5	241633	7	13	1	7	4	0	1	0	0	45	0	1
49	4	252616	1	9	1	12	1	2	0	0	0	40	8	0
41	4	46366	7	13	1	8	4	0	1	0	0	50	0	1
52	1	266138	11	11	1	8	1	1	0	0	0	35	0	0
23	0	32732	3	10	0	10	2	1	0	0	0	50	0	0
34	0	361978	1	9	3	6	3	0	1	1471	0	40	0	0
25	5	77661	7	13	0	8	2	1	1	0	2444	40	0	1
44	6	60087	1	9	1	6	1	1	0	0	0	45	0	1
31	1	197550	1	9	3	5	3	1	0	0	0	33	0	0
53	0	170701	7	13	3	7	3	1	1	0	0	40	0	0
62	0	159822	1	9	1	8	1	1	0	0	0	50	0	0
35	0	211494	7	13	0	8	2	1	0	0	1876	55	0	0
30	4	340899	7	13	0	5	2	1	0	0	0	40	0	0
48	5	224752	1	9	1	7	4	1	1	0	0	40	0	1
36	0	102568	7	13	0	5	2	1	1	0	0	40	0	1
32	0	220690	0	7	3	4	2	1	0	0	0	33	0	0
22	0	303170	3	10	0	11	0	1	1	0	0	28	0	0
17	2	143331	0	7	0	3	0	1	0	0	0	40	0	0
19	0	192162	1	9	0	5	2	1	1	0	0	40	0	0
26	0	201635	1	9	0	7	2	1	1	0	0	40	0	0
20	2	55263	3	10	0	3	0	1	0	0	0	40	0	0
56	5	133728	3	10	1	8	1	1	0	0	0	35	0	1
45	0	347025	6	4	2	4	3	1	1	0	0	21	0	0
23	0	110998	3	10	0	7	0	2	1	0	0	40	8	0
31	0	122347	1	9	4	13	2	1	0	0	0	40	0	0
30	0	127875	0	7	0	10	3	1	1	0	0	8	0	0
42	0	167534	1	9	1	13	1	1	0	5013	0	35	0	0
27	5	152560	5	15	1	5	1	1	0	0	0	60	0	0
37	0	265144	7	13	1	8	1	1	0	0	0	50	0	1
31	0	302679	1	9	0	0	2	1	0	0	0	60	0	0
33	0	290763	7	13	4	5	2	1	1	0	0	40	0	0
64	0	86837	15	1	1	13	1	2	0	0	0	40	8	0
32	0	147118	1	9	3	4	2	1	1	0	0	40	0	0
62	2	103575	1	9	1	3	1	1	0	5178	0	40	0	1
37	0	169469	3	10	1	6	1	1	0	0	0	40	0	0
25	0	189334	0	7	1	12	1	1	0	0	0	40	0	0
49	0	139571	1	9	1	7	1	1	0	4064	0	40	0	0
36	0	111545	7	13	1	5	1	1	0	0	1902	40	0	1
67	0	72776	3	10	1	13	1	1	0	10566	0	15	0	0
54	0	307973	1	9	1	13	1	1	0	0	0	40	0	1
45	1	211666	9	16	0	5	2	1	1	0	0	40	0	1
30	0	143766	3	10	0	6	2	1	0	0	0	40	0	0
39	5	112812	1	9	1	2	5	1	1	0	0	40	0	0
57	0	43290	4	6	3	4	2	4	1	0	0	20	0	0
57	0	111385	4	6	0	4	2	1	0	0	0	40	0	0
23	3	145744	1	9	1	1	1	1	0	0	0	40	0	0
49	1	126754	1	9	1	4	5	1	0	0	0	40	24	0
46	5	54260	7	13	1	5	1	1	0	0	0	10	0	1
41	5	34895	7	13	0	9	2	1	1	0	0	43	0	0
44	0	166740	11	11	1	9	1	1	0	0	0	45	0	0
25	0	143062	7	13	0	4	0	1	1	2463	0	30	0	0
34	1	191957	7	13	1	6	1	0	0	0	0	45	0	1
24	0	109456	7	13	0	10	0	1	0	0	0	25	0	0
32	0	198183	7	13	0	8	2	1	1	0	0	45	0	0
27	1	157449	1	9	1	9	1	1	0	0	0	50	0	1
67	0	53874	13	8	1	0	1	0	0	0	0	40	22	0
36	0	191754	1	9	1	6	1	1	0	0	0	40	0	0
40	0	320071	3	10	3	8	2	1	0	0	1408	48	0	0
24	0	164574	1	9	1	12	1	1	0	0	0	40	0	0
46	0	185870	7	13	1	10	1	1	0	0	1902	40	0	1
44	5	165745	1	9	3	7	3	1	1	0	0	38	0	0
23	3	40323	3	10	1	6	1	1	0	0	0	40	0	1
46	0	199378	5	15	0	5	2	1	0	0	0	90	0	0
31	0	289889	11	11	0	9	2	1	0	0	0	40	0	0
21	1	152200	3	10	1	2	0	0	0	0	0	40	0	0
61	0	198231	1	9	1	6	1	1	0	0	0	40	0	1
71	3	28865	1	9	1	1	1	1	0	0	0	15	0	0
42	0	26915	7	13	1	8	1	1	0	0	0	40	0	1
27	2	108926	3	10	1	3	1	0	0	0	0	5	0	0
21	5	204034	3	10	0	4	2	1	1	0	0	16	0	0
21	0	243368	15	1	0	1	2	1	0	0	0	25	4	0
28	1	191088	7	13	3	5	2	1	1	2354	0	60	0	0
27	1	194515	2	12	0	5	0	0	1	0	0	37	0	0
32	0	28984	3	10	0	4	2	1	1	0	2001	25	0	0
47	0	125892	1	9	3	13	2	1	0	0	0	40	0	0
22	0	37932	2	12	0	8	2	1	0	0	0	35	21	0
56	0	249751	1	9	1	9	1	1	0	0	0	40	0	0
20	0	191948	1	9	1	4	5	1	1	0	0	40	0	0
30	0	97306	3	10	0	10	2	1	1	0	0	40	0	0
22	0	176178	3	10	0	4	0	1	1	0	0	25	0	0
28	0	142764	11	11	1	6	1	1	0	7688	0	45	0	1
50	0	148431	8	14	1	8	1	1	0	0	0	55	0	1
66	5	148380	1	9	1	0	4	1	1	1424	0	10	0	0
38	0	314890	3	10	0	4	2	1	0	0	0	46	0	0
62	0	177493	13	8	1	8	1	1	0	0	0	30	0	0
36	4	327435	8	14	3	9	2	1	1	0	0	40	0	1
47	0	275967	4	6	1	6	1	1	0	0	0	35	0	0
25	0	176520	1	9	0	9	2	1	0	0	0	40	0	0
26	0	186463	3	10	1	12	1	1	0	0	0	40	0	0
37	0	50380	0	7	1	1	1	1	0	0	0	40	0	0
70	3	323987	6	4	1	6	1	1	0	0	0	8	0	0
52	0	192445	0	7	1	12	1	1	0	0	0	40	0	0
70	0	142851	12	5	1	8	1	1	0	0	0	18	0	0
19	5	42750	1	9	0	2	0	1	0	0	0	40	0	0
23	0	199011	0	7	0	6	0	1	0	0	0	3	0	0
37	0	98644	7	13	1	5	4	1	1	0	0	16	1	1
37	0	173963	0	7	4	10	3	0	1	0	0	40	0	0
45	5	284763	3	10	3	5	3	0	1	0	0	40	0	0
29	0	108775	7	13	1	8	1	1	0	0	0	50	0	1
56	3	233312	7	13	1	8	1	1	0	0	0	20	19	0
50	0	197826	8	14	1	9	1	1	0	0	0	40	0	0
20	0	123007	1	9	0	7	5	1	0	0	2001	30	0	0
26	0	264012	7	13	0	7	2	1	0	0	0	40	0	0
41	6	214247	5	15	1	5	1	1	0	0	2415	60	0	1
21	0	200121	1	9	0	13	0	1	0	0	0	40	0	0
48	3	138069	10	3	1	6	1	1	0	0	2042	50	0	0
22	0	33551	3	10	0	4	2	1	0	0	0	40	0	0
37	5	89083	2	12	1	4	1	1	0	0	0	35	0	0
47	0	369438	3	10	1	6	1	0	0	0	0	30	0	1
61	0	93997	7	13	3	10	3	1	0	0	0	40	0	0
47	1	169699	8	14	1	5	1	1	0	0	0	40	0	1
37	0	115429	1	9	1	6	1	1	0	0	0	25	0	0
46	5	96652	11	11	4	7	3	0	1	0	0	40	0	0
42	3	103759	1	9	1	10	1	1	0	0	0	48	0	0
41	0	54422	1	9	3	7	3	1	1	0	0	40	0	0
33	1	107215	12	5	1	4	1	1	0	0	0	40	0	0
24	0	194630	7	13	0	5	2	1	0	0	0	35	0	0
27	0	102142	2	12	0	9	2	1	0	0	0	40	0	0
40	4	134638	7	13	1	8	1	1	0	0	0	39	0	0
56	0	46920	4	6	1	0	1	1	0	0	0	40	0	0
35	4	207973	9	16	1	5	1	1	0	0	0	55	25	0
24	0	208946	11	11	0	6	2	1	0	0	0	40	0	0
73	3	252431	3	10	1	5	4	1	1	0	0	1	0	0
36	0	251730	3	10	0	10	2	1	0	0	0	50	0	0
31	0	301251	7	13	1	6	1	1	0	0	0	50	0	1
50	2	137632	1	9	1	3	1	0	0	0	0	45	10	0
36	0	197274	1	9	0	13	2	0	0	0	0	40	0	0
37	0	106043	1	9	1	10	1	0	0	0	0	40	0	1
26	0	195636	7	13	0	5	2	1	1	0	0	55	0	0
20	0	237956	1	9	0	2	0	1	0	0	0	40	22	0
58	0	31532	7	13	1	5	1	1	0	0	0	40	0	1
45	5	276157	7	13	1	5	1	1	0	0	0	40	0	1
33	2	207668	7	13	0	3	0	1	0	0	0	40	0	0
31	0	142921	7	13	0	9	2	1	1	0	0	40	0	0
44	0	217039	5	15	1	5	1	1	0	99999	0	60	0	1
19	1	259169	3	10	0	5	0	1	1	0	0	30	0	0
54	0	409173	1	9	1	9	1	0	0	0	0	50	12	1
31	5	73161	8	14	1	5	1	1	0	0	1740	40	0	0
27	0	241431	1	9	1	6	1	1	0	0	0	35	0	0
36	0	151764	3	10	1	10	1	1	0	5178	0	40	0	1
47	4	131726	3	10	3	7	2	1	0	0	1876	40	0	0
35	0	334291	7	13	1	8	1	1	0	0	0	45	0	0
42	0	67243	14	2	1	7	1	1	0	0	0	55	26	1
45	0	370261	7	13	3	8	2	1	1	0	0	40	0	0
70	0	573446	1	9	1	6	1	1	0	1455	0	40	0	0
27	1	189775	13	8	0	4	0	0	1	0	0	44	0	0
36	0	312206	1	9	1	5	1	1	0	0	0	60	0	1
23	0	86939	1	9	5	0	2	1	0	0	0	40	0	0
25	0	221757	7	13	0	8	2	1	0	0	0	50	0	0
45	3	213140	3	10	1	6	1	1	0	7688	0	45	0	1
24	0	308673	1	9	0	13	0	1	0	0	0	30	0	0
90	0	149069	2	12	1	10	1	1	0	0	1825	50	0	1
50	0	69345	1	9	1	0	1	1	0	0	1902	44	0	1
37	0	112158	1	9	1	6	1	1	0	7688	0	99	0	1
31	0	386299	3	10	0	7	2	1	1	0	0	40	0	0
17	0	61838	0	7	0	1	0	1	0	0	0	40	0	0
26	0	290286	3	10	0	7	2	0	0	0	0	38	0	0
41	0	143069	9	16	1	5	1	1	0	0	0	60	0	0
50	6	145714	1	9	1	8	1	1	0	0	0	60	0	1
45	3	285570	1	9	1	12	1	1	0	0	0	80	0	0
54	3	399705	3	10	1	10	1	1	0	0	0	55	0	1
54	0	186224	1	9	1	6	1	1	0	0	0	40	0	0
38	0	172918	1	9	0	0	0	1	0	0	0	40	0	0
22	0	198270	1	9	1	10	5	1	1	0	0	38	0	0
43	0	307767	1	9	1	0	1	1	0	0	0	40	0	0
19	2	208630	1	9	0	3	0	1	1	0	0	30	0	0
30	0	169002	7	13	1	9	1	1	0	0	0	40	0	1
31	2	186369	12	5	3	3	3	1	1	0	0	40	0	0
42	0	99203	1	9	4	6	2	1	0	3325	0	40	0	0
48	0	197836	3	10	1	0	1	1	0	0	0	40	0	1
56	0	140136	3	10	1	12	1	0	0	0	0	35	0	1
21	1	402230	3	10	0	7	3	1	0	0	0	36	0	0
45	0	167159	7	13	1	6	1	1	0	0	0	40	0	0
37	0	116409	5	15	1	8	1	1	0	0	0	40	0	1
38	1	105161	7	13	1	5	1	1	0	0	0	30	0	0
34	0	263908	3	10	1	10	1	1	0	0	0	50	0	0
29	0	189565	1	9	3	2	0	1	0	0	0	40	0	0
24	0	224059	1	9	1	0	1	1	0	0	0	40	0	0
79	2	27457	8	14	0	3	2	1	1	0	0	23	0	0
35	0	240988	2	12	0	0	2	1	0	0	0	55	0	0
39	3	41017	4	6	1	12	1	1	0	0	0	70	0	0
73	3	214498	6	4	1	1	1	1	0	0	0	12	0	0
57	0	186361	11	11	0	4	0	1	1	0	0	40	0	0
35	6	165799	7	13	1	10	1	1	0	0	0	50	0	0
60	0	266983	1	9	1	13	1	1	0	0	0	32	0	0
19	2	165416	3	10	0	3	0	0	1	0	0	40	0	0
54	0	226497	1	9	1	0	1	1	0	0	0	40	0	0
53	3	99516	7	13	1	6	1	1	0	0	0	40	0	0
23	0	177287	3	10	0	8	5	1	1	0	0	40	0	0
57	3	27385	3	10	1	8	1	1	0	0	0	48	0	1
27	3	147452	4	6	0	10	0	1	1	0	0	48	0	0
25	0	144334	1	9	0	8	0	0	0	0	0	40	0	0
38	0	217926	1	9	1	6	1	0	0	0	0	40	0	0
48	0	153312	3	10	1	10	1	0	0	0	0	60	0	1
24	0	126822	1	9	0	7	3	1	1	0	0	45	0	0
67	6	51415	3	10	1	10	1	1	0	0	0	40	0	0
20	0	171886	1	9	0	4	0	0	0	0	0	35	0	0
38	0	216319	9	16	1	5	1	2	0	0	0	40	27	1
54	0	279337	6	4	1	6	1	1	0	0	0	40	0	0
20	3	115085	3	10	0	1	0	1	0	0	0	40	0	0
57	0	453233	4	6	4	8	2	1	0	0	0	55	0	0
34	4	400943	7	13	0	8	2	1	0	0	0	44	0	0
34	0	226883	1	9	4	6	3	1	0	0	0	49	0	0
80	0	138050	1	9	5	0	2	1	1	0	0	16	0	0
40	0	204585	1	9	1	0	4	1	1	0	0	40	0	0
19	1	220558	0	7	0	13	5	1	0	0	0	35	0	0
35	0	198841	3	10	1	2	1	1	0	0	0	56	0	0
21	0	67244	1	9	0	10	3	1	1	0	0	40	0	0
59	1	75785	0	7	1	4	1	1	0	0	0	40	0	0
53	0	85423	3	10	1	12	1	1	0	0	0	40	0	1
41	3	134724	11	11	1	4	4	1	1	3103	0	40	0	1
59	0	109567	1	9	1	12	1	1	0	0	0	55	0	0
21	2	132053	3	10	0	3	0	1	1	0	0	35	0	0
52	0	157413	14	2	3	1	2	0	0	0	0	40	0	0
48	0	238567	10	3	1	13	1	1	0	0	0	40	4	0
24	0	153133	13	8	0	0	0	0	0	0	0	40	0	0
49	0	186256	5	15	1	10	1	1	0	0	0	40	0	1
19	0	260265	1	9	0	7	0	1	0	0	0	50	0	0
50	0	131819	1	9	3	4	2	1	1	0	0	40	0	0
39	0	141584	2	12	1	6	1	1	0	0	0	60	0	1
25	0	245121	1	9	1	4	4	0	1	0	0	40	0	0
66	0	22502	6	4	3	4	5	2	1	0	0	40	8	0
30	0	23778	3	10	0	8	2	1	0	4416	0	40	0	0
49	0	380922	8	14	1	8	1	1	0	15024	0	80	0	1
40	3	173651	3	10	1	6	1	1	0	0	0	45	0	0
38	0	191137	4	6	1	4	1	1	0	0	0	40	0	0
25	0	217006	0	7	1	6	1	1	0	0	0	40	0	0
51	5	22211	1	9	3	8	2	1	0	0	0	37	0	1
23	1	57711	7	13	0	7	0	1	1	0	0	40	7	0
60	3	123190	12	5	1	8	1	1	0	0	1887	67	0	1
44	0	110028	1	9	3	10	2	1	0	27828	0	60	0	1
53	3	174102	5	15	3	5	3	1	0	25236	0	60	0	1
66	3	183249	7	13	1	5	1	1	0	0	0	20	0	1
18	2	240183	1	9	0	3	0	1	1	0	0	45	0	0
44	1	49665	11	11	3	0	3	4	0	0	0	40	0	0
38	0	210438	1	9	1	0	1	0	0	0	0	40	0	1
30	0	53373	7	13	1	7	1	1	0	0	0	40	0	1
36	0	295706	1	9	0	0	2	1	0	3674	0	42	0	0
38	1	273457	3	10	1	7	1	1	0	0	0	40	0	1
31	4	165949	7	13	0	8	2	1	1	0	0	45	0	0
26	0	142152	0	7	0	12	2	1	1	0	0	35	0	0
23	0	189203	3	10	0	4	2	1	0	0	0	25	0	0
58	5	179089	7	13	1	7	4	1	1	0	0	40	0	0
44	3	53956	7	13	1	8	1	1	0	3137	0	40	0	0
59	6	77816	5	15	1	5	1	1	0	99999	0	40	0	1
36	1	74593	3	10	1	8	1	1	0	0	0	40	0	0
42	0	196158	3	10	3	4	2	1	1	8614	0	52	0	1
17	0	28544	0	7	0	10	2	1	1	0	0	20	0	0
59	1	662460	4	6	2	5	3	1	1	0	0	15	0	0
22	0	152328	3	10	0	1	2	1	0	0	0	40	0	0
40	0	120277	7	13	1	10	1	1	0	0	0	45	0	0
36	0	180278	7	13	0	5	2	0	0	0	0	40	0	0
19	2	426589	1	9	0	3	0	1	1	0	0	15	0	0
49	0	111558	1	9	1	7	4	1	1	0	1977	25	0	1
18	2	243203	3	10	0	3	0	1	0	0	0	40	12	0
38	3	195686	1	9	4	8	3	1	0	0	0	25	0	0
48	0	226696	1	9	1	6	1	0	0	0	0	40	0	0
53	2	118058	1	9	1	3	1	1	0	0	0	40	0	1
33	0	172237	2	12	1	10	1	1	0	0	0	46	0	0
34	3	114074	11	11	2	8	3	1	1	0	0	40	0	0
41	4	171589	8	14	1	5	1	1	0	0	0	50	1	1
20	2	184271	2	12	0	3	0	1	1	594	0	20	0	0
58	1	218724	1	9	2	4	2	1	0	0	0	40	0	0
52	0	134190	4	6	3	12	3	1	0	0	0	40	0	0
45	1	181964	3	10	1	5	1	1	0	0	1887	47	0	1
37	0	385330	6	4	4	4	3	0	0	0	0	40	0	0
48	0	242406	1	9	1	0	1	1	0	0	0	40	5	0
40	4	107584	7	13	1	6	1	1	0	0	0	40	0	1
29	0	127892	7	13	1	10	1	1	0	0	0	45	0	0
33	0	160261	11	11	1	9	1	2	0	0	0	10	0	0
51	2	285200	1	9	1	3	1	1	0	2105	0	24	0	0
48	0	153254	1	9	1	9	1	0	0	0	0	48	0	0
36	3	294672	7	13	1	8	4	1	1	0	0	40	0	0
31	0	145924	3	10	3	0	3	1	1	0	0	35	0	0
41	3	280005	3	10	1	6	1	1	0	0	0	50	0	0
29	4	66893	7	13	0	5	2	1	0	0	0	40	0	0
20	0	47039	3	10	0	6	0	1	0	0	0	40	0	0
53	4	36186	7	13	1	8	1	1	0	7298	0	40	0	1
37	0	159383	1	9	3	10	3	1	1	0	0	40	0	0
28	0	192010	7	13	1	4	4	1	1	0	0	35	0	0
27	0	216479	7	13	0	10	2	1	1	0	0	40	0	0
57	2	274680	15	1	4	3	2	1	0	0	0	40	0	0
23	0	211345	3	10	0	7	0	1	1	0	0	40	28	0
25	0	203561	11	11	1	9	1	1	0	0	0	56	0	1
63	0	170815	3	10	1	5	1	1	0	0	0	38	0	0
65	3	200565	3	10	1	10	1	1	0	0	0	18	0	0
77	0	89655	1	9	2	7	2	1	1	0	0	40	0	0
32	0	234195	1	9	3	4	2	1	0	0	0	40	0	0
40	0	98466	1	9	1	6	1	1	0	0	0	40	0	1
67	0	191437	1	9	2	7	2	1	1	0	0	40	0	0
35	0	77792	1	9	1	4	4	2	1	0	0	40	1	0
24	1	134181	8	14	0	5	0	1	1	0	0	40	0	0
53	5	195690	9	16	1	5	1	1	0	0	1902	50	0	1
37	6	94869	8	14	3	5	2	0	0	4787	0	40	0	1
44	5	267464	3	10	4	9	0	0	1	0	0	40	0	0
25	2	257006	0	7	3	3	3	1	1	0	0	40	0	0
17	0	81010	0	7	0	10	0	1	1	0	0	20	0	0
47	0	54260	11	11	1	8	1	1	0	0	1887	60	0	1
62	4	171995	4	6	1	13	1	0	0	2829	0	40	0	0
39	0	245665	2	12	3	5	2	1	0	0	0	60	0	0
18	2	35855	0	7	0	3	0	1	0	0	0	30	0	0
32	5	189838	3	10	3	5	5	1	1	0	0	40	0	0
25	0	629900	7	13	1	5	4	0	1	0	0	40	0	1
30	0	84119	1	9	1	8	1	1	0	0	0	65	0	1
47	0	47343	8	14	1	8	1	1	0	0	0	50	0	1
40	0	103614	4	6	3	6	0	1	0	0	0	40	0	0
38	0	303092	1	9	1	8	1	1	0	0	0	40	0	0
41	5	124520	8	14	1	5	1	1	0	0	0	40	0	1
21	0	220857	3	10	0	10	0	1	0	0	0	20	0	0
32	5	247481	2	12	1	5	1	1	0	0	0	48	0	1
54	0	283281	6	4	0	6	2	0	0	0	0	50	0	0
31	0	25610	15	1	0	13	2	4	0	0	0	25	0	0
42	0	13769	11	11	3	5	3	1	0	0	0	40	0	0
23	0	283969	4	6	0	13	0	1	0	0	0	40	4	0
18	0	185522	1	9	0	10	0	1	1	0	0	33	0	0
65	2	173309	6	4	2	3	2	1	1	401	0	12	0	0
37	0	144005	3	10	0	10	2	1	0	0	0	50	0	0
53	5	205949	2	12	3	7	3	4	1	0	0	40	0	0
50	0	158948	1	9	1	5	1	1	0	0	0	84	0	0
64	0	240357	1	9	2	7	2	1	1	0	0	40	0	1
55	0	243929	8	14	1	5	1	1	0	0	0	60	0	0
63	0	201700	7	13	1	10	1	1	0	7298	0	40	0	1
53	0	208402	3	10	3	7	3	3	1	4865	0	45	4	0
18	0	120599	0	7	0	7	3	1	0	0	0	40	0	0
33	0	231826	0	7	1	6	1	1	0	0	0	40	4	0
62	0	499971	0	7	2	13	2	0	1	0	0	40	0	0
56	0	227972	8	14	1	5	1	1	0	15024	0	48	7	1
58	5	299680	8	14	1	7	1	1	0	15024	0	43	0	1
33	0	231822	4	6	4	10	3	1	1	0	0	38	0	0
58	0	185459	1	9	1	12	1	1	0	0	0	45	0	0
44	0	90582	7	13	1	6	1	1	0	0	0	50	0	1
81	0	184615	6	4	2	0	3	1	1	1264	0	40	0	0
28	0	173858	1	9	0	6	5	2	0	0	0	35	27	0
28	0	132326	1	9	0	7	0	1	0	0	0	40	0	0
43	0	315037	7	13	1	6	1	1	0	0	0	45	0	1
51	0	175122	1	9	1	7	4	1	1	0	0	40	0	0
23	0	239577	3	10	0	5	0	1	0	0	0	52	0	0
48	3	96975	1	9	4	4	3	1	1	0	0	45	0	0
45	6	61885	7	13	1	8	1	1	0	15024	0	48	0	1
48	0	185870	4	6	1	12	1	1	0	0	0	70	0	0
37	5	142282	1	9	3	4	2	1	1	0	0	16	0	0
34	0	334744	8	14	1	7	1	1	0	0	0	50	0	1
63	3	201600	3	10	1	10	1	1	0	0	1902	60	0	1
38	0	34378	6	4	1	6	1	1	0	0	0	40	0	0
29	0	180271	1	9	0	9	0	1	0	0	0	40	0	0
33	0	123833	12	5	1	0	1	1	0	0	0	40	0	0
47	0	213304	10	3	4	4	3	1	1	0	0	40	11	0
30	0	296538	12	5	3	1	0	1	0	0	0	30	0	0
35	0	391937	3	10	1	8	1	1	0	0	0	40	0	0
54	6	175339	7	13	1	10	1	1	0	0	2415	40	0	1
26	0	60726	8	14	0	8	2	0	0	6849	0	50	0	0
39	0	191103	1	9	0	6	2	1	0	0	0	54	0	0
34	5	32174	1	9	4	4	2	1	1	0	0	40	0	0
55	0	176219	7	13	1	0	1	2	0	0	0	40	17	0
33	3	294434	11	11	1	1	1	1	0	0	0	76	0	1
17	0	310885	6	4	0	4	0	1	0	0	0	36	4	0
27	0	171133	4	6	0	4	0	1	1	0	0	38	0	0
53	0	162951	12	5	1	13	1	1	0	0	0	41	0	1
43	0	223934	3	10	0	7	2	1	1	0	0	40	0	0
22	0	23940	1	9	0	8	2	2	0	0	0	40	0	0
52	0	88073	7	13	3	9	3	1	1	0	0	50	0	0
60	0	57371	6	4	1	6	1	1	0	0	0	40	0	0
55	3	73684	7	13	1	10	1	1	0	15024	0	65	0	1
39	0	107164	1	9	1	9	1	1	0	0	0	40	0	1
29	0	120126	7	13	1	8	1	1	0	0	1848	40	0	1
41	3	54611	1	9	1	12	1	1	0	7298	0	50	0	1
61	0	131117	1	9	2	12	3	1	1	0	0	40	12	0
71	4	101676	4	6	1	7	1	1	0	0	0	40	0	0
20	0	403965	3	10	0	0	0	1	0	0	0	35	0	0
33	0	177083	7	13	0	5	2	1	1	0	0	40	25	0
52	0	173987	1	9	1	7	1	1	0	0	0	40	0	1
40	0	352080	3	10	1	6	1	0	0	0	0	40	0	1
26	2	102400	1	9	1	3	0	1	0	0	0	40	0	0
31	1	378426	5	15	1	5	1	1	0	0	0	99	15	0
42	0	210857	7	13	1	8	1	1	0	7688	0	50	0	1
63	0	165775	1	9	1	10	1	1	0	0	0	21	0	0
53	0	295896	0	7	1	6	1	1	0	0	0	45	0	0
34	5	238944	4	6	1	6	1	1	0	0	0	40	0	1
48	0	149640	3	10	4	6	3	1	0	1506	0	40	29	0
67	2	106175	7	13	1	3	1	1	0	0	0	20	0	1
49	0	191320	1	9	3	4	2	1	1	0	0	24	0	0
28	1	134771	7	13	0	5	0	1	1	0	0	55	0	0
51	2	295538	3	10	1	3	1	1	0	0	0	40	0	0
44	0	120277	5	15	1	5	1	1	0	99999	0	60	0	1
27	0	82393	1	9	1	12	1	2	0	0	0	40	8	1
49	0	146121	10	3	5	0	3	2	1	0	0	20	13	0
34	0	162544	6	4	0	11	0	1	1	0	0	30	0	0
27	3	216178	7	13	0	6	0	1	0	0	0	35	0	0
38	3	248694	3	10	1	6	1	1	0	0	0	36	0	0
24	0	219140	7	13	0	8	2	1	0	0	0	40	0	0
29	0	360401	3	10	0	13	0	1	0	0	1719	48	0	0
39	0	319962	1	9	3	10	5	1	1	0	0	40	0	0
50	0	115284	8	14	1	6	1	1	0	0	0	40	0	1
42	0	29702	1	9	1	6	1	1	0	0	0	42	0	1
63	2	107085	1	9	2	3	2	1	1	0	0	7	0	0
44	5	204361	8	14	0	8	2	1	1	0	0	40	0	0
58	0	218312	1	9	3	10	2	1	0	0	0	40	0	0
25	0	182332	3	10	0	7	2	1	1	0	0	50	0	0
23	0	127876	3	10	0	4	2	1	1	0	0	35	0	0
20	0	316702	3	10	0	10	0	1	0	0	0	40	0	0
46	3	292549	3	10	1	10	1	1	0	0	0	45	0	0
21	0	203178	1	9	0	10	0	1	1	0	0	35	0	0
63	0	180099	4	6	4	4	3	0	1	0	0	40	0	0
38	0	154541	2	12	1	6	1	1	0	4386	0	40	0	1
27	0	95465	3	10	1	12	1	1	0	0	0	55	0	0
41	0	171839	8	14	1	4	4	1	1	0	0	50	0	1
43	0	115562	7	13	1	8	1	1	0	99999	0	50	0	1
39	5	42478	7	13	3	8	2	1	0	0	0	40	0	0
48	2	117054	10	3	3	3	2	1	0	0	0	99	0	0
56	6	124137	5	15	1	5	1	1	0	99999	0	45	0	1
44	5	107503	9	16	1	5	1	1	0	5013	0	60	0	0
24	0	70261	3	10	0	12	0	1	0	0	0	40	0	0
49	0	367037	2	12	3	7	2	1	1	4650	0	40	0	0
38	0	258339	11	11	1	4	1	1	0	0	0	70	30	0
36	3	269509	1	9	3	10	2	1	0	0	0	35	0	0
27	5	301302	9	16	5	9	2	1	0	0	0	20	1	0
50	0	369367	1	9	3	7	3	1	1	0	0	40	0	0
46	0	224582	3	10	0	0	2	1	1	0	0	52	0	0
41	1	343591	7	13	4	5	3	1	1	0	0	10	0	0
45	2	53540	0	7	3	3	3	0	1	0	0	16	0	0
46	0	153536	13	8	1	6	1	1	0	0	0	40	0	0
65	2	91262	1	9	1	3	1	2	0	0	0	48	0	1
44	0	238574	5	15	1	5	1	1	0	0	0	50	0	1
35	0	247558	3	10	3	9	2	1	0	0	0	50	0	0
44	3	188278	2	12	3	8	3	0	1	0	0	45	0	0
51	0	194995	1	9	1	10	1	1	0	0	0	50	0	0
74	1	168782	6	4	2	4	2	1	1	0	0	35	0	0
32	0	287229	1	9	0	7	2	1	1	0	0	35	0	0
22	0	202153	3	10	0	7	0	1	1	0	0	30	0	0
58	2	230586	4	6	2	3	3	0	1	0	0	40	0	0
47	0	115358	1	9	3	8	3	0	1	0	0	40	0	0
32	0	78283	13	8	0	12	3	2	0	0	0	40	0	0
64	4	168854	3	10	2	8	2	1	1	0	0	25	0	0
44	0	222011	8	14	3	5	3	1	1	0	0	25	0	1
59	0	157749	7	13	2	8	3	1	0	0	3004	40	0	1
34	0	203814	1	9	1	4	4	1	1	0	0	35	0	0
54	0	74660	7	13	3	5	3	1	0	0	0	40	25	1
33	0	292603	3	10	3	4	2	0	1	0	0	30	5	0
44	0	172364	14	2	1	12	4	1	1	3908	0	60	0	0
31	0	305619	3	10	1	7	1	1	0	0	0	40	0	1
30	5	157990	1	9	1	7	1	1	0	0	0	40	0	0
18	0	120243	0	7	0	13	0	1	0	0	0	17	0	0
56	3	296991	5	15	1	5	1	1	0	0	0	55	21	1
24	0	174845	1	9	0	7	2	1	1	0	0	40	0	0
23	0	180475	3	10	0	8	2	1	0	0	0	40	0	0
51	0	152652	0	7	3	0	2	1	0	0	0	40	0	0
24	0	172941	7	13	0	5	3	0	0	0	0	20	0	0
39	4	450770	1	9	0	13	3	0	0	0	0	40	0	0
49	3	166003	1	9	1	4	1	1	0	0	0	40	0	0
22	2	204935	1	9	0	3	0	1	0	0	0	40	0	0
42	5	60949	8	14	0	5	2	1	0	0	0	45	0	0
51	1	181132	8	14	4	5	2	1	0	0	0	39	0	1
20	0	408988	3	10	0	10	0	1	1	594	0	24	0	0
49	0	169515	4	6	0	0	2	0	1	0	0	40	0	0
31	0	250087	5	15	1	5	1	1	0	0	0	50	0	1
41	0	208613	3	10	0	10	2	1	0	0	0	40	0	0
35	0	225172	1	9	1	8	1	1	0	0	0	60	0	1
20	2	125905	3	10	0	3	0	1	0	0	0	30	0	0
35	0	165007	11	11	1	6	1	1	0	4386	0	42	0	1
46	0	165346	8	14	3	8	3	1	1	0	0	8	0	0
35	0	37655	1	9	3	0	3	1	1	0	0	60	0	0
21	0	172047	3	10	0	9	0	1	0	0	0	20	0	0
45	0	178530	13	8	3	6	2	1	0	0	0	40	0	0
37	1	347491	2	12	1	6	1	1	0	0	0	40	0	1
45	6	208049	2	12	3	8	2	1	1	0	1590	40	0	0
18	0	111019	4	6	0	4	0	1	0	0	0	24	0	0
53	3	163826	3	10	1	5	1	1	0	0	0	45	0	1
24	1	117023	7	13	0	5	0	1	1	0	0	40	0	0
35	0	281982	1	9	1	7	1	1	0	0	0	40	0	0
28	0	150025	1	9	1	4	1	1	0	0	0	40	12	0
50	0	176215	1	9	1	10	1	1	0	7688	0	56	0	1
38	0	166062	1	9	3	7	2	1	1	0	0	50	0	0
34	1	28568	1	9	3	6	3	1	0	0	0	40	0	0
53	0	53833	3	10	1	12	1	1	0	0	0	32	0	1
46	0	219967	2	12	1	10	1	1	0	15024	0	45	0	1
50	0	309017	3	10	3	10	3	1	0	0	0	45	0	0
45	0	353083	3	10	4	4	3	1	1	0	0	40	0	0
29	0	257992	11	11	0	10	0	0	0	0	0	23	0	0
41	0	283174	7	13	1	6	1	1	0	99999	0	40	0	1
43	3	185413	7	13	1	8	1	1	0	0	1977	50	0	1
29	0	207513	3	10	1	6	1	1	0	0	0	56	0	0
53	0	56213	3	10	1	8	1	1	0	0	0	45	0	1
24	0	100961	1	9	0	4	2	1	1	0	0	40	0	0
35	0	51700	1	9	1	12	1	1	0	0	0	40	0	0
25	0	199224	3	10	0	13	0	1	0	0	0	30	0	0
43	1	70055	11	11	1	2	1	1	0	0	0	56	0	0
38	0	183683	4	6	5	4	2	1	0	0	0	45	0	0
64	0	45868	6	4	4	11	2	3	1	0	0	35	4	0
37	0	94706	7	13	0	5	0	4	0	27828	0	40	0	1
48	0	322183	1	9	1	13	1	1	0	0	0	35	0	1
27	3	226976	1	9	1	5	1	1	0	0	0	50	0	1
45	0	262678	7	13	1	10	1	1	0	0	0	40	0	0
41	0	135056	8	14	2	5	2	1	1	10520	0	38	0	1
33	2	148380	7	13	1	3	4	1	1	3103	0	60	0	1
42	0	270710	12	5	3	4	3	1	1	0	0	40	0	0
29	0	166220	7	13	0	10	0	1	1	0	0	50	0	0
29	0	229803	1	9	5	12	2	0	0	0	0	49	10	0
71	6	172652	7	13	1	5	1	1	0	0	0	30	0	0
29	4	204796	4	6	4	8	2	1	1	0	0	40	0	0
23	5	186634	7	13	0	7	2	1	0	0	0	16	0	0
28	0	106672	7	13	0	10	0	1	0	0	0	2	0	0
55	0	135339	7	13	1	5	1	2	0	0	0	40	27	1
47	5	287547	7	13	1	5	4	1	1	0	0	40	0	0
21	2	197583	3	10	0	3	0	1	1	0	0	40	0	0
33	0	159737	1	9	4	13	3	0	1	0	0	40	0	0
35	1	252217	13	8	1	1	1	1	0	0	0	40	0	0
42	6	202466	7	13	1	7	4	1	1	0	0	45	0	1
33	0	123031	1	9	5	7	3	4	0	0	0	40	0	0
30	0	226296	8	14	0	8	2	1	0	0	0	40	0	0
37	0	232036	3	10	1	6	1	1	0	0	0	40	0	0
19	2	233779	1	9	0	3	0	1	0	0	0	25	0	0
21	2	152328	3	10	0	3	0	1	0	0	0	40	0	0
46	3	481987	3	10	1	5	1	1	0	0	0	35	0	0
42	0	107563	1	9	1	12	1	1	0	0	0	40	0	1
28	0	184806	8	14	0	8	2	1	0	0	0	58	0	0
36	0	188850	1	9	1	7	1	1	0	0	0	40	0	1
39	0	127573	1	9	0	7	2	1	1	0	0	40	0	0
27	0	72443	1	9	0	9	2	1	0	0	0	40	0	0
57	0	142080	1	9	1	7	4	0	1	0	0	38	0	1
50	0	143353	1	9	3	11	3	0	1	0	0	12	0	0
63	0	172433	3	10	1	8	1	1	0	0	1887	40	0	1
44	0	67874	3	10	3	10	3	1	0	0	625	50	0	0
38	0	415578	4	6	1	6	1	1	0	0	0	40	0	1
30	3	370498	3	10	0	10	2	1	0	0	0	40	0	0
20	0	140513	3	10	0	7	0	0	1	0	0	25	0	0
44	3	193882	5	15	1	5	1	1	0	0	0	50	0	1
24	0	289909	1	9	0	0	2	1	0	0	0	40	0	0
26	0	284078	3	10	0	12	2	1	0	2354	0	40	0	0
42	3	83953	3	10	1	1	1	1	0	0	0	70	0	0
54	0	167380	1	9	1	6	1	1	0	0	0	40	0	1
45	5	112761	3	10	3	7	2	1	1	0	0	45	0	0
37	0	420040	14	2	1	1	1	1	0	0	0	40	4	0
30	4	42900	7	13	0	5	2	1	0	0	0	40	0	0
36	0	32086	3	10	1	6	1	1	0	7298	0	40	0	1
19	0	291181	12	5	0	4	0	1	1	0	0	50	4	0
22	0	71009	2	12	0	7	2	2	1	0	0	40	8	0
65	4	200764	1	9	2	7	2	1	1	0	0	40	0	0
52	2	133336	4	6	3	3	2	1	0	0	0	25	0	0
36	3	166193	1	9	1	10	1	1	0	0	0	30	0	0
22	0	240229	1	9	0	7	0	1	1	0	0	40	0	0
28	0	334032	11	11	1	6	1	1	0	0	0	50	0	0
30	5	184901	7	13	1	8	1	1	0	0	0	40	0	1
47	0	132912	3	10	1	8	1	1	0	0	0	55	0	1
29	0	217290	3	10	0	8	2	1	1	0	0	40	0	0
36	0	184655	1	9	1	0	1	1	0	0	0	40	0	0
30	0	242739	7	13	3	10	0	1	1	0	0	40	0	0
52	0	279344	8	14	1	8	4	1	1	15024	0	60	0	1
62	0	166691	1	9	3	8	3	1	1	0	0	40	0	0
42	0	154374	8	14	1	6	1	1	0	0	0	55	0	1
33	0	31740	1	9	1	12	1	1	0	0	0	40	0	0
17	0	129396	0	7	0	10	5	1	1	0	0	26	0	0
54	0	195015	1	9	0	7	2	1	1	0	0	40	0	0
41	0	187431	1	9	0	0	2	0	0	0	0	40	0	0
45	5	259087	8	14	3	5	2	1	1	0	0	45	0	0
37	5	62428	3	10	0	5	3	0	1	0	0	15	0	0
21	0	77572	1	9	0	13	2	2	1	0	0	34	14	0
29	0	245402	7	13	3	9	2	1	1	0	0	40	0	0
18	5	201117	1	9	0	7	0	1	0	0	0	40	0	0
18	2	36779	0	7	0	3	0	1	1	0	0	20	0	0
62	0	177028	1	9	1	2	1	0	0	0	0	40	0	0
19	0	106306	3	10	0	6	0	1	1	0	0	20	0	0
62	0	101582	6	4	2	0	3	1	1	0	0	35	0	0
58	1	158357	7	13	3	5	2	1	1	0	0	40	0	0
34	0	377850	3	10	1	7	1	1	0	0	0	50	0	0
62	0	207443	0	7	0	0	5	1	0	0	0	50	0	0
23	0	130959	3	10	1	7	1	1	0	0	0	12	0	0
37	0	112497	7	13	5	8	3	1	0	4934	0	50	0	1
42	0	190545	2	12	0	7	2	1	0	0	0	46	0	0
21	0	114292	0	7	0	4	3	1	0	0	0	40	0	0
41	0	75171	7	13	3	8	3	1	1	0	0	40	0	0
27	0	312939	0	7	0	13	0	1	0	0	0	40	0	0
37	0	52870	7	13	1	8	1	1	0	0	0	40	0	0
40	0	174947	1	9	1	0	1	1	0	0	0	45	0	1
62	1	106069	6	4	1	6	1	1	0	0	0	40	0	0
29	0	298696	3	10	0	4	2	1	1	0	0	40	0	0
33	0	392812	8	14	1	8	1	1	0	0	1977	50	0	1
53	0	117932	1	9	3	0	2	1	1	0	0	40	0	0
64	0	135527	11	11	3	9	2	1	1	0	0	40	0	0
60	0	135158	3	10	1	6	1	1	0	15024	0	48	0	1
47	0	54260	0	7	0	13	0	1	0	0	0	40	0	0
45	5	28171	8	14	1	8	1	1	0	0	0	40	0	0
33	0	150324	11	11	1	9	1	1	0	0	0	40	0	0
29	0	109494	7	13	1	5	1	1	0	5178	0	45	0	1
57	0	204209	6	4	1	6	1	1	0	3103	0	40	0	1
19	0	328167	1	9	0	4	0	1	0	0	0	35	0	0
26	0	157617	7	13	0	5	0	1	0	0	0	40	1	0
63	6	180955	10	3	1	10	1	1	0	0	0	25	0	0
42	0	478373	2	12	3	5	2	1	1	0	0	40	0	0
38	3	245090	7	13	1	9	1	1	0	0	0	50	0	1
34	0	209900	4	6	0	1	2	1	0	0	0	40	0	0
20	2	228649	3	10	0	3	0	1	0	0	0	30	0	0
35	0	190297	6	4	1	6	1	1	0	0	0	40	0	0
38	0	44780	7	13	1	10	4	1	1	0	0	8	0	1
52	5	32372	3	10	1	5	1	1	0	0	0	40	0	0
32	0	137184	3	10	1	6	1	1	0	0	0	40	0	0
67	0	366425	9	16	3	8	2	1	0	99999	0	60	0	1
26	0	160307	8	14	0	5	2	1	1	0	2001	40	0	0
58	0	170480	8	14	1	8	1	1	0	0	0	60	0	1
48	0	224393	11	11	1	7	1	1	0	0	0	40	0	1
25	0	173212	7	13	0	5	0	1	0	0	0	40	0	0
25	0	86646	7	13	0	5	2	1	0	4865	0	48	0	0
25	0	108683	3	10	0	13	3	1	0	0	0	50	0	0
18	0	70021	1	9	0	13	0	1	0	0	0	12	0	0
36	0	192939	1	9	1	10	1	1	0	0	0	60	0	0
45	3	144086	0	7	1	6	1	1	0	0	0	50	0	0
34	0	97614	1	9	0	6	2	1	0	0	0	40	0	0
68	6	260198	7	13	1	10	1	1	0	0	0	40	0	1
37	0	486194	3	10	0	8	2	1	0	0	0	50	3	0
21	0	112225	3	10	0	8	0	2	0	0	0	15	0	0
49	0	164200	3	10	1	5	1	1	0	0	0	40	0	0
39	1	52401	8	14	0	5	2	1	1	0	0	50	0	0
41	0	195821	9	16	1	8	4	1	1	0	1902	40	0	1
35	0	108140	8	14	1	8	1	1	0	0	0	50	0	1
29	1	187981	3	10	1	4	1	1	0	0	0	40	0	0
29	2	108126	12	5	4	3	0	1	1	0	0	40	0	0
54	1	168212	7	13	1	5	1	1	0	7688	0	40	0	1
32	3	198613	7	13	0	10	2	1	0	0	0	45	1	1
18	0	52098	0	7	0	4	0	1	0	0	0	30	0	0
30	0	509364	3	10	1	7	0	1	0	0	0	40	0	1
66	2	128614	4	6	1	3	1	1	0	0	0	15	0	1
23	1	238384	1	9	0	7	0	1	1	0	0	40	0	0
36	0	317434	1	9	1	0	1	1	0	0	0	50	0	0
34	0	158688	3	10	1	5	1	1	0	0	0	45	0	0
39	3	267412	11	11	1	1	1	1	0	0	0	60	0	0
26	1	391074	4	6	0	13	0	0	0	0	0	40	0	0
78	0	135692	3	10	1	6	1	1	0	0	0	40	0	0
28	0	78529	3	10	0	8	2	1	1	0	0	40	0	0
51	0	117700	3	10	1	7	4	1	1	0	0	40	0	0
33	1	83413	3	10	1	2	1	1	0	0	0	50	0	1
44	2	210875	0	7	3	3	2	0	1	0	0	40	0	0
34	0	108023	7	13	1	5	1	1	0	0	0	40	0	1
33	3	103435	5	15	1	5	1	1	0	7688	0	50	0	1
28	0	632733	8	14	1	10	1	1	0	0	0	60	0	1
55	0	266019	12	5	1	13	1	0	0	0	0	4	0	0
30	0	41210	11	11	0	0	2	1	0	0	0	45	0	0
45	0	125892	1	9	5	6	2	1	0	0	0	40	19	0
46	0	135339	11	11	1	6	1	0	0	0	0	40	0	1
17	0	272372	0	7	0	7	0	1	1	0	0	7	0	0
40	0	291300	0	7	1	0	1	1	0	0	0	40	12	0
44	1	157473	8	14	3	5	2	1	1	0	0	50	0	1
56	0	329948	1	9	1	10	1	1	0	0	0	40	0	0
69	6	264722	2	12	1	10	1	1	0	0	0	40	0	1
41	0	132853	14	2	1	12	1	1	0	0	0	40	4	0
47	1	216586	0	7	3	4	2	0	0	0	0	40	0	0
33	0	504725	0	7	1	12	1	1	0	3464	0	40	4	0
25	5	150083	7	13	0	5	2	1	0	0	0	20	0	0
42	0	188789	6	4	2	13	2	1	1	0	0	35	0	0
65	2	101427	7	13	1	3	1	1	0	2653	0	30	0	0
24	0	103277	11	11	0	5	0	1	1	0	0	40	0	0
48	4	191013	7	13	2	5	3	4	1	0	0	40	0	0
82	6	220667	6	4	2	8	2	1	1	0	0	40	0	0
36	0	188800	1	9	1	10	1	1	0	0	0	40	0	1
34	0	24361	5	15	0	5	2	1	1	10520	0	40	0	1
28	0	82910	1	9	1	12	1	1	0	0	0	40	0	0
65	0	105586	3	10	1	8	1	2	0	20051	0	40	0	1
66	3	240294	3	10	1	12	1	0	0	0	0	60	0	0
40	0	21755	3	10	0	6	5	4	0	0	0	30	0	0
66	0	73522	3	10	1	10	1	1	0	0	0	40	1	0
37	0	222450	10	3	1	0	1	1	0	0	0	40	11	0
34	0	35595	7	13	1	10	1	1	0	0	0	40	0	0
41	3	239061	8	14	2	5	2	1	1	0	0	20	0	0
43	0	122473	8	14	1	8	4	0	1	0	1977	50	0	1
20	0	190290	1	9	0	12	2	1	0	0	0	45	25	0
59	0	193375	8	14	1	5	4	1	1	0	0	10	0	0
48	0	148576	1	9	1	0	1	1	0	0	0	40	0	1
45	5	72896	11	11	1	5	1	1	0	0	0	40	0	1
28	0	180299	1	9	1	6	1	1	0	0	0	48	0	0
43	0	221550	7	13	4	7	3	1	1	0	0	35	0	0
18	0	183011	3	10	0	4	0	0	1	0	0	15	10	0
34	2	370209	1	9	3	3	2	1	0	0	0	40	0	0
55	6	298449	9	16	1	5	1	1	0	0	2179	60	0	0
21	1	300812	1	9	0	4	0	1	0	0	0	40	0	0
47	0	173938	7	13	1	6	1	1	0	0	0	40	0	0
45	0	282172	2	12	0	8	2	1	1	0	0	40	0	0
61	0	87300	1	9	3	4	2	1	1	0	0	40	0	0
23	0	64520	4	6	0	6	2	1	0	0	0	40	0	0
44	5	119567	8	14	4	5	3	1	1	0	0	40	0	0
45	0	117310	1	9	1	8	4	1	1	0	0	50	0	1
35	5	28738	7	13	0	7	2	1	1	4101	0	40	0	0
17	2	99695	4	6	0	3	0	1	1	0	0	15	0	0
49	0	366089	7	13	1	8	1	1	0	0	0	50	0	1
40	0	234397	7	13	1	2	1	0	0	0	0	40	0	1
28	3	132686	8	14	0	5	2	1	0	0	0	40	0	0
33	6	196963	3	10	0	8	2	1	1	0	0	60	0	0
31	5	46492	11	11	0	6	0	1	0	0	0	40	0	0
38	1	274245	2	12	0	5	2	1	0	0	0	40	0	0
62	0	360032	4	6	3	10	2	1	1	0	0	35	0	0
40	0	144778	1	9	0	13	2	1	0	0	0	40	0	0
61	0	142245	1	9	3	7	2	1	1	0	0	40	0	0
42	4	178074	8	14	1	7	4	1	1	0	1902	40	0	1
19	2	218171	3	10	0	3	0	2	0	0	0	2	14	0
32	1	130242	7	13	1	5	1	1	0	0	0	45	0	0
52	0	98980	1	9	3	12	2	1	0	0	0	40	0	0
34	0	284629	1	9	1	5	1	1	0	0	0	40	0	0
37	0	114591	2	12	0	8	2	1	1	0	0	50	0	1
30	0	134639	7	13	0	8	2	1	0	8614	0	45	0	1
27	0	134890	11	11	1	6	1	1	0	0	0	40	0	0
25	0	199545	1	9	0	10	2	1	1	0	0	35	0	0
32	0	227282	3	10	1	12	1	1	0	0	0	50	0	0
47	6	308241	7	13	3	8	3	1	1	0	0	60	0	1
43	0	214781	3	10	0	7	3	1	0	0	0	38	0	1
50	1	173630	8	14	1	5	1	1	0	0	0	36	0	1
42	4	348059	2	12	4	5	3	1	1	0	0	40	0	1
31	0	208785	0	7	0	6	2	1	0	0	0	30	0	0
43	0	151809	1	9	1	12	1	1	0	0	0	30	0	0
37	0	71592	1	9	0	4	5	2	1	0	0	17	0	0
58	0	132704	7	13	3	7	2	1	0	3325	0	40	0	0
32	0	250583	3	10	3	10	2	1	1	0	0	38	0	0
35	0	114765	8	14	0	5	2	1	1	0	0	38	0	1
40	3	194924	3	10	1	1	1	1	0	0	0	60	0	0
39	3	73471	1	9	1	4	1	1	0	0	1573	45	0	0
51	0	250423	8	14	1	10	1	1	0	0	0	55	0	1
42	0	145441	1	9	1	8	1	1	0	0	0	50	0	1
27	0	86681	3	10	3	10	2	1	1	0	0	40	0	0
69	0	188643	1	9	2	7	2	1	1	0	1429	30	0	0
74	0	68326	11	11	2	11	2	1	1	0	0	40	0	0
36	0	382859	2	12	1	8	1	1	0	0	0	43	0	1
23	2	211968	3	10	0	3	0	1	1	0	0	23	30	0
48	1	132368	10	3	1	12	1	1	0	0	0	40	0	0
38	0	196123	3	10	1	5	1	1	0	0	0	40	0	0
68	0	178066	12	5	1	6	1	1	0	1797	0	24	0	0
40	5	105936	5	15	0	5	0	1	1	0	0	40	0	0
23	0	306639	12	5	1	0	1	1	0	0	0	40	0	0
48	0	26502	1	9	3	8	2	1	0	0	0	40	0	0
47	1	204698	8	14	1	5	1	1	0	0	0	40	0	0
55	0	118057	1	9	2	6	3	1	0	0	0	51	0	0
22	5	199266	3	10	0	7	2	1	1	0	0	17	0	0
49	0	248145	1	9	1	6	5	1	0	0	0	40	28	0
51	0	239284	1	9	2	10	2	1	1	0	0	40	0	0
42	6	188738	7	13	1	8	1	1	0	7688	0	40	0	1
31	0	209101	7	13	1	8	1	1	0	0	0	50	0	1
67	1	197816	1	9	1	5	1	1	0	0	0	24	0	0
27	2	60726	7	13	0	3	2	0	0	0	0	45	0	0
59	3	211678	8	14	1	12	1	1	0	0	0	15	0	0
66	0	304957	1	9	2	11	3	1	1	0	0	25	0	0
28	0	278552	11	11	0	8	2	1	0	0	0	60	0	1
33	3	79303	3	10	1	1	1	1	0	0	0	50	0	0
44	1	64632	7	13	0	5	2	1	0	0	0	55	0	0
39	0	560313	8	14	1	5	1	0	0	0	0	45	0	1
39	1	174597	7	13	1	6	1	1	0	0	0	42	0	0
46	0	139946	1	9	3	8	3	1	1	0	0	38	0	1
19	0	277695	15	1	0	1	2	1	0	0	0	36	4	0
44	3	138471	3	10	1	6	1	1	0	0	0	50	0	0
24	0	320615	1	9	0	10	0	1	0	0	2205	40	0	0
48	0	164954	1	9	0	4	0	0	1	0	0	42	0	0
27	0	263728	1	9	1	13	1	1	0	3137	0	50	0	0
44	0	103980	3	10	3	5	0	1	0	3325	0	35	0	0
30	0	159442	1	9	0	7	2	1	1	0	0	35	6	0
32	4	113838	7	13	1	5	1	1	0	0	0	40	0	1
49	0	28171	8	14	1	2	1	1	0	15024	0	78	0	1
37	3	227253	15	1	1	10	1	1	0	0	0	30	4	0
24	0	211129	7	13	0	8	5	1	1	0	0	60	0	1
19	0	120003	3	10	0	7	0	1	1	0	0	20	0	0
20	0	245182	3	10	0	7	0	1	1	0	0	10	0	0
25	0	188767	2	12	0	8	2	1	0	0	0	45	0	0
29	0	227890	3	10	3	0	2	0	0	0	0	40	0	0
43	0	131650	3	10	1	8	1	1	0	0	0	40	0	1
35	1	258725	2	12	1	9	1	1	0	0	0	40	0	0
47	1	127678	3	10	1	2	1	1	0	0	0	48	0	1
53	0	110747	1	9	1	6	1	1	0	0	0	40	0	0
27	0	409246	1	9	1	1	1	1	0	0	0	40	0	1
32	0	128829	1	9	0	7	3	1	1	0	0	40	0	0
36	0	170031	1	9	1	6	1	1	0	0	0	40	0	0
55	3	150917	6	4	1	10	1	1	0	0	0	80	0	0
41	0	197372	4	6	1	12	1	1	0	0	0	70	0	0
49	3	43479	9	16	3	5	3	1	0	0	0	63	25	1
36	0	166549	1	9	1	6	1	1	0	0	0	40	0	0
62	0	119684	7	13	1	10	1	1	0	2829	0	28	0	0
44	0	651702	1	9	1	6	1	1	0	0	0	72	0	0
69	3	199829	7	13	1	8	1	1	0	0	1258	40	0	0
22	0	86745	3	10	0	7	0	2	1	0	0	40	8	0
36	0	644278	1	9	1	6	1	1	0	0	0	25	0	0
58	0	31137	1	9	1	10	1	1	0	3464	0	60	0	0
32	0	104525	1	9	1	6	1	1	0	2407	0	40	0	0
19	2	91278	3	10	0	3	0	1	0	0	0	25	0	0
27	0	111361	3	10	3	10	3	1	1	0	0	35	0	0
19	2	291692	3	10	0	3	0	1	0	0	0	28	0	0
35	0	228881	1	9	0	6	5	3	0	0	0	40	12	0
58	0	152731	7	13	1	10	1	1	0	0	0	40	0	1
18	0	178310	3	10	0	7	0	1	1	0	0	20	0	0
48	3	116360	11	11	3	9	5	0	1	0	0	10	0	0
22	0	535852	4	6	0	0	2	1	0	0	0	40	4	0
39	0	30828	1	9	3	13	2	1	0	0	0	40	0	0
47	3	39518	7	13	1	10	1	1	0	0	0	60	0	0
23	0	445758	10	3	0	13	3	1	0	0	0	40	4	0
40	0	222504	11	11	0	5	0	1	1	0	0	36	0	0
35	0	357619	11	11	1	7	4	1	1	0	0	40	7	0
20	2	121389	3	10	0	3	0	1	0	0	0	32	0	0
41	0	228847	3	10	1	10	1	1	0	0	0	40	0	1
27	0	118598	1	9	0	0	3	0	1	0	0	35	0	0
58	0	49893	8	14	1	8	1	1	0	0	0	50	0	1
38	0	452353	3	10	3	7	3	1	1	0	0	40	0	0
40	5	285000	7	13	3	7	3	0	1	0	0	40	0	0
29	0	263300	1	9	4	11	3	0	1	0	0	55	0	0
28	5	132675	11	11	0	8	2	0	1	0	0	40	7	0
35	0	175232	3	10	0	7	2	1	0	0	0	40	0	0
18	0	257421	13	8	0	0	0	0	1	0	0	40	0	0
29	0	196227	7	13	0	5	2	1	1	0	0	40	0	0
25	0	34965	3	10	0	10	5	1	0	0	0	40	0	0
65	0	475775	1	9	2	7	2	1	1	0	0	22	0	0
19	0	196857	0	7	0	7	0	1	1	594	0	15	0	0
37	0	159917	12	5	4	4	3	1	1	0	0	25	0	0
22	0	212803	1	9	0	4	2	1	1	0	0	40	0	0
70	0	118902	7	13	1	7	1	1	0	0	0	40	31	0
21	1	166827	3	10	0	4	2	1	1	0	0	32	0	0
21	0	180060	3	10	0	0	0	1	0	0	0	40	0	0
23	0	47218	3	10	0	7	5	1	1	0	0	40	0	0
46	0	73541	1	9	1	7	1	1	0	0	0	40	0	0
33	5	150688	9	16	1	5	1	2	0	0	0	50	17	1
36	0	207824	7	13	1	5	1	1	0	7298	0	40	0	1
42	6	198282	7	13	1	8	1	1	0	0	0	60	0	1
52	0	206359	11	11	1	10	1	1	0	0	0	40	0	0
55	2	125659	1	9	1	3	4	1	1	0	0	6	0	1
60	1	129193	3	10	2	1	2	1	0	0	0	40	0	0
57	1	167457	6	4	3	8	3	1	1	0	0	40	0	0
35	0	455469	7	13	1	6	1	0	0	0	0	40	0	1
24	0	206891	1	9	0	7	2	1	1	0	0	40	0	0
37	0	269323	7	13	1	5	1	1	0	0	0	55	0	1
45	1	187715	1	9	1	2	1	1	0	0	0	40	0	1
48	4	71376	8	14	0	8	2	1	0	0	0	40	0	0
22	0	268707	0	7	1	0	5	1	0	0	0	42	0	0
45	0	215620	1	9	3	12	2	1	0	0	0	40	0	0
32	0	158438	1	9	3	12	0	1	0	0	0	40	0	0
35	0	209629	7	13	0	5	2	1	0	0	0	40	0	0
22	0	121076	7	13	0	5	0	1	1	0	0	40	0	0
34	0	97933	12	5	4	7	3	1	1	0	0	38	0	0
25	0	177423	1	9	0	4	2	2	0	4416	0	45	8	0
39	0	185520	3	10	0	1	2	1	1	0	0	40	0	0
44	4	38321	1	9	1	6	1	1	0	0	0	40	0	1
33	0	213307	14	2	3	0	3	1	1	0	0	40	4	0
48	0	328581	0	7	1	0	1	0	0	0	0	40	0	0
58	0	177368	1	9	1	7	1	1	0	0	0	40	0	0
36	0	148903	3	10	0	8	2	1	1	0	0	60	0	0
53	3	385520	1	9	2	1	3	1	1	0	0	55	0	0
25	3	193716	3	10	1	1	1	1	0	0	0	50	0	0
21	0	238899	7	13	0	10	0	0	1	0	0	30	0	0
36	0	209993	10	3	1	11	4	1	1	0	0	40	11	0
51	5	136060	1	9	2	7	3	1	1	0	0	40	0	0
26	1	192944	7	13	0	5	2	1	1	0	0	40	0	0
41	0	29927	11	11	3	5	3	1	1	0	0	40	0	0
23	1	200593	7	13	0	5	0	1	0	0	0	40	0	0
20	0	311376	3	10	0	8	0	1	1	0	0	25	0	0
58	0	206814	7	13	1	7	1	1	0	7688	0	50	0	1
21	0	278391	1	9	0	7	0	1	0	0	0	25	28	0
32	0	364657	7	13	1	5	1	1	0	0	0	50	0	1
54	2	120781	9	16	5	3	3	2	0	0	0	20	17	0
62	0	175080	1	9	1	7	4	1	1	0	0	40	0	0
29	2	522241	3	10	1	3	4	1	1	0	0	40	0	0
43	0	161240	11	11	1	6	1	1	0	0	0	60	0	0
20	0	162282	3	10	0	0	0	1	0	0	0	60	0	0
23	0	199419	3	10	0	7	0	1	1	0	0	20	0	0
26	0	171114	7	13	0	7	2	1	1	0	0	40	0	0
33	0	208855	5	15	1	5	1	1	0	0	0	60	0	1
30	0	381030	3	10	0	6	2	0	0	0	0	40	0	0
63	0	219337	6	4	1	6	1	1	0	3471	0	45	0	0
45	0	180010	1	9	3	10	0	1	1	0	0	40	0	0
39	0	189382	3	10	0	7	2	1	1	0	0	40	0	0
26	0	121712	1	9	0	13	3	1	0	0	0	30	0	0
28	2	192257	3	10	1	3	1	1	0	0	0	5	0	0
20	2	68620	3	10	0	3	0	1	0	0	0	40	0	0
39	0	352188	7	13	0	7	2	1	0	0	0	40	0	0
34	0	398874	7	13	0	5	2	1	0	0	0	42	0	0
33	0	191930	1	9	0	4	5	0	0	0	0	50	0	0
26	0	269168	3	10	1	8	1	2	0	0	0	40	0	0
20	2	123536	3	10	0	3	2	2	1	0	0	40	0	0
40	0	173651	3	10	1	5	1	1	0	0	0	40	0	1
49	0	149337	1	9	4	13	2	1	0	0	0	40	0	0
64	0	146674	1	9	1	4	1	0	0	0	0	40	1	1
65	0	173483	7	13	3	5	2	1	1	0	0	35	0	0
19	0	223669	0	7	0	4	0	1	0	0	0	20	0	0
47	0	182177	3	10	3	2	3	1	1	0	0	23	0	0
24	0	109414	3	10	0	10	5	2	0	0	0	20	17	0
55	6	150917	3	10	1	8	1	1	0	0	1977	45	0	1
61	3	39128	1	9	1	6	1	1	0	0	0	35	0	0
47	1	103540	7	13	1	5	1	1	0	0	0	50	0	1
64	0	110212	1	9	1	4	1	0	0	0	0	40	0	0
37	0	222450	1	9	0	10	2	1	0	0	2339	40	11	0
21	2	113760	1	9	0	3	0	1	1	0	0	40	0	0
40	2	253717	0	7	1	3	4	1	1	0	0	16	0	0
25	0	306908	1	9	1	0	1	1	0	0	0	40	0	0
41	3	263871	3	10	1	6	1	1	0	0	0	55	0	0
