40	5	55294	7	13	1	5	1	1	0	0	0	40	0	1
21	0	174063	11	11	0	4	0	1	1	0	0	20	0	0
54	5	258735	3	10	1	8	1	1	0	0	0	40	0	1
47	0	275867	1	9	1	5	1	1	0	0	0	40	0	0
21	0	154235	3	10	0	10	0	1	1	0	0	35	0	0
32	1	210448	3	10	1	6	5	1	0	0	0	40	0	0
32	0	337908	3	10	3	7	3	0	1	0	0	30	0	0
26	5	205333	7	13	0	5	2	1	1	0	0	10	0	0
23	0	187447	3	10	4	4	0	1	0	0	0	40	0	0
27	0	153589	12	5	4	6	2	1	0	0	0	40	0	0
29	1	149988	3	10	3	7	3	1	1	0	0	40	0	0
43	0	398959	3	10	1	6	1	1	0	0	0	40	0	0
23	2	194096	3	10	0	3	0	1	1	0	0	30	0	0
39	0	44041	2	12	5	7	5	1	0	0	0	60	0	0
22	0	208946	2	12	0	10	0	1	0	0	0	30	1	0
47	0	202117	1	9	3	10	2	1	1	0	0	37	0	0
34	1	303129	1	9	3	12	2	4	0	0	0	40	0	0
35	0	215419	3	10	3	7	2	1	1	0	0	45	0	0
20	0	175069	3	10	0	10	0	1	0	1055	0	30	0	0
36	4	20469	1	9	3	7	3	4	1	0	0	40	0	0
52	0	254680	1	9	1	12	1	0	0	0	0	99	0	0
38	6	46385	1	9	1	8	1	1	0	0	0	40	0	0
33	0	178463	1	9	1	6	1	1	0	0	0	40	0	0
18	0	229296	1	9	0	13	0	1	0	0	0	35	0	0
38	0	179352	2	12	5	7	3	1	1	0	0	40	0	0
56	3	177368	3	10	1	2	1	1	0	0	0	50	0	1
30	0	156015	3	10	1	8	1	1	0	0	0	45	0	1
35	5	308945	3	10	1	0	1	1	0	0	0	50	0	1
60	3	119575	1	9	1	10	1	1	0	0	0	50	0	0
20	0	332689	10	3	1	6	1	1	0	0	0	40	4	0
18	0	150817	13	8	0	2	0	1	1	0	0	45	0	0
19	0	50941	3	10	0	10	0	1	1	0	0	15	0	0
53	4	59664	1	9	1	10	1	0	0	5013	0	40	0	0
18	0	56613	3	10	0	0	0	1	1	0	0	20	0	0
44	0	162372	12	5	1	6	1	1	0	0	0	45	12	0
57	0	77927	10	3	3	4	2	2	1	0	0	37	0	0
36	2	157278	3	10	0	3	2	1	1	0	0	40	0	0
40	3	170214	7	13	1	12	1	1	0	0	0	70	30	0
33	0	76493	7	13	0	5	2	1	0	0	0	50	0	1
19	0	130431	10	3	0	1	2	1	0	0	0	36	4	0
40	5	23037	3	10	0	4	0	4	0	0	0	84	0	0
20	3	176321	3	10	0	0	2	1	1	0	0	40	0	0
47	0	105449	7	13	1	10	1	1	0	0	0	65	0	1
41	0	157217	1	9	4	6	3	1	0	0	0	40	0	0
47	4	382532	3	10	1	6	1	1	0	0	1887	40	0	1
23	0	250918	3	10	0	4	2	0	0	0	0	30	0	0
49	5	139268	3	10	1	4	1	1	0	0	0	70	0	1
37	3	200352	7	13	1	6	1	1	0	0	0	50	0	1
67	0	267915	1	9	3	6	2	0	0	0	0	40	0	0
24	0	376474	1	9	1	0	1	1	0	0	0	40	0	0
39	0	153047	1	9	1	6	1	1	0	0	0	50	0	1
29	0	154236	1	9	1	0	1	1	0	4386	0	58	0	1
22	2	261881	0	7	0	3	5	0	1	0	0	15	0	0
26	0	427744	1	9	0	7	0	1	0	0	0	40	0	0
33	3	100580	3	10	1	4	4	1	1	0	0	10	0	0
23	0	238179	1	9	0	4	2	1	0	0	2339	45	0	0
37	5	272471	3	10	2	12	3	1	1	0	0	40	0	0
30	0	259058	8	14	3	5	3	1	0	0	1726	40	0	0
41	0	112656	1	9	3	4	3	1	1	0	0	40	0	0
23	0	197286	7	13	0	7	0	1	1	0	0	40	0	0
47	4	26145	2	12	1	8	1	1	0	0	0	40	0	0
24	0	314440	1	9	0	0	2	1	1	0	0	40	0	0
39	0	57691	1	9	4	8	2	1	0	0	2258	70	0	0
33	0	301251	1	9	1	6	1	1	0	0	0	60	0	1
25	0	243410	1	9	0	4	2	0	1	0	0	40	0	0
40	0	119008	1	9	4	4	3	0	1	0	0	40	0	0
67	0	169435	12	5	1	12	1	1	0	0	0	40	0	0
55	0	200327	1	9	1	7	4	1	1	0	0	18	0	0
69	0	31501	11	11	2	7	3	1	1	0	0	40	0	0
34	0	223327	1	9	1	9	1	1	0	0	1672	42	0	0
52	0	191130	5	15	1	5	1	1	0	15024	0	40	0	1
22	2	191561	3	10	1	3	4	1	1	0	0	30	0	0
47	0	245724	7	13	1	13	1	1	0	0	0	40	0	0
45	0	194134	11	11	0	4	3	1	1	0	0	40	4	0
23	0	140764	7	13	0	10	0	1	1	0	1590	40	0	0
41	3	189941	7	13	0	8	2	1	0	0	0	40	0	0
32	0	149368	7	13	1	5	1	1	0	0	0	40	0	1
57	1	237546	8	14	1	8	1	1	0	0	0	60	0	1
34	0	211051	7	13	0	13	0	1	0	0	0	40	0	0
44	5	307468	11	11	1	2	1	1	0	0	0	50	0	1
46	3	27847	1	9	1	6	1	1	0	0	0	48	0	1
60	0	39263	8	14	0	8	2	1	1	3325	0	35	0	0
46	1	183610	8	14	4	5	3	1	1	0	0	40	0	0
32	6	235847	8	14	0	8	2	1	1	0	0	52	0	0
44	1	32627	8	14	1	8	1	1	0	0	1887	60	0	1
43	0	42026	1	9	1	13	1	1	0	0	0	40	0	0
48	4	72808	0	7	3	7	2	1	1	0	0	42	0	0
55	0	377113	7	13	1	12	1	1	0	15024	0	60	0	1
24	0	176389	7	13	0	6	0	1	0	0	0	40	0	0
65	0	71075	3	10	3	10	2	1	1	0	0	20	0	0
51	6	110327	0	7	1	6	1	1	0	0	0	60	0	1
42	5	392167	7	13	1	7	1	1	0	0	0	40	0	1
36	0	130808	3	10	1	6	1	1	0	0	0	40	0	0
19	0	351757	4	6	0	4	3	1	0	0	0	30	11	0
24	3	345420	6	4	0	1	5	1	0	0	0	50	0	0
52	0	220984	1	9	1	0	1	1	0	0	0	40	0	0
28	0	236834	12	5	0	11	2	1	1	0	0	35	4	0
42	0	153489	7	13	1	8	1	1	0	0	0	40	0	0
25	0	330850	1	9	1	2	1	1	0	0	0	70	0	0
53	0	337195	2	12	1	8	1	1	0	0	0	45	0	1
35	0	214816	1	9	1	7	1	1	0	0	0	36	0	0
20	0	92863	1	9	3	0	2	1	0	0	0	40	0	0
38	0	226894	7	13	0	8	2	0	0	13550	0	40	0	1
46	0	40666	7	13	3	8	5	1	0	0	0	40	0	0
18	2	142043	0	7	0	3	5	1	0	0	0	15	0	0
58	0	105239	1	9	1	13	5	1	0	0	0	40	0	0
41	0	112763	3	10	1	7	4	1	1	0	0	35	0	0
66	3	219220	1	9	1	1	1	1	0	2653	0	40	0	0
38	5	168223	3	10	3	7	3	1	1	0	0	40	0	0
29	0	175639	3	10	3	4	3	1	1	0	0	28	0	0
39	0	167482	3	10	1	10	1	1	0	0	0	40	0	0
44	1	178417	1	9	1	2	0	1	0	0	0	40	0	1
26	1	33604	1	9	0	13	0	4	0	0	0	25	0	0
27	0	62082	7	13	0	10	0	3	0	0	0	38	0	0
29	0	149902	9	16	0	5	2	1	1	0	0	80	0	0
29	0	74784	1	9	1	12	1	1	0	0	0	70	0	0
47	6	54260	3	10	1	10	1	1	0	0	0	45	0	0
62	2	119986	7	13	1	3	1	1	0	0	0	60	0	1
29	1	165218	7	13	0	5	2	1	1	0	0	55	0	0
52	1	192853	1	9	1	12	1	3	0	0	0	40	32	1
27	0	56299	0	7	0	13	5	1	0	0	0	40	0	0
53	2	394690	3	10	1	3	4	1	1	0	0	5	0	0
29	0	208406	2	12	0	7	2	1	0	0	0	40	0	0
62	0	165827	1	9	1	6	1	1	0	0	0	40	0	0
72	0	249559	1	9	2	11	2	1	1	0	0	25	0	0
27	0	151382	1	9	0	8	0	1	0	0	0	40	0	0
38	0	161141	3	10	1	6	1	1	0	0	0	55	0	0
27	0	57092	1	9	3	6	2	1	0	0	0	45	0	0
49	0	116927	8	14	3	5	2	1	0	0	0	60	0	0
56	0	133876	7	13	1	5	1	1	0	0	0	40	0	1
52	6	229259	5	15	1	5	1	1	0	0	0	40	0	1
22	0	338162	1	9	1	0	4	0	1	0	0	40	0	0
37	4	38948	7	13	1	5	1	1	0	0	0	40	0	0
55	0	169276	1	9	3	0	5	0	0	0	0	40	0	0
38	5	364803	3	10	1	12	1	0	0	0	0	65	0	0
45	0	302677	3	10	0	8	2	1	1	0	1340	50	0	0
35	0	235485	7	13	1	8	1	1	0	0	0	40	0	1
21	0	91189	3	10	0	10	3	1	0	0	0	60	0	0
54	4	149596	7	13	1	8	4	1	1	0	0	45	0	0
19	0	89211	1	9	0	10	0	1	1	0	0	40	0	0
48	5	241854	8	14	1	8	1	1	0	0	0	55	0	1
41	0	213351	1	9	1	8	1	1	0	0	0	40	0	0
20	0	74631	12	5	0	4	0	1	1	0	0	40	0	0
56	0	128696	0	7	1	9	4	0	1	0	0	40	0	0
49	0	141069	1	9	3	7	5	1	1	0	0	40	0	0
17	2	347248	4	6	0	3	0	1	1	0	0	20	0	0
45	0	176947	6	4	0	7	0	1	1	0	0	20	0	0
46	0	274200	1	9	3	1	2	1	0	0	0	50	0	0
39	0	94036	1	9	3	13	0	1	0	0	0	40	0	0
52	2	188431	1	9	1	3	1	1	0	0	0	45	0	0
34	1	176802	0	7	4	4	3	0	1	0	0	40	0	0
65	2	258973	3	10	2	3	2	1	1	401	0	14	0	0
46	0	235646	1	9	1	6	1	1	0	0	0	40	0	0
41	0	175883	1	9	1	12	1	1	0	0	0	60	0	0
48	0	154430	7	13	0	8	2	1	1	0	0	35	0	0
71	0	258126	12	5	1	2	1	1	0	0	0	39	22	0
26	4	337575	7	13	0	5	2	1	0	0	0	40	0	1
47	6	308241	1	9	1	10	4	1	1	0	0	40	0	0
21	2	162165	3	10	0	3	2	1	1	0	0	43	0	0
23	0	298623	1	9	0	12	0	0	0	0	0	40	0	0
65	0	270935	1	9	2	6	2	1	0	0	0	55	0	0
60	0	338833	1	9	0	7	2	0	1	0	0	38	0	0
19	2	341631	1	9	0	3	5	1	1	0	0	25	0	0
35	0	233786	1	9	0	6	3	1	0	0	0	40	0	0
32	0	366876	1	9	1	6	1	1	0	0	0	40	0	0
36	5	183279	1	9	1	7	1	1	0	0	0	38	0	0
41	4	29606	3	10	1	7	4	4	1	0	0	40	0	1
24	1	137300	1	9	0	4	2	1	1	0	0	20	0	0
45	0	184070	1	9	0	0	0	0	1	0	0	40	0	0
48	0	188610	2	12	1	6	1	1	0	0	0	48	0	1
20	0	41356	3	10	0	7	2	1	1	0	0	25	0	0
51	0	145409	3	10	1	6	1	1	0	0	0	50	1	1
24	2	287413	1	9	0	3	2	0	0	0	0	60	0	0
39	1	100011	2	12	0	9	2	1	1	0	0	38	0	0
21	0	119673	3	10	0	4	2	1	1	0	0	30	0	0
49	0	140782	7	13	1	5	4	1	1	0	2415	3	0	1
30	0	193246	1	9	0	2	2	1	0	0	0	40	0	0
68	5	420526	8	14	2	5	2	1	1	0	0	5	0	0
30	0	34574	8	14	1	5	1	1	0	0	0	50	0	0
32	3	400061	5	15	1	5	1	2	0	15024	0	40	8	1
49	0	107009	1	9	3	4	2	1	0	0	0	40	26	0
24	0	33551	3	10	3	7	2	1	0	0	0	50	0	0
34	0	121640	3	10	3	5	2	4	0	0	0	44	0	0
40	0	179524	7	13	0	5	2	1	1	0	0	40	0	0
23	2	473206	1	9	0	3	0	0	0	0	0	32	0	0
41	0	54422	2	12	1	5	4	1	1	0	0	40	0	1
23	0	202416	1	9	0	10	2	1	1	0	0	30	0	0
48	0	158685	1	9	3	4	2	1	1	0	0	16	0	0
56	6	76534	1	9	1	8	5	2	1	0	0	21	27	0
42	5	218948	9	16	3	5	3	0	1	0	0	36	32	0
37	3	175120	3	10	1	6	1	1	0	0	0	40	0	1
32	0	100154	12	5	1	4	1	1	0	0	0	40	11	0
29	0	160510	7	13	1	5	1	1	0	0	0	50	1	1
58	0	223214	1	9	1	5	1	1	0	0	0	40	1	1
40	0	79488	1	9	4	4	2	1	1	0	0	40	0	0
40	0	136986	8	14	1	8	1	1	0	99999	0	52	0	1
33	0	202339	0	7	0	10	3	1	1	0	0	34	0	0
58	0	205737	1	9	1	4	1	1	0	0	0	40	0	0
32	0	80145	1	9	1	0	1	1	0	0	0	40	0	0
22	2	303579	3	10	0	3	0	1	0	0	1602	8	0	0
47	0	235108	3	10	1	6	1	1	0	5178	0	40	0	1
41	5	201363	1	9	1	7	4	1	1	0	0	38	0	1
41	6	244172	3	10	1	6	1	1	0	0	0	40	1	1
73	2	99349	7	13	2	3	2	1	1	0	0	15	0	0
56	4	338242	11	11	2	7	3	0	1	0	0	40	0	0
83	2	29702	6	4	1	3	1	1	0	0	0	20	0	0
22	0	146352	1	9	0	10	3	1	1	0	0	60	0	0
30	0	215182	7	13	0	5	2	1	0	0	0	40	0	0
41	2	133456	2	12	2	3	2	1	1	0	0	50	0	0
32	0	79586	7	13	1	8	1	2	0	0	0	40	8	1
27	0	181822	1	9	0	6	2	1	0	0	0	40	0	0
35	0	123809	7	13	1	5	4	1	1	15024	0	35	0	1
37	0	35429	1	9	0	0	3	1	0	1506	0	40	0	0
48	0	151584	1	9	3	12	2	1	0	0	0	46	0	0
42	0	303725	1	9	0	0	3	0	1	0	0	40	0	0
35	0	194404	7	13	1	5	1	1	0	0	0	40	0	1
20	1	224229	3	10	0	8	2	1	1	0	0	35	0	0
33	0	236396	7	13	1	8	1	1	0	15024	0	55	0	1
25	0	40255	3	10	1	1	1	1	0	0	0	80	0	0
29	5	214881	7	13	1	5	1	1	0	0	0	40	29	1
47	0	332465	3	10	3	12	3	1	0	0	0	40	0	0
28	0	165218	7	13	0	7	2	1	1	0	0	55	0	0
20	0	34506	3	10	0	10	2	1	1	0	0	20	0	0
30	1	79190	7	13	0	5	2	1	1	0	0	40	0	0
48	3	79001	2	12	3	9	2	1	1	0	0	40	0	0
22	0	137876	3	10	0	2	2	1	0	0	0	20	0	0
57	4	40103	4	6	0	5	2	1	0	0	0	35	0	0
24	6	145964	2	12	0	10	2	1	0	0	0	70	0	0
32	0	268282	6	4	5	1	5	1	0	0	0	35	4	0
67	1	272587	6	4	2	4	2	1	1	1086	0	15	0	0
22	0	220993	3	10	0	0	0	1	0	0	0	40	0	0
20	0	88676	1	9	0	13	0	1	0	0	0	40	0	0
29	0	185386	10	3	0	13	2	1	0	0	0	42	4	0
37	0	177420	1	9	1	13	1	0	0	0	0	40	0	1
20	2	203353	3	10	0	3	0	1	1	0	0	40	0	0
30	0	100734	7	13	0	9	2	1	1	0	0	40	0	0
32	5	181119	7	13	4	5	2	1	1	0	0	40	0	0
23	2	172232	3	10	0	3	0	1	0	0	0	40	0	0
31	0	243678	7	13	0	8	2	1	1	0	0	40	0	0
39	6	170174	1	9	1	8	1	1	0	0	0	60	0	1
48	0	102202	1	9	3	10	3	1	1	0	0	50	0	0
38	0	249720	11	11	3	5	3	0	1	0	0	40	0	0
25	0	167835	11	11	0	5	0	1	1	0	0	35	0	0
22	0	266780	1	9	0	4	0	0	1	0	0	24	0	0
17	0	173740	4	6	0	10	2	1	1	0	0	15	0	0
44	0	40024	7	13	1	12	1	1	0	0	0	52	0	1
28	0	193260	7	13	0	5	2	2	0	0	0	50	14	1
18	0	175752	1	9	0	13	0	1	0	0	0	30	0	0
37	0	202662	4	6	3	12	3	1	0	0	0	40	0	0
26	0	167350	1	9	0	6	0	1	0	0	0	35	0	0
43	0	412379	3	10	0	4	3	1	1	0	0	28	0	0
23	3	121568	3	10	0	6	0	1	0	0	1504	40	0	0
43	0	56651	1	9	1	8	1	1	0	0	0	50	0	0
45	0	238567	1	9	1	10	1	1	0	15024	0	50	0	1
34	0	144949	1	9	3	13	0	1	0	0	0	35	0	0
42	0	234633	7	13	1	5	1	1	0	0	0	50	0	1
22	0	147397	3	10	0	10	2	1	0	0	0	44	0	0
38	0	247547	1	9	0	4	3	0	1	0	0	40	0	0
35	0	266645	1	9	1	6	1	1	0	0	0	40	0	0
39	0	154897	1	9	0	8	0	1	1	0	0	50	0	0
44	0	112507	3	10	1	10	1	1	0	0	0	40	0	0
45	4	110884	7	13	1	7	1	2	0	0	0	45	17	1
25	0	151588	3	10	5	10	2	1	1	0	0	40	0	0
54	1	217210	8	14	1	5	4	0	1	0	1887	38	0	1
22	2	185357	3	10	0	3	0	1	0	0	0	50	0	0
47	0	139701	10	3	0	0	3	1	1	0	0	40	5	0
36	0	50707	7	13	3	11	3	1	1	0	0	40	0	0
48	0	370119	7	13	1	10	1	1	0	0	2415	50	0	1
66	3	252842	1	9	0	1	5	1	0	0	0	20	0	0
58	0	106707	10	3	1	0	1	0	0	0	0	48	0	0
25	0	149486	1	9	0	0	3	0	0	0	0	40	0	0
30	0	427541	1	9	0	13	0	0	1	99999	0	40	0	1
51	3	22154	3	10	3	7	2	1	0	0	0	40	0	0
30	0	144949	7	13	0	7	0	1	0	0	2559	40	0	1
20	0	228686	3	10	0	4	0	1	0	0	0	30	0	0
57	3	113010	7	13	1	10	1	1	0	0	0	50	0	1
23	4	361278	3	10	0	13	2	1	1	0	0	20	0	0
33	3	109509	1	9	0	6	2	1	0	0	0	35	0	0
47	0	172155	3	10	1	8	1	1	0	0	0	37	33	1
54	0	204304	1	9	3	7	2	1	1	0	0	40	0	0
75	0	233362	4	6	1	12	1	1	0	0	0	40	0	0
36	6	141609	3	10	1	5	1	1	0	0	0	50	0	1
51	0	179479	1	9	2	8	2	1	1	3325	0	40	34	0
32	0	193565	1	9	1	0	1	1	0	0	0	40	0	0
20	0	314539	1	9	0	0	0	1	0	0	0	40	0	0
20	0	208908	3	10	0	8	3	1	1	0	0	40	0	0
41	3	375526	7	13	1	7	4	1	1	0	0	40	0	1
31	0	291494	8	14	1	5	1	1	0	0	0	40	0	1
41	0	117747	7	13	3	4	3	2	1	0	0	40	13	0
56	0	331569	1	9	1	10	4	0	1	0	0	36	0	0
46	0	146786	4	6	3	12	2	1	0	0	0	50	0	0
59	0	147098	1	9	1	6	1	1	0	0	0	40	0	1
31	0	137076	7	13	1	2	1	1	0	0	0	40	0	0
20	0	223811	1	9	0	4	0	1	0	0	0	23	0	0
69	0	172354	11	11	2	7	2	1	1	1848	0	50	0	0
35	0	154410	7	13	1	8	1	1	0	0	1977	50	0	1
58	0	277203	1	9	1	12	1	1	0	0	0	38	0	0
21	0	97295	3	10	0	10	2	1	1	0	0	45	0	0
60	0	95680	1	9	1	8	1	2	0	0	0	45	0	1
29	0	328981	1	9	3	0	2	0	0	0	0	40	0	0
29	3	75435	3	10	1	5	1	4	0	0	0	40	0	0
53	0	116288	1	9	1	8	1	1	0	0	0	40	0	0
43	4	136105	1	9	1	7	4	0	1	0	1848	40	0	1
55	1	134042	8	14	1	8	4	1	1	0	0	40	0	1
29	0	253003	3	10	0	6	2	1	0	0	2258	45	0	1
37	0	193106	7	13	0	10	2	1	1	0	0	30	0	0
37	0	117528	1	9	3	7	2	1	1	0	0	40	0	0
41	0	194537	7	13	3	5	2	1	1	0	0	40	0	0
57	0	195820	1	9	1	0	1	1	0	0	0	40	0	1
41	0	265671	1	9	3	7	3	1	1	0	0	40	0	0
18	2	90636	3	10	0	3	0	4	1	594	0	40	0	0
57	0	166107	1	9	1	7	4	2	1	0	0	40	1	0
49	4	106207	7	13	1	7	1	1	0	0	0	40	0	0
61	0	187135	3	10	1	0	1	1	0	0	0	56	0	0
44	0	231793	1	9	0	8	2	1	1	0	0	52	0	0
20	2	228326	3	10	0	3	0	1	0	0	0	60	0	0
36	3	125933	3	10	1	10	1	1	0	5178	0	50	0	1
29	1	211032	2	12	1	2	1	1	0	0	0	72	0	1
51	1	125796	0	7	0	1	2	0	1	0	0	40	0	0
19	0	29526	1	9	0	4	0	1	1	0	0	32	0	0
53	0	158993	4	6	4	4	3	0	1	0	0	40	0	0
43	0	116379	1	9	1	8	1	2	0	0	0	60	27	1
42	0	201343	1	9	1	6	1	1	0	2885	0	40	0	0
44	0	402718	14	2	1	1	1	1	0	0	0	40	4	0
37	6	98360	13	8	1	6	1	1	0	0	0	40	0	0
24	3	285580	7	13	0	5	0	1	0	0	0	25	0	0
27	2	119851	3	10	3	3	3	4	1	0	0	40	0	0
30	0	325509	1	9	1	6	1	1	0	0	0	35	0	0
56	0	204745	3	10	3	8	2	1	1	3325	0	45	0	0
58	0	152874	3	10	2	4	2	0	1	0	0	40	0	0
20	0	139715	1	9	0	6	3	0	1	0	0	40	0	0
36	0	141584	3	10	1	5	1	1	0	0	0	50	0	1
26	0	156848	7	13	0	9	2	1	0	0	0	40	0	0
42	0	40151	1	9	1	12	1	1	0	0	0	60	0	0
24	0	50648	3	10	0	6	0	1	0	0	0	45	0	0
26	0	122920	1	9	0	6	0	1	0	0	0	56	0	0
19	1	91571	3	10	0	7	0	1	1	0	0	25	0	0
21	0	227220	1	9	0	4	5	1	1	0	0	33	0	0
43	5	344519	9	16	1	5	4	1	1	0	0	40	0	1
20	0	133061	3	10	0	12	5	1	0	0	0	40	0	0
47	0	219054	1	9	3	4	3	0	1	0	0	40	0	0
62	1	194276	8	14	1	5	1	1	0	7688	0	40	0	1
46	6	168211	3	10	1	6	1	1	0	5013	0	60	0	0
54	1	220054	7	13	1	5	1	1	0	0	1902	40	0	1
43	6	405601	3	10	1	8	1	1	0	0	0	60	0	0
34	0	240979	1	9	4	6	3	1	0	0	0	80	0	0
47	1	202606	2	12	0	8	2	0	1	0	0	40	0	0
58	0	220896	1	9	1	8	1	1	0	0	0	40	0	1
20	0	24274	1	9	0	4	3	4	1	0	0	35	0	0
26	0	263444	11	11	0	9	2	1	0	14344	0	40	0	1
51	1	99064	8	14	1	5	1	1	0	0	0	35	0	0
53	0	203967	5	15	1	5	1	1	0	0	1887	40	0	1
53	5	94186	2	12	1	5	4	0	1	0	0	37	0	0
68	2	110931	1	9	2	3	2	1	1	0	0	32	0	0
46	1	66934	7	13	3	5	3	1	1	0	0	45	0	0
32	6	196385	0	7	1	6	1	1	0	0	0	40	0	0
42	0	47012	7	13	1	12	1	1	0	0	0	40	0	0
28	0	216013	1	9	0	6	2	1	0	0	0	40	0	0
67	3	98921	2	12	1	8	1	1	0	0	0	50	0	0
23	0	320294	3	10	0	10	2	1	0	0	0	50	0	0
27	0	247102	4	6	3	13	0	1	0	0	0	40	0	0
65	0	155632	1	9	1	13	1	1	0	0	0	25	0	0
22	6	120753	7	13	0	10	0	1	0	0	0	50	0	0
27	0	213921	3	10	0	13	5	1	0	0	0	30	4	0
30	0	94235	0	7	0	7	0	1	0	0	0	40	0	0
44	0	84141	7	13	3	4	2	1	1	0	0	65	0	0
35	0	237943	7	13	1	8	1	1	0	0	0	40	0	0
27	0	225895	1	9	1	4	1	1	0	0	0	40	0	0
36	1	126569	7	13	3	4	0	1	0	0	0	40	0	0
42	5	172307	3	10	1	8	1	1	0	0	0	45	0	0
32	0	111520	3	10	0	4	2	1	0	0	0	34	0	0
53	0	283079	14	2	1	1	1	1	0	0	0	45	0	0
41	0	109969	3	10	3	7	3	1	1	0	0	40	0	0
65	0	146159	6	4	2	11	2	0	1	0	1668	31	0	0
22	5	247319	3	10	0	4	2	4	1	0	0	60	0	0
65	1	200764	1	9	3	7	2	1	1	0	0	16	0	1
21	0	123868	3	10	1	10	1	1	0	0	0	40	0	0
28	0	137063	5	15	1	5	1	1	0	0	0	65	0	0
24	0	112137	7	13	0	10	0	2	1	0	0	50	14	0
39	0	188069	8	14	1	9	1	1	0	15024	0	50	0	1
52	0	102828	7	13	1	8	1	1	0	0	0	40	0	1
18	0	187221	1	9	0	4	5	1	1	0	0	12	11	0
62	0	343982	4	6	2	7	0	0	1	0	0	40	0	0
28	3	146949	4	6	0	10	0	1	0	0	0	80	0	0
41	0	150011	7	13	0	4	0	1	1	0	0	40	0	0
28	0	107812	12	5	0	12	2	1	0	6849	0	35	0	0
43	0	207392	3	10	1	12	1	1	0	3103	0	70	0	1
61	5	140851	7	13	1	5	1	1	0	0	0	40	0	1
26	0	216842	8	14	0	5	2	1	1	0	0	10	0	0
34	0	112115	7	13	0	8	5	1	0	0	0	40	0	0
21	1	185279	1	9	0	7	0	1	0	0	0	20	0	0
60	0	194980	1	9	4	7	3	0	1	0	0	20	0	0
28	0	189530	1	9	1	10	1	1	0	0	0	35	0	0
32	3	38158	11	11	1	1	1	1	0	7298	0	70	0	1
55	2	246219	6	4	1	3	1	1	0	2105	0	40	0	0
51	0	143822	1	9	1	6	1	1	0	0	0	40	0	0
48	0	300851	0	7	1	0	1	0	0	0	0	56	0	0
37	0	184874	1	9	3	9	3	1	1	1151	0	40	0	0
40	0	83827	3	10	3	6	3	1	1	0	0	40	21	0
44	0	112847	6	4	1	6	1	2	0	0	0	40	8	0
27	0	581128	3	10	0	13	0	0	0	0	0	40	0	0
55	3	202652	11	11	1	10	4	1	1	0	0	30	0	0
40	0	171888	7	13	1	5	4	1	1	0	0	24	0	1
30	0	45427	7	13	0	6	2	1	0	0	0	70	0	0
36	0	185848	1	9	0	6	0	1	0	0	0	40	0	0
74	0	282553	6	4	2	4	2	1	1	0	0	40	0	0
34	4	153614	2	12	1	7	1	1	0	0	0	40	0	0
48	0	65353	11	11	1	6	1	1	0	0	0	42	0	0
44	0	244172	10	3	1	12	1	1	0	0	0	40	4	0
48	0	148995	1	9	2	8	2	1	0	14084	0	45	0	1
25	0	274228	1	9	0	4	2	1	0	0	0	65	0	0
33	0	156383	7	13	1	7	4	1	1	0	0	40	0	0
49	0	47403	7	13	0	7	2	1	1	0	0	40	0	1
75	2	226593	1	9	2	3	2	1	1	0	0	20	0	0
33	3	94041	7	13	0	5	2	1	0	0	1974	30	0	0
29	0	271710	7	13	1	5	1	1	0	0	0	50	0	1
47	4	231797	7	13	1	8	1	1	0	0	1977	55	0	1
33	0	188403	1	9	0	0	2	1	0	0	0	44	0	0
65	0	444725	5	15	5	6	2	1	0	0	0	48	35	1
17	0	242605	4	6	0	13	0	1	0	0	0	15	0	0
58	0	244605	7	13	2	6	2	1	0	0	0	40	0	1
55	0	335276	3	10	0	7	0	1	1	0	0	40	0	0
37	3	284616	3	10	0	10	0	1	0	0	0	48	0	0
60	0	162151	1	9	1	12	1	1	0	0	0	45	0	0
25	0	60358	1	9	1	0	1	1	0	0	0	45	0	0
34	0	151693	1	9	3	7	3	1	1	0	0	40	0	0
20	2	369907	3	10	0	3	0	1	0	0	0	20	0	0
26	0	171636	7	13	1	8	1	1	0	0	0	72	0	0
34	0	118901	1	9	4	0	2	1	1	0	0	40	0	0
48	5	28419	7	13	3	8	3	1	0	0	0	40	0	0
34	0	608881	1	9	0	6	2	0	0	0	0	40	0	0
31	6	112564	3	10	0	10	5	1	0	0	0	40	1	0
25	0	171472	11	11	0	7	2	1	1	0	0	42	0	0
20	0	236804	3	10	0	10	0	1	0	0	0	15	0	0
38	0	212252	5	15	1	5	4	1	1	0	0	50	0	1
69	0	119907	8	14	3	5	2	1	1	0	0	40	0	0
27	1	352797	1	9	5	10	0	0	1	0	0	40	0	0
32	0	97281	3	10	0	8	0	1	0	0	0	40	0	0
65	0	154351	1	9	0	7	2	0	1	2993	0	40	0	0
22	0	117606	7	13	0	10	0	1	1	0	0	8	0	0
25	0	222089	1	9	0	4	3	0	1	0	0	40	9	0
40	0	199668	1	9	3	10	0	1	1	0	0	25	0	0
29	1	194869	7	13	1	5	1	1	0	0	0	55	0	1
33	0	283268	7	13	3	8	3	1	1	0	0	40	0	0
60	0	170278	10	3	2	10	2	1	1	0	0	40	24	0
28	4	90787	1	9	1	7	1	0	0	0	0	40	0	0
28	0	110749	1	9	3	8	2	1	1	0	0	39	0	0
72	3	173864	6	4	1	4	1	1	0	2290	0	45	0	0
35	0	278442	7	13	1	10	1	1	0	7298	0	48	0	1
33	5	162705	3	10	3	4	3	1	1	0	0	99	0	1
36	0	326352	8	14	0	5	2	1	0	0	0	45	0	0
18	0	105854	1	9	0	6	5	3	0	0	0	32	0	0
38	6	116608	3	10	1	4	4	1	1	0	0	20	0	1
48	0	182655	7	13	1	8	1	1	0	0	0	40	0	1
22	0	213834	11	11	0	10	0	1	1	0	0	20	0	0
29	0	42881	7	13	1	8	4	1	1	0	0	40	0	1
81	3	240414	7	13	2	1	2	1	0	0	0	30	0	0
19	0	37688	1	9	0	4	0	1	0	0	0	25	0	0
39	3	189922	1	9	1	8	1	1	0	0	0	60	0	1
20	2	323309	1	9	0	3	0	3	0	0	0	60	14	0
41	4	341638	2	12	1	2	1	1	0	0	0	92	0	0
50	0	114758	1	9	1	6	1	1	0	0	0	40	0	1
54	0	288557	1	9	2	10	2	1	1	0	0	46	0	0
18	2	191817	0	7	0	3	0	1	0	0	0	20	4	0
18	0	222851	0	7	0	10	0	1	1	0	0	10	0	0
54	0	93605	1	9	3	12	2	1	0	0	0	40	0	0
47	0	263984	3	10	5	8	2	0	0	0	0	40	1	0
21	0	190916	3	10	0	10	0	1	1	0	0	20	0	0
22	0	384787	12	5	0	10	5	1	1	0	0	40	4	0
19	1	43921	3	10	0	0	2	1	0	0	0	40	0	0
37	0	183739	8	14	1	5	4	1	1	0	0	8	0	1
37	0	490871	0	7	1	6	1	0	0	0	0	25	0	0
31	0	173473	8	14	1	5	1	2	0	0	0	45	0	1
31	3	24504	1	9	0	6	3	1	0	0	0	50	0	0
60	0	113080	1	9	1	8	1	1	0	0	0	50	0	0
43	0	197093	7	13	0	0	2	0	0	0	0	40	0	0
65	0	56924	1	9	2	11	2	1	1	0	0	10	0	0
33	4	207723	8	14	0	5	2	2	0	0	0	40	1	0
32	0	327902	1	9	1	10	1	1	0	0	0	40	0	0
36	0	197860	1	9	3	4	3	0	1	0	0	40	10	0
53	0	95647	3	10	1	8	1	1	0	0	0	50	0	1
50	0	98227	1	9	3	6	2	1	0	0	0	40	0	0
23	0	430151	0	7	0	6	3	1	0	0	0	30	0	0
60	0	73069	3	10	0	7	2	1	1	0	0	38	0	0
32	0	101345	8	14	0	5	0	1	1	0	1741	40	0	0
36	0	196123	8	14	1	5	1	1	0	0	0	43	0	1
20	0	24008	3	10	0	5	0	1	0	0	0	40	0	0
39	0	67433	1	9	3	7	3	1	1	0	0	40	0	0
35	2	224466	1	9	0	3	5	0	0	0	0	24	0	0
29	0	292120	1	9	3	7	3	1	1	0	0	30	0	0
52	0	198362	7	13	0	10	5	1	1	0	0	25	0	0
41	0	231507	1	9	3	10	3	1	1	0	0	40	0	0
28	0	216178	7	13	1	8	1	1	0	0	0	50	0	1
52	2	91447	7	13	2	3	2	1	1	0	2205	8	0	0
40	0	232820	11	11	3	8	3	4	1	0	0	40	0	0
40	0	53956	7	13	1	5	1	1	0	0	0	50	0	0
22	0	155913	1	9	0	4	0	1	0	0	0	18	0	0
69	0	104827	1	9	2	9	3	1	1	0	0	8	0	0
28	0	197222	3	10	0	9	0	1	1	0	0	38	0	0
57	0	255406	1	9	3	6	2	1	1	0	1980	44	0	0
54	4	278076	1	9	1	8	1	1	0	5178	0	40	0	1
41	1	231348	7	13	1	10	1	1	0	0	0	40	0	0
28	0	196286	1	9	0	7	2	1	1	0	0	40	0	0
39	0	76417	1	9	1	1	1	1	0	0	0	40	0	0
39	6	190964	1	9	1	8	1	1	0	3137	0	42	0	0
57	4	239486	3	10	1	7	1	1	0	7688	0	45	0	1
18	0	101709	1	9	0	10	0	2	0	0	0	15	0	0
53	0	120914	0	7	1	0	1	1	0	0	0	40	0	0
44	0	60722	1	9	3	10	2	2	1	0	0	40	0	0
28	0	257405	10	3	0	1	3	0	0	0	0	40	4	0
61	0	32209	12	5	1	0	1	1	0	0	2051	40	0	0
45	0	431245	3	10	1	12	1	1	0	0	0	40	0	0
52	3	95082	1	9	1	10	1	1	0	0	0	60	0	0
57	0	220986	1	9	1	10	1	1	0	0	0	40	0	1
40	0	87771	1	9	0	7	2	1	1	0	0	40	0	0
72	6	199233	5	15	1	5	1	1	0	0	2377	35	0	1
23	0	133515	7	13	0	10	3	1	1	0	0	20	0	0
46	0	117310	1	9	4	10	2	1	1	0	0	36	0	0
51	0	163027	1	9	3	13	3	1	1	0	0	20	0	0
46	0	169711	3	10	1	5	1	1	0	0	0	40	0	1
43	0	91317	2	12	0	6	3	1	1	0	0	40	0	0
42	0	106159	7	13	1	5	1	1	0	0	0	40	0	1
53	1	177063	3	10	1	7	1	1	0	0	0	40	0	1
31	0	175059	1	9	3	10	2	1	1	0	0	40	0	0
35	0	129573	7	13	1	10	1	1	0	15024	0	45	0	1
59	0	169611	1	9	3	10	3	1	1	0	0	40	0	0
38	0	247506	1	9	1	6	1	1	0	0	0	40	0	0
19	0	37085	3	10	0	7	0	1	1	0	0	20	0	0
25	0	202033	8	14	0	8	2	1	0	0	0	45	0	0
26	0	179864	1	9	1	0	1	1	0	0	0	40	0	0
51	5	88020	7	13	1	5	1	0	0	0	0	40	0	0
28	2	243190	7	13	0	3	2	2	0	0	0	30	1	0
33	0	102270	1	9	1	4	4	1	1	0	0	30	0	0
25	0	81286	1	9	0	6	2	1	0	2174	0	40	0	0
23	2	205690	11	11	0	3	3	0	0	0	0	40	0	0
35	5	37314	11	11	0	6	2	1	0	0	0	40	0	0
41	0	29213	3	10	1	6	1	1	0	0	0	45	0	0
43	3	451019	7	13	0	10	0	1	0	0	0	35	0	0
49	6	125892	5	15	1	5	1	1	0	0	0	40	0	1
45	0	259412	5	15	1	5	1	1	0	99999	0	50	0	1
49	4	207540	7	13	1	7	1	1	0	0	0	40	0	1
38	0	110167	8	14	3	8	2	1	1	0	0	40	0	0
39	0	430336	1	9	1	8	1	0	0	7688	0	45	0	1
39	6	210610	5	15	1	5	1	1	0	0	0	31	22	1
26	0	86483	4	6	3	4	2	1	1	0	0	40	0	0
17	0	138507	4	6	0	13	0	1	0	0	0	12	0	0
26	4	345157	1	9	0	7	0	1	0	0	0	40	0	0
71	1	161342	1	9	3	8	3	1	1	0	0	3	0	0
27	0	159109	3	10	0	10	0	1	0	0	0	42	0	0
34	0	54608	3	10	0	6	2	1	0	0	0	40	0	0
35	1	433602	1	9	0	10	0	0	0	0	0	38	0	0
36	3	350103	1	9	1	6	1	1	0	0	0	40	0	0
39	0	166193	1	9	1	6	1	1	0	0	0	40	0	1
41	4	56236	1	9	3	2	3	0	0	1506	0	40	0	0
47	0	156926	7	13	1	5	1	1	0	0	0	40	0	1
36	0	26698	1	9	1	7	1	1	0	0	0	50	0	0
43	3	75993	1	9	1	6	1	1	0	0	0	35	0	0
39	0	312271	3	10	1	8	1	1	0	0	0	50	0	1
35	0	70282	1	9	0	8	3	0	1	0	0	40	0	0
22	0	259109	7	13	0	5	0	1	0	0	0	18	0	0
45	0	192360	8	14	1	8	1	1	0	0	1902	50	0	1
33	0	373432	3	10	4	6	0	1	0	0	0	60	0	0
21	1	176998	1	9	0	5	2	1	0	0	0	40	0	0
37	4	32950	2	12	3	8	3	0	1	0	0	40	0	0
30	3	48520	1	9	0	10	0	1	0	0	0	80	0	0
47	5	237525	1	9	1	2	1	1	0	0	0	40	0	0
45	0	202746	7	13	1	4	1	1	0	0	0	40	0	0
25	0	179255	3	10	0	7	0	1	1	0	0	25	0	0
47	6	337825	3	10	1	10	1	1	0	0	0	45	0	1
68	3	191517	3	10	2	7	2	1	0	0	0	40	0	0
27	0	239130	1	9	0	5	2	1	0	0	2444	40	0	1
42	0	233366	10	3	1	6	1	3	0	3103	0	40	4	1
36	2	137492	1	9	3	3	3	0	1	0	0	40	0	0
28	0	66893	7	13	0	5	2	1	0	0	1564	50	0	1
61	0	266646	10	3	1	12	1	0	0	2290	0	40	0	0
33	0	238246	1	9	4	4	2	1	1	0	0	40	7	0
23	0	215616	1	9	0	7	2	1	1	0	0	45	0	0
40	0	148316	1	9	1	6	1	1	0	0	0	40	0	0
25	0	172402	3	10	0	7	0	1	1	0	0	40	0	0
45	0	195918	1	9	1	10	1	1	0	0	0	60	0	0
23	0	33016	1	9	0	6	2	1	0	0	0	40	0	0
30	0	267281	7	13	0	5	2	1	0	0	0	50	0	0
33	4	43608	3	10	0	8	2	0	1	0	0	40	0	0
21	0	57827	1	9	2	6	0	1	0	0	0	40	0	0
28	0	110145	12	5	1	0	1	1	0	0	0	40	0	0
42	0	162884	1	9	3	11	3	1	1	0	0	60	15	0
43	5	145166	3	10	1	12	1	1	0	0	0	84	0	0
50	0	193720	7	13	1	10	1	1	0	7688	0	40	0	1
48	0	310639	3	10	3	8	2	1	0	0	0	50	0	0
49	0	196360	3	10	1	8	1	1	0	0	0	46	0	1
28	0	370675	7	13	0	5	2	1	1	0	1408	50	36	0
36	0	398931	7	13	1	10	1	1	0	0	1902	40	0	1
28	1	104329	3	10	1	2	1	1	0	0	0	50	0	0
61	6	103575	5	15	1	8	1	1	0	99999	0	40	0	1
25	5	222800	3	10	1	2	1	1	0	0	0	40	0	0
48	0	176239	12	5	3	4	2	1	1	0	0	40	0	0
36	0	321274	3	10	1	6	1	1	0	0	0	40	0	1
46	0	192713	1	9	1	6	1	1	0	0	0	45	1	0
25	0	407714	1	9	0	0	2	1	0	0	0	40	0	0
36	2	247547	1	9	0	3	2	0	1	0	0	40	0	0
45	0	123219	10	3	0	0	2	1	0	0	0	40	0	0
18	0	165950	0	7	0	4	0	1	1	0	0	21	0	0
28	0	182509	3	10	0	13	2	1	0	0	0	35	0	0
39	0	27408	1	9	1	10	1	1	0	7298	0	50	0	1
33	0	110592	7	13	1	5	1	1	0	0	0	50	0	1
28	5	175409	3	10	4	7	2	1	1	0	0	40	0	0
48	0	172822	3	10	3	6	3	1	0	15020	0	48	0	1
21	0	265361	1	9	0	1	2	1	0	0	0	50	0	0
26	5	106491	3	10	0	8	0	1	0	0	0	40	0	0
40	0	179557	7	13	3	8	2	1	0	0	0	40	0	0
63	0	187919	8	14	1	5	1	1	0	5013	0	45	0	0
45	0	196707	8	14	1	10	1	1	0	0	0	50	0	1
22	0	216129	3	10	0	9	0	1	0	0	0	40	0	0
52	3	100480	1	9	3	6	2	1	0	0	0	44	0	0
57	3	69905	1	9	1	4	4	1	1	15024	0	40	0	1
38	0	297767	8	14	1	5	1	0	0	0	0	40	0	0
46	3	214627	7	13	1	10	1	1	0	0	1977	45	0	1
52	0	251908	8	14	3	5	3	1	1	0	2547	40	0	1
55	6	304695	5	15	1	5	1	1	0	0	0	55	0	0
21	0	48121	3	10	0	10	2	1	0	0	0	40	0	0
30	0	125228	1	9	1	10	1	1	0	0	0	50	0	0
17	0	408012	13	8	0	10	0	1	1	0	0	15	0	0
57	0	161642	1	9	1	8	1	1	0	0	0	45	0	1
30	0	181212	3	10	0	8	5	1	1	0	0	40	0	0
48	6	76482	3	10	1	1	1	1	0	0	0	50	0	0
24	0	295073	1	9	0	13	2	0	0	0	0	50	0	0
45	2	69596	4	6	3	3	3	1	1	0	0	40	0	0
40	0	262461	1	9	1	0	1	0	0	0	0	40	0	0
34	1	112680	1	9	3	4	3	1	1	0	0	20	0	0
35	0	342642	8	14	5	2	2	1	0	0	0	40	0	0
24	0	211968	7	13	0	9	2	1	1	0	0	40	0	0
47	1	153536	8	14	1	8	1	1	0	0	0	37	0	1
21	0	188923	1	9	0	4	0	1	1	0	0	25	0	0
30	0	391114	2	12	0	10	2	1	0	0	0	40	0	0
52	0	45599	1	9	1	6	1	1	0	0	0	50	1	0
37	0	119929	1	9	0	10	2	1	0	0	0	47	0	0
24	0	130442	11	11	0	10	2	1	0	0	0	30	0	0
41	0	192602	3	10	1	6	1	1	0	0	0	40	0	1
61	0	328881	7	13	1	5	1	1	0	0	1902	40	0	1
37	0	165034	1	9	1	13	1	1	0	0	2002	40	0	0
39	0	93174	1	9	3	12	0	1	0	0	0	60	0	0
28	1	205903	2	12	1	2	1	1	0	0	0	45	0	1
24	6	197496	7	13	0	7	0	1	0	0	0	20	0	0
29	0	226941	3	10	1	8	1	1	0	0	0	55	0	0
61	0	199193	2	12	3	5	0	1	0	0	0	40	0	0
38	0	187870	7	13	1	6	1	1	0	0	0	40	0	1
56	0	364899	9	16	1	5	1	1	0	7688	0	65	0	1
28	0	437994	3	10	0	4	2	0	0	0	0	60	0	0
24	0	166827	1	9	3	10	2	1	1	0	0	30	0	0
35	0	207819	7	13	1	8	1	1	0	15024	0	50	0	1
31	0	37939	3	10	1	10	1	1	0	0	0	43	0	0
39	0	77146	3	10	1	10	1	1	0	0	0	55	0	1
35	2	29075	0	7	3	3	3	4	1	0	0	6	0	0
20	0	167868	1	9	0	4	2	1	1	0	0	35	0	0
25	0	150132	1	9	0	7	2	1	1	0	0	40	0	0
23	0	365881	7	13	0	8	2	1	0	0	0	25	0	0
37	0	105044	7	13	1	5	1	1	0	0	0	40	0	1
47	0	145636	1	9	1	0	1	1	0	0	0	40	0	1
36	0	161547	7	13	0	10	3	0	1	0	0	40	0	0
34	4	77218	1	9	3	7	2	1	1	0	0	40	0	0
35	3	241126	1	9	0	6	5	1	0	0	0	60	0	0
85	6	155981	7	13	2	8	2	1	0	0	0	40	0	1
71	6	45741	7	13	1	10	1	1	0	20051	0	30	0	1
23	0	256356	1	9	0	7	0	1	1	0	0	40	0	0
39	5	105803	8	14	1	5	1	1	0	0	0	48	0	1
77	6	29702	1	9	1	4	1	1	0	0	0	35	0	1
20	0	107882	3	10	0	7	0	1	1	0	0	20	0	0
40	0	77572	3	10	3	10	3	2	1	0	0	40	0	0
34	0	209768	7	13	1	8	1	1	0	15024	0	60	0	1
33	0	89360	1	9	1	12	1	0	0	5178	0	55	0	1
34	3	227540	7	13	1	10	1	2	0	0	0	60	17	0
36	0	292570	1	9	0	7	0	1	1	3325	0	40	0	0
36	0	409189	0	7	1	7	1	1	0	0	0	40	0	0
32	1	194901	2	12	1	8	1	1	0	0	2057	70	0	0
26	1	219796	7	13	1	2	1	1	0	0	0	43	0	0
37	5	117166	8	14	1	8	1	1	0	0	0	40	1	0
42	0	228320	7	13	1	10	1	1	0	5178	0	45	0	1
38	0	236391	1	9	1	6	1	1	0	0	0	45	0	1
48	0	193451	4	6	1	0	1	1	0	0	0	40	0	0
23	0	223367	3	10	0	13	0	1	0	0	0	40	0	0
37	0	33001	1	9	1	10	1	1	0	0	0	50	0	0
38	0	173858	7	13	1	8	1	2	0	7688	0	35	27	1
33	0	240441	3	10	3	6	2	1	0	0	0	45	0	0
26	0	160264	0	7	0	4	2	0	1	0	0	40	0	0
25	0	230403	7	13	1	4	4	1	1	0	0	40	0	0
61	0	154536	4	6	2	6	3	0	1	0	2001	40	0	0
44	3	247024	7	13	1	10	1	1	0	0	0	50	0	0
65	6	410199	7	13	1	8	1	1	0	9386	0	35	0	1
23	0	191878	3	10	0	10	0	0	1	0	0	38	1	0
67	5	54269	4	6	2	4	2	1	1	0	0	12	0	0
37	0	205997	1	9	3	7	2	1	1	0	0	40	0	0
48	0	47343	5	15	1	5	1	1	0	0	1977	70	0	1
35	4	403489	1	9	0	7	0	1	0	0	0	40	0	0
48	0	232149	7	13	3	9	0	1	1	0	0	40	0	0
50	2	339547	3	10	1	3	1	2	0	0	0	50	1	0
36	0	186819	2	12	1	9	1	1	0	0	0	40	0	1
20	0	89991	3	10	0	10	5	1	1	0	0	35	0	0
32	0	112139	1	9	1	10	1	1	0	0	0	30	0	0
18	0	244571	0	7	0	7	0	1	1	0	0	10	0	0
36	0	220696	1	9	1	0	1	1	0	0	0	40	0	1
50	0	135102	8	14	1	8	1	1	0	0	0	55	0	1
24	0	209417	3	10	1	10	1	1	0	7298	0	60	0	1
43	0	199689	7	13	5	10	3	1	1	0	0	20	0	0
27	0	240172	3	10	0	10	2	1	0	0	0	40	0	0
17	2	94492	4	6	0	3	0	1	1	0	0	30	0	0
29	0	188564	7	13	1	5	1	1	0	0	1977	45	0	1
19	0	264527	3	10	0	4	0	1	0	0	0	25	0	0
38	0	189922	11	11	1	10	1	1	0	0	0	50	0	1
64	0	182044	4	6	1	12	1	1	0	0	0	50	0	0
31	3	271173	3	10	0	6	0	0	0	4650	0	40	0	0
30	0	203034	11	11	5	6	2	1	0	0	0	40	0	0
30	0	100734	7	13	1	8	5	1	1	0	0	40	37	1
33	0	169269	7	13	1	5	1	1	0	15024	0	40	12	1
59	0	24244	3	10	3	4	2	1	1	0	0	40	0	0
40	0	132222	8	14	1	5	1	1	0	0	0	50	0	0
27	0	199118	3	10	0	7	2	1	1	4865	0	40	0	0
34	0	223212	7	13	1	5	1	1	0	0	0	45	2	0
27	0	284859	3	10	1	13	1	1	0	0	0	50	0	0
23	0	112854	3	10	0	10	5	1	1	0	0	35	0	0
41	4	92968	8	14	0	9	2	0	0	0	0	40	0	0
36	0	181553	1	9	1	4	1	1	0	0	0	40	1	0
25	0	266668	3	10	0	8	0	1	0	0	0	20	0	0
33	0	29144	7	13	1	8	1	1	0	0	0	55	0	1
26	3	389856	7	13	0	10	2	1	0	0	0	60	0	0
42	0	111589	11	11	1	8	1	1	0	0	0	40	0	0
25	0	232938	3	10	0	1	3	1	0	0	0	40	0	0
45	0	103540	1	9	1	5	1	1	0	3103	0	40	0	1
59	0	249814	1	9	4	4	2	1	1	0	0	37	0	0
26	0	30776	7	13	1	10	1	1	0	0	0	40	0	1
20	0	184779	3	10	0	7	2	1	1	0	0	40	0	0
53	3	93449	5	15	1	5	1	2	0	0	0	40	17	1
32	1	178107	1	9	0	1	0	1	0	0	0	40	0	0
22	0	198956	1	9	0	13	3	3	0	0	0	35	0	0
53	0	130143	7	13	3	10	2	1	0	0	0	45	0	0
47	0	171807	3	10	3	9	2	1	1	0	0	40	0	0
21	2	436431	15	1	1	3	5	1	1	0	0	40	4	0
17	0	162205	4	6	0	13	0	1	1	0	0	15	0	0
48	0	97470	3	10	1	8	1	1	0	0	0	40	0	1
32	3	158603	11	11	0	10	3	1	1	0	0	7	0	0
58	0	348430	1	9	1	6	1	1	0	0	0	40	0	1
72	0	109385	14	2	1	4	1	0	0	0	0	36	0	0
45	0	188998	8	14	3	5	2	1	0	0	0	38	0	0
41	0	210591	1	9	1	0	1	1	0	0	0	40	0	0
66	3	37170	1	9	1	7	1	1	0	0	0	42	0	1
34	0	169583	8	14	0	8	2	1	1	0	0	50	0	1
33	0	180624	1	9	3	0	3	0	1	0	0	40	0	0
47	0	186311	7	13	0	8	2	1	1	0	0	50	0	0
35	0	106471	7	13	0	6	2	1	0	0	0	35	0	0
27	0	37302	2	12	1	0	1	1	0	0	0	40	0	0
49	0	91608	3	10	1	6	1	1	0	0	0	40	0	0
36	0	263896	1	9	3	7	3	0	1	0	0	40	0	0
25	0	335376	2	12	0	7	0	1	1	0	0	38	0	0
38	0	186531	1	9	0	0	2	1	0	0	0	40	0	0
21	5	42706	3	10	0	7	0	1	0	0	0	30	0	0
29	0	180115	1	9	0	9	2	1	1	0	0	45	0	0
42	0	191196	2	12	3	7	2	1	0	0	0	40	0	0
28	0	209109	7	13	3	8	2	1	0	0	0	40	0	0
26	0	199224	3	10	0	13	2	1	0	0	0	30	0	0
65	5	42488	5	15	1	8	1	1	0	2653	0	8	0	0
19	3	63574	3	10	0	1	0	1	0	0	0	40	0	0
22	0	227943	3	10	0	2	0	1	0	0	0	40	0	0
54	0	297551	3	10	1	6	1	1	0	7298	0	40	0	1
46	0	343579	7	13	1	6	1	1	0	0	0	77	0	0
34	0	230246	1	9	0	6	2	1	0	2202	0	99	0	0
57	3	110199	1	9	1	1	1	1	0	0	0	20	0	0
32	0	178691	7	13	0	8	0	1	1	0	0	45	0	0
36	3	165855	7	13	1	10	1	1	0	0	0	40	7	0
34	0	27565	11	11	1	6	4	4	1	0	0	27	0	1
54	0	220115	1	9	1	6	1	1	0	0	1628	40	0	0
34	0	113751	0	7	3	10	0	0	1	0	0	37	0	0
72	0	128793	10	3	1	4	1	0	0	0	0	36	0	0
23	0	97472	1	9	1	6	1	1	0	0	0	40	0	0
53	0	153064	10	3	1	8	1	1	0	7688	0	10	34	1
57	0	190488	0	7	1	6	1	1	0	0	0	40	0	1
22	1	326283	3	10	0	8	0	2	0	0	0	20	0	0
40	0	61287	3	10	1	9	1	1	0	0	0	40	0	0
31	0	214288	3	10	1	6	1	1	0	0	0	40	0	0
18	0	198856	3	10	0	4	0	1	1	0	0	32	0	0
51	4	914061	3	10	1	7	1	1	0	0	0	44	0	1
24	0	186648	2	12	0	10	0	1	0	0	0	25	0	0
49	0	350759	7	13	1	10	1	1	0	0	0	60	0	1
76	2	197988	10	3	1	3	1	1	0	0	0	8	0	0
37	0	188571	1	9	1	12	1	1	0	0	0	40	0	0
29	0	112776	1	9	3	8	3	1	1	0	0	45	0	0
21	0	100345	1	9	0	6	0	1	0	0	0	53	0	0
49	0	291783	7	13	1	10	1	1	0	0	0	40	0	0
69	2	156387	1	9	1	3	1	1	0	0	0	40	0	0
38	2	295166	1	9	1	3	1	0	0	0	0	40	0	0
44	0	132849	8	14	0	6	3	0	1	0	0	40	0	0
31	0	300497	3	10	3	8	3	0	0	0	0	40	0	0
54	0	338089	8	14	4	8	2	1	0	0	0	40	0	0
26	0	104257	1	9	0	4	2	1	1	0	0	50	0	0
40	0	112247	7	13	0	8	2	1	1	0	0	50	0	0
41	4	73070	8	14	0	5	5	1	1	0	0	40	0	0
48	6	49298	9	16	1	5	1	1	0	0	1902	50	0	1
51	1	289390	8	14	1	5	1	1	0	7298	0	40	0	1
36	0	219546	3	10	1	8	1	1	0	0	0	60	0	1
35	0	194490	1	9	0	6	2	1	1	0	0	40	0	0
32	0	358655	8	14	3	10	2	1	1	0	0	50	0	1
39	0	286026	7	13	1	6	1	1	0	0	0	52	0	0
55	0	401473	8	14	2	8	2	1	1	0	0	40	0	1
26	0	197967	1	9	0	6	0	1	0	0	0	40	0	0
46	1	216647	4	6	3	2	3	1	1	0	0	20	0	0
70	3	355536	1	9	1	9	4	1	1	0	0	24	0	0
20	0	193130	3	10	0	7	0	1	1	0	0	30	0	0
46	6	67725	7	13	1	8	1	1	0	0	0	10	0	0
35	0	209629	1	9	3	8	2	1	0	0	0	40	0	0
20	0	143964	1	9	0	4	0	0	1	0	0	40	0	0
57	6	249072	3	10	1	8	1	1	0	99999	0	60	0	1
64	2	285742	4	6	1	3	1	1	0	0	0	50	0	1
63	3	130221	8	14	1	10	1	1	0	0	0	60	0	1
21	4	201815	3	10	0	7	0	0	1	0	0	30	0	0
43	1	67243	7	13	1	2	1	1	0	0	0	45	0	1
35	0	202263	2	12	0	8	2	1	0	0	0	38	0	0
21	0	122048	3	10	0	7	0	1	1	0	0	29	0	0
23	0	231866	1	9	0	13	0	1	0	0	0	38	0	0
35	0	211440	2	12	1	5	1	1	0	0	0	45	0	0
28	0	25955	11	11	0	5	3	4	0	0	0	40	0	0
61	2	274499	1	9	1	3	1	0	0	0	0	40	0	0
45	3	305474	4	6	1	6	1	0	0	0	0	40	10	0
73	1	222702	4	6	1	1	1	1	0	0	0	5	0	0
33	5	120460	1	9	1	6	1	1	0	0	0	40	0	0
25	0	31657	11	11	4	4	2	1	1	0	0	34	0	0
19	0	327079	3	10	0	7	0	1	1	0	0	40	0	0
42	0	234633	0	7	1	12	1	1	0	0	0	47	0	0
27	0	203776	7	13	1	10	1	1	0	7688	0	45	0	1
24	6	242138	7	13	0	10	0	1	1	0	0	20	0	0
19	0	276937	3	10	0	10	0	1	1	0	0	25	0	0
36	0	117528	1	9	4	7	3	1	1	0	0	38	0	0
41	3	171351	1	9	1	6	1	1	0	0	0	50	0	1
43	0	138471	3	10	0	7	2	1	0	0	0	40	0	0
40	1	329341	8	14	1	8	1	1	0	0	0	35	0	1
57	0	62539	1	9	3	7	3	1	1	0	1876	38	0	0
58	0	265579	1	9	3	7	2	1	1	0	0	40	0	0
22	0	218215	3	10	0	7	0	1	1	0	0	35	0	0
39	4	116369	3	10	1	7	1	1	0	0	0	48	0	0
24	0	403107	15	1	0	7	2	1	0	0	0	40	4	0
29	5	103389	5	15	0	5	2	1	1	4787	0	40	0	1
26	5	624006	1	9	1	4	1	1	0	0	0	40	0	0
27	0	344094	1	9	0	6	0	1	0	0	0	40	0	0
67	6	147377	1	9	1	8	1	1	0	0	0	45	0	0
49	0	90579	1	9	1	6	1	0	0	5013	0	50	0	0
47	0	91972	1	9	1	11	4	1	1	0	0	35	0	1
59	3	275236	0	7	1	10	1	1	0	0	0	70	0	1
23	0	340432	1	9	0	6	2	1	0	0	0	40	0	0
35	0	158592	11	11	1	8	1	1	0	3103	0	50	0	1
48	0	278303	1	9	1	6	1	1	0	0	0	55	0	0
33	3	300681	4	6	1	12	1	0	0	0	0	50	1	0
37	0	160192	2	12	0	5	2	1	0	6849	0	80	0	0
29	0	148429	1	9	1	1	1	1	0	0	0	60	0	0
24	0	210474	8	14	0	5	0	1	1	0	0	40	0	0
41	0	510072	7	13	1	5	1	1	0	0	0	40	0	1
21	3	328906	1	9	0	6	2	1	0	4865	0	35	0	0
26	0	247196	3	10	0	13	0	1	0	0	0	35	0	0
54	0	178839	1	9	1	8	1	1	0	0	1848	40	21	1
60	0	178764	1	9	1	5	1	1	0	0	0	25	0	0
38	0	218490	1	9	0	6	0	1	0	0	0	40	0	0
19	0	44047	1	9	0	0	2	1	0	0	0	40	0	0
41	1	125268	7	13	0	5	3	0	1	0	0	40	0	0
37	1	76845	8	14	0	5	2	0	0	0	0	40	1	0
37	1	484475	7	13	0	4	2	0	0	0	0	60	0	0
22	0	114357	3	10	0	4	2	1	0	0	0	35	0	0
33	0	219619	8	14	1	5	1	1	0	15024	0	40	0	1
22	2	33016	3	10	0	3	0	1	0	0	0	40	0	0
47	1	319205	3	10	3	7	3	1	1	0	0	40	0	0
54	2	389182	1	9	3	3	2	1	1	0	0	60	7	0
34	0	262118	11	11	0	8	3	4	1	0	0	40	0	0
50	0	141340	7	13	1	10	1	1	0	0	0	50	0	0
35	0	189703	12	5	1	4	1	1	0	0	0	32	0	0
41	2	307589	7	13	1	3	4	2	1	0	0	5	8	0
29	0	116531	8	14	0	5	2	1	1	0	0	40	0	0
27	0	142621	7	13	0	5	2	1	1	0	0	40	0	0
44	6	327573	8	14	3	5	2	1	0	0	0	40	0	0
21	0	24896	3	10	0	4	0	1	1	0	0	35	0	0
36	0	69251	1	9	1	4	5	2	0	0	0	40	8	0
38	0	91716	0	7	3	0	2	1	0	0	0	40	0	0
38	0	93717	11	11	3	8	2	1	1	0	0	45	0	0
38	3	111499	5	15	0	5	2	1	1	0	0	32	0	0
41	2	193537	2	12	3	3	3	1	1	0	0	10	5	0
24	0	307267	7	13	0	7	2	1	1	0	0	40	0	0
52	0	249196	2	12	1	8	1	1	0	0	0	55	0	1
64	2	201700	6	4	1	3	1	1	0	0	0	40	0	0
52	0	188644	3	10	1	12	1	1	0	0	0	30	4	0
32	0	255004	1	9	1	6	1	1	0	0	0	50	0	0
34	0	100145	3	10	1	7	4	1	1	0	0	20	0	0
18	0	183274	0	7	0	4	0	1	1	594	0	30	0	0
45	3	44671	3	10	1	13	1	1	0	0	0	40	0	0
24	0	354351	7	13	0	5	2	1	0	0	0	40	0	0
43	0	346189	3	10	1	5	1	1	0	0	0	40	0	1
49	0	304864	3	10	3	9	3	0	1	0	0	35	0	0
68	6	505365	7	13	4	10	3	1	0	0	0	70	25	0
18	5	268520	1	9	0	7	0	1	1	0	0	40	0	0
27	5	210295	7	13	1	2	1	1	0	0	0	40	0	0
18	0	103339	4	6	0	10	0	1	1	0	1719	16	0	0
33	0	145437	3	10	3	6	3	1	0	0	0	40	0	0
48	0	56071	7	13	1	6	1	1	0	0	0	40	0	1
34	0	233729	2	12	1	5	1	0	0	0	0	50	0	1
41	0	265932	1	9	3	7	3	1	1	0	0	45	0	0
74	0	154347	1	9	0	12	2	1	0	0	0	10	0	0
40	0	277507	1	9	5	13	2	1	0	0	1669	40	0	0
53	4	172898	5	15	1	5	1	1	0	0	0	60	0	1
47	0	182655	11	11	1	9	1	1	0	0	0	52	0	1
20	2	175431	3	10	0	3	0	1	0	0	0	40	0	0
30	0	181460	1	9	3	4	3	1	1	0	0	37	0	0
38	0	149771	1	9	3	6	2	1	0	3325	0	40	0	0
44	0	45363	3	10	1	9	1	1	0	0	0	44	0	1
48	0	180010	3	10	4	6	3	1	1	0	0	40	0	0
36	2	103886	1	9	1	3	1	1	0	0	0	15	0	0
20	0	233198	1	9	0	6	0	1	0	0	0	40	0	0
47	4	124974	3	10	3	7	2	1	1	0	0	25	0	0
61	2	29059	1	9	2	3	2	1	1	0	0	12	0	0
34	0	136331	1	9	1	12	1	1	0	0	0	60	0	0
43	0	106900	3	10	1	5	1	1	0	0	0	40	0	0
25	3	314464	1	9	0	6	0	1	0	0	0	40	0	0
51	5	152810	11	11	1	9	1	1	0	0	0	40	0	1
50	5	76728	3	10	3	7	2	1	1	0	0	39	0	0
42	0	55854	7	13	1	8	1	1	0	0	0	40	0	0
17	0	36801	4	6	0	4	0	1	1	0	0	18	0	0
51	2	243631	1	9	1	3	1	2	0	2105	0	20	14	0
46	1	155654	8	14	0	5	2	1	1	0	0	40	0	0
51	0	173987	1	9	1	10	1	1	0	0	0	48	0	1
18	0	115725	0	7	0	4	0	1	1	0	0	12	0	0
21	0	154556	3	10	0	4	0	1	0	0	0	15	1	0
33	3	234976	7	13	1	10	4	1	1	0	0	40	0	1
27	0	122913	6	4	1	12	1	1	0	0	0	40	0	0
36	1	187411	8	14	0	5	2	1	0	0	0	50	0	1
31	0	193285	1	9	0	12	2	1	0	0	0	40	0	0
27	2	96219	1	9	4	3	3	1	1	0	0	50	0	0
20	0	117767	3	10	0	12	0	1	0	0	0	40	0	0
45	6	81534	1	9	0	10	3	2	0	0	0	40	0	0
22	0	202125	1	9	1	10	1	1	0	0	0	50	0	0
40	1	225660	7	13	0	2	2	1	1	0	0	40	0	0
25	5	203279	7	13	0	5	2	2	0	0	0	20	17	0
40	3	151960	3	10	3	6	3	1	1	0	0	38	0	0
48	0	368561	7	13	1	10	1	1	0	0	1902	37	0	1
30	0	202046	1	9	0	7	2	1	0	0	0	20	0	0
61	0	197286	7	13	1	0	1	1	0	0	0	40	0	1
49	3	285570	6	4	1	1	1	1	0	0	0	50	0	0
22	0	380899	3	10	0	6	0	1	0	0	0	40	0	0
19	0	325217	1	9	0	4	0	1	0	0	0	32	0	0
26	0	111058	7	13	0	10	0	1	0	0	0	50	0	0
27	5	162312	3	10	0	4	2	2	0	0	0	50	14	0
41	6	136986	8	14	1	8	1	1	0	0	0	40	0	0
33	4	97654	9	16	1	5	1	1	0	0	0	40	0	0
56	0	229116	3	10	0	4	2	1	0	0	0	32	0	0
43	0	159549	7	13	1	8	1	1	0	0	1902	40	0	1
29	0	195760	1	9	1	4	4	1	1	0	0	35	0	0
44	6	277788	0	7	1	10	1	1	0	0	0	60	26	1
37	5	120201	3	10	3	7	0	3	1	0	0	40	0	0
24	0	236601	3	10	3	0	2	1	0	0	2339	43	0	0
65	2	94809	1	9	2	3	2	1	1	0	0	40	0	0
38	0	219757	1	9	1	12	1	1	0	0	0	40	0	0
35	1	160728	8	14	1	5	1	1	0	0	0	45	0	1
39	0	308945	7	13	0	7	0	1	1	0	0	50	0	0
47	3	185859	1	9	1	1	1	1	0	3103	0	60	0	1
47	2	163748	8	14	3	3	3	1	1	0	0	35	1	0
51	5	48358	1	9	1	6	1	1	0	3103	0	52	0	1
38	4	77792	1	9	1	0	1	1	0	0	0	56	0	0
44	0	114753	3	10	2	9	3	1	1	0	0	38	0	0
24	0	234259	1	9	0	7	5	1	1	0	0	40	0	0
41	0	152617	1	9	3	8	3	1	1	0	0	40	0	0
51	0	204567	11	11	3	7	3	1	1	0	0	45	0	0
60	3	145209	1	9	1	10	1	1	0	0	0	60	0	0
40	0	240698	7	13	1	8	1	1	0	0	0	50	0	1
72	2	195181	1	9	1	3	1	1	0	0	0	32	0	0
27	0	299536	3	10	1	7	4	1	1	0	0	55	0	0
36	0	238802	1	9	1	0	1	1	0	0	0	48	0	1
44	0	150519	1	9	1	0	1	1	0	0	0	40	0	0
33	5	237903	3	10	3	5	2	1	1	0	0	40	0	0
53	3	257940	6	4	1	0	1	1	0	0	0	40	0	0
43	0	383670	1	9	1	6	1	1	0	0	1902	40	0	1
44	0	179666	2	12	0	9	2	1	0	0	0	40	0	0
35	0	259727	3	10	1	6	1	1	0	0	0	55	0	0
52	4	277772	3	10	3	7	3	0	1	0	0	40	0	0
51	3	67198	2	12	2	5	3	1	1	0	0	50	0	0
41	0	22419	12	5	1	8	1	4	0	0	0	84	0	0
42	0	99373	1	9	0	0	2	1	1	0	0	40	0	0
54	4	147629	8	14	1	5	1	1	0	7298	0	35	0	1
31	3	145714	4	6	1	6	1	1	0	0	0	48	0	0
30	0	49358	13	8	0	10	0	0	1	0	0	40	0	0
21	0	214956	3	10	0	9	0	1	0	0	0	30	0	0
29	0	66172	3	10	4	7	2	1	1	0	0	40	0	0
37	1	136749	1	9	0	7	0	1	1	0	0	35	0	0
27	2	258231	1	9	0	3	2	1	0	0	0	35	1	0
19	0	43937	3	10	0	4	0	1	1	0	0	12	0	0
33	3	114639	0	7	0	1	3	1	0	0	0	40	0	0
72	3	104090	7	13	1	8	1	1	0	0	0	40	31	0
21	0	137510	1	9	1	6	1	1	0	0	0	20	7	0
23	0	123586	3	10	0	7	0	3	0	0	0	25	0	0
45	0	293628	3	10	1	5	1	1	0	0	0	50	8	1
37	4	239409	1	9	3	8	2	1	0	0	0	40	0	1
37	6	593246	7	13	0	4	2	1	1	0	0	50	0	1
36	0	30269	3	10	1	4	4	1	1	7298	0	32	0	1
31	0	48456	3	10	0	10	2	1	1	0	0	40	0	0
63	0	153894	11	11	3	8	2	1	1	0	0	24	12	0
24	0	182117	7	13	0	7	0	1	0	0	0	28	0	0
29	0	231148	7	13	1	5	1	1	0	0	0	50	0	1
53	0	184176	3	10	1	8	1	1	0	0	0	50	0	1
40	3	29702	1	9	0	1	0	1	0	0	0	85	0	0
40	0	276759	8	14	1	5	4	1	1	0	0	60	0	1
36	0	179731	1	9	0	11	5	1	1	0	0	20	1	0
64	0	234570	3	10	1	7	1	1	0	0	0	40	0	0
33	0	143485	1	9	1	13	1	0	0	0	0	40	0	0
20	0	143062	1	9	0	0	0	1	0	0	0	40	0	0
47	0	146516	3	10	1	13	4	1	1	0	0	48	0	0
19	2	180395	3	10	0	3	0	2	1	0	0	36	0	0
32	0	108256	13	8	1	12	1	1	0	0	0	60	0	1
25	0	211392	1	9	0	4	2	1	0	0	0	48	0	0
26	4	271243	13	8	0	7	2	0	0	0	0	40	10	0
25	1	197822	7	13	0	5	0	1	1	0	0	40	0	0
40	3	167678	7	13	1	6	1	1	0	0	0	40	5	1
30	0	30101	3	10	1	6	1	1	0	0	0	40	0	1
46	1	232220	8	14	3	8	2	1	0	0	0	50	0	1
29	2	212588	7	13	0	3	2	1	0	0	0	53	0	0
35	0	306156	1	9	1	0	1	1	0	0	0	45	0	0
30	3	70985	1	9	1	1	1	1	0	0	0	75	0	0
58	0	185459	0	7	1	0	1	1	0	0	0	40	0	0
17	0	91141	4	6	0	10	0	1	0	0	0	8	0	0
42	0	347653	7	13	3	4	3	1	0	0	0	60	0	0
31	0	189759	1	9	1	12	1	1	0	0	0	50	0	0
46	0	272792	7	13	3	6	2	0	1	0	0	40	0	0
27	2	95708	0	7	3	3	2	2	0	0	0	40	0	0
71	2	111712	3	10	1	3	1	1	0	0	0	16	0	0
32	0	132767	7	13	1	10	1	1	0	0	0	50	0	1
62	3	162245	7	13	1	5	1	1	0	0	0	35	0	0
78	3	152148	6	4	1	12	1	1	0	0	0	20	0	0
54	2	186565	8	14	3	3	2	1	0	0	0	1	0	0
22	0	193385	1	9	0	13	2	4	1	0	0	40	0	0
31	0	185778	1	9	0	1	2	1	0	0	0	60	0	0
32	0	162370	8	14	4	5	2	1	1	0	0	35	30	0
38	0	340763	1	9	0	7	2	0	0	0	2339	47	0	0
77	0	148949	4	6	1	4	1	0	0	3818	0	30	0	0
62	3	147393	6	4	1	1	1	1	0	0	0	40	0	1
33	1	187203	7	13	1	10	1	1	0	0	0	50	0	0
40	1	147206	11	11	1	6	1	1	0	0	0	35	0	0
65	0	228182	7	13	1	5	1	1	0	0	0	40	0	1
31	0	177426	7	13	1	13	1	1	0	0	0	40	4	0
32	2	161288	12	5	1	3	1	1	0	0	0	45	0	0
32	0	133530	8	14	1	5	4	2	1	0	0	20	0	0
45	0	117849	0	7	1	12	5	1	0	0	0	40	0	0
70	0	132670	8	14	1	10	1	1	0	9386	0	4	0	1
38	6	98360	9	16	1	5	1	1	0	0	0	50	0	1
37	0	226500	1	9	1	10	1	1	0	0	0	50	0	0
30	0	35644	11	11	0	6	5	1	0	0	0	40	0	0
34	0	49325	8	14	1	8	1	1	0	0	0	40	0	1
19	0	142738	3	10	0	5	0	1	1	14084	0	20	0	1
54	3	207841	1	9	3	5	2	1	0	0	0	20	0	0
32	0	269355	3	10	1	12	1	1	0	5178	0	50	0	1
32	6	190290	1	9	1	6	1	1	0	0	0	40	0	1
24	0	209034	1	9	0	10	2	1	1	0	0	50	0	0
35	0	174571	1	9	1	13	1	0	0	0	0	40	0	0
28	0	198583	1	9	1	0	4	1	1	0	0	35	0	0
28	0	128055	1	9	1	6	1	1	0	0	0	60	0	0
41	0	319271	3	10	1	10	1	1	0	0	0	50	0	0
38	0	91857	1	9	3	4	5	1	0	0	0	40	0	0
21	0	376416	3	10	0	12	0	1	0	0	0	40	0	0
31	1	323829	1	9	3	2	5	1	0	0	0	45	0	0
22	0	209646	7	13	0	5	0	1	1	0	0	6	0	0
28	5	90872	3	10	3	7	2	0	1	0	0	40	0	0
52	0	287454	7	13	3	5	3	1	1	0	0	40	0	1
23	0	208946	7	13	0	10	0	1	0	0	0	40	0	0
37	1	130805	2	12	1	2	1	1	0	0	0	99	0	1
23	0	247090	12	5	1	6	1	3	0	0	0	55	0	0
21	0	249150	1	9	0	10	0	1	1	0	0	24	0	0
57	0	187138	1	9	3	7	2	1	1	0	0	40	0	0
35	0	166497	5	15	1	5	1	1	0	0	1902	60	0	1
50	0	155433	7	13	3	8	2	1	1	0	0	50	0	0
45	5	164593	7	13	0	8	2	1	0	0	0	40	1	0
37	0	211168	3	10	1	9	4	1	1	0	0	35	0	0
24	3	162688	1	9	1	6	1	1	0	0	0	40	0	0
58	1	185072	7	13	4	5	3	0	1	0	0	40	32	1
50	0	154153	4	6	1	0	1	1	0	0	0	50	0	0
58	3	166258	3	10	1	7	1	1	0	0	0	50	0	0
31	3	190650	8	14	1	10	1	2	0	0	0	40	1	0
60	5	165792	8	14	1	5	4	1	1	0	0	8	0	0
61	0	313170	1	9	2	6	2	1	0	0	0	40	0	0
37	0	188279	1	9	1	4	1	2	0	0	0	40	9	0
27	3	209301	1	9	1	6	1	1	0	0	0	60	0	0
37	0	194820	1	9	4	6	3	1	1	0	0	42	0	0
36	0	171393	7	13	1	8	1	1	0	0	1887	40	0	1
31	0	268282	6	4	1	1	5	1	0	0	0	35	4	0
23	0	219519	3	10	0	10	2	0	1	0	0	30	0	0
44	5	369131	1	9	1	2	1	1	0	0	0	40	0	1
21	0	195571	3	10	0	7	0	1	1	0	0	25	0	0
57	0	114686	11	11	3	9	2	1	1	2202	0	44	0	0
24	0	356861	4	6	1	0	1	1	0	0	0	50	0	0
26	0	156848	7	13	0	10	0	1	0	0	0	40	0	0
66	0	147766	1	9	1	6	1	1	0	0	0	40	0	1
60	1	134768	3	10	1	2	1	1	0	0	0	40	0	0
52	3	156882	3	10	1	10	1	4	0	0	0	40	0	0
21	0	131404	1	9	0	0	0	1	0	0	0	30	0	0
32	6	233727	7	13	1	10	1	1	0	7688	0	60	0	1
21	2	216867	3	10	0	3	5	1	0	0	0	40	4	0
48	0	168556	1	9	1	12	1	1	0	0	0	55	0	0
63	0	60459	3	10	3	7	2	1	1	0	0	37	0	0
42	0	212894	8	14	1	5	1	1	0	0	0	23	0	1
17	0	41865	1	9	0	7	0	1	1	0	0	5	0	0
30	0	175413	1	9	0	13	0	0	1	0	0	35	0	0
33	0	149902	3	10	3	8	3	0	1	0	0	40	0	0
55	0	180497	2	12	3	4	2	1	1	0	0	52	0	0
39	3	107302	7	13	1	6	5	1	0	0	0	35	0	1
33	0	93283	7	13	0	5	3	1	0	0	0	40	0	0
34	3	264351	1	9	1	1	1	1	0	0	0	40	4	0
59	5	136819	8	14	1	5	1	1	0	0	0	8	0	1
32	3	295010	3	10	4	4	3	1	1	0	0	40	0	0
62	0	291904	1	9	3	11	2	0	1	0	0	20	0	0
21	6	225442	1	9	0	1	0	1	0	0	0	40	0	0
57	5	170108	7	13	1	8	1	1	0	0	1902	40	0	1
19	0	193859	3	10	0	7	2	1	0	2176	0	35	7	0
38	1	326701	2	12	1	6	1	3	0	0	0	40	0	1
38	5	196373	7	13	0	10	2	1	0	0	0	20	0	0
20	0	258730	1	9	0	11	0	1	1	0	0	40	0	0
24	0	190293	7	13	0	8	2	1	1	0	0	40	0	0
39	1	170263	8	14	3	5	3	1	1	0	0	30	0	1
24	0	300275	1	9	0	13	2	1	0	0	0	40	0	0
28	5	255254	7	13	1	5	4	0	1	0	0	37	0	0
51	0	166461	0	7	3	0	3	0	1	5455	0	40	0	0
27	0	96219	1	9	3	4	0	1	1	3418	0	32	0	0
38	6	186845	7	13	1	6	1	1	0	0	0	40	0	0
24	0	99697	1	9	0	13	0	1	1	0	0	40	0	0
42	0	143069	1	9	1	6	1	1	0	0	0	60	0	1
53	0	117674	3	10	1	6	1	1	0	7298	0	40	0	1
35	0	261504	1	9	5	12	5	1	1	0	0	40	5	0
37	0	29660	2	12	3	7	2	1	1	0	0	40	0	0
45	0	202560	2	12	4	7	3	1	1	0	0	40	0	1
27	0	178713	0	7	0	10	2	1	0	0	0	35	0	0
34	0	100734	1	9	3	9	3	1	1	0	0	40	0	0
24	0	112009	1	9	3	4	3	1	1	0	0	35	0	0
69	0	144056	3	10	1	5	1	1	0	0	0	40	0	1
47	0	70209	1	9	3	7	3	1	1	0	0	40	0	0
19	0	143816	3	10	0	0	5	0	0	0	0	30	0	0
23	2	164732	3	10	0	3	2	1	0	0	0	10	0	0
30	5	714597	3	10	0	2	2	0	0	0	0	45	0	0
71	0	187703	11	11	2	5	3	1	1	11678	0	38	0	1
53	0	418901	1	9	1	6	1	3	0	0	0	40	4	0
22	0	169188	1	9	0	7	0	1	1	0	0	40	0	0
47	0	70554	3	10	0	6	2	1	0	0	0	40	0	1
28	0	31801	7	13	1	6	1	1	0	0	1887	50	0	1
25	3	195000	3	10	3	5	2	1	1	0	0	40	0	0
38	0	215392	11	11	1	5	4	1	1	7298	0	45	0	1
33	0	97723	1	9	0	10	0	1	0	0	0	40	0	0
41	0	121012	0	7	1	6	1	1	0	0	0	50	0	0
19	0	218956	13	8	0	0	5	1	0	0	0	40	0	0
41	3	171003	6	4	0	4	3	1	1	0	0	30	0	0
20	6	154782	1	9	0	1	0	1	0	0	0	20	0	0
27	2	132372	1	9	0	3	3	1	1	0	0	40	1	0
18	2	151404	0	7	0	3	0	1	1	0	0	15	0	0
53	0	816750	7	13	1	5	1	1	0	0	0	72	0	1
67	0	92943	1	9	2	7	3	1	1	0	0	21	0	0
47	2	104489	4	6	1	3	1	1	0	0	0	45	0	0
55	3	218456	8	14	3	8	2	1	1	0	0	50	35	0
39	0	301614	1	9	1	12	1	1	0	0	0	40	0	0
36	0	307134	7	13	1	5	1	1	0	0	0	42	0	0
37	5	106347	8	14	0	8	2	1	0	0	0	65	0	0
36	0	127961	7	13	1	8	1	1	0	0	0	50	0	1
32	6	206297	7	13	0	8	2	1	0	0	0	60	0	0
20	0	171156	3	10	0	4	0	1	1	0	0	25	0	0
31	0	104729	14	2	1	13	1	1	0	0	0	35	4	0
47	0	85109	3	10	0	10	2	1	0	13550	0	45	0	1
25	0	199143	1	9	3	6	0	1	0	0	0	40	0	0
24	0	110371	1	9	3	2	2	1	0	0	0	40	0	0
33	0	250782	3	10	1	6	1	1	0	0	0	40	0	0
45	0	281574	3	10	0	8	2	1	1	6849	0	43	0	0
28	0	147889	4	6	6	4	4	1	1	0	0	40	0	0
36	0	298753	3	10	3	8	2	1	1	0	0	60	0	0
55	0	248841	1	9	1	12	1	1	0	0	0	45	0	1
51	6	274948	3	10	1	6	1	1	0	0	0	60	0	0
22	0	41763	1	9	1	10	1	1	0	0	0	42	0	0
27	2	176683	3	10	0	3	0	1	0	0	1719	40	0	0
37	0	385251	1	9	1	8	1	1	0	0	0	40	0	1
23	0	145964	3	10	0	4	0	1	0	0	0	20	0	0
61	0	33460	1	9	2	7	3	1	1	0	0	40	0	0
46	5	121586	7	13	1	6	1	1	0	0	0	40	0	0
35	4	112008	3	10	1	9	1	1	0	0	0	40	7	0
24	0	163053	0	7	0	10	2	1	1	0	0	36	0	0
21	2	34446	3	10	0	3	0	1	1	0	0	35	0	0
33	3	147201	7	13	4	5	0	0	0	0	0	35	0	0
60	0	491214	1	9	2	10	2	1	1	0	0	30	0	0
36	0	102729	1	9	1	13	1	1	0	0	0	45	0	1
37	2	70282	1	9	0	3	2	0	1	0	0	40	0	0
48	6	216214	3	10	1	6	1	1	0	3103	0	40	0	1
43	0	212206	1	9	3	7	2	1	1	0	0	45	0	0
53	1	235567	1	9	3	7	2	1	1	0	0	40	0	0
31	0	356410	11	11	1	10	1	1	0	99999	0	40	0	1
26	0	223558	1	9	0	9	3	4	1	0	0	40	0	0
63	4	160473	1	9	2	7	2	1	1	0	0	40	0	0
51	0	150999	3	10	1	6	1	1	0	7298	0	40	0	1
41	0	230961	1	9	1	7	1	1	0	0	0	40	0	0
71	0	169114	3	10	2	5	2	1	0	0	1429	40	0	0
39	0	301070	7	13	1	8	1	1	0	0	0	70	0	1
23	0	163687	3	10	1	8	1	1	0	0	0	50	0	0
35	0	180419	1	9	0	0	2	1	0	0	0	40	0	0
18	0	114828	13	8	0	0	0	1	0	0	0	4	0	0
44	0	208606	3	10	1	0	1	1	0	0	0	40	0	1
19	0	165977	3	10	0	10	0	1	1	0	0	25	0	0
28	0	110408	1	9	0	6	0	1	0	0	0	40	0	0
41	0	266047	7	13	1	6	1	1	0	0	0	40	0	1
52	0	176124	1	9	1	9	1	1	0	0	0	40	0	1
27	0	144063	4	6	0	6	3	1	0	0	0	75	0	0
29	6	446724	7	13	1	8	1	1	0	0	0	35	0	0
59	0	357118	7	13	2	8	2	1	1	0	0	40	0	0
47	3	102388	1	9	0	12	0	1	0	0	0	60	0	0
27	0	191515	8	14	0	5	2	1	0	0	0	45	0	0
31	0	94413	1	9	3	6	5	1	0	3325	0	40	0	0
42	4	32627	3	10	1	6	1	1	0	7688	0	45	0	1
37	0	218249	0	7	4	7	3	0	1	0	0	40	0	0
38	0	308798	1	9	3	10	3	1	1	0	0	40	0	0
24	0	199005	1	9	0	4	0	1	0	0	0	25	0	0
29	5	108432	8	14	0	5	2	1	0	0	0	40	0	0
47	3	149218	1	9	1	6	1	1	0	0	0	35	0	0
26	0	552529	1	9	1	0	4	0	1	0	0	40	0	0
43	0	222596	3	10	1	6	1	1	0	0	0	45	19	1
31	0	168961	1	9	1	6	1	2	0	0	0	40	0	0
37	0	206951	1	9	1	6	1	1	0	0	0	40	0	0
41	0	386236	10	3	1	1	1	1	0	0	0	30	4	0
20	0	196388	3	10	0	0	0	1	0	0	0	25	0	0
32	0	162675	11	11	0	7	0	1	1	0	0	35	22	0
38	0	187847	1	9	1	8	1	1	0	0	0	45	0	0
39	0	186934	1	9	1	6	1	1	0	0	0	38	0	0
75	2	27663	6	4	4	3	2	1	0	0	0	50	0	0
27	0	180271	1	9	1	0	1	1	0	0	0	43	0	0
35	0	215503	7	13	0	5	0	1	0	0	0	40	25	0
40	0	110862	7	13	1	10	1	1	0	0	0	50	0	1
28	0	197905	3	10	2	6	0	1	0	0	0	60	0	0
25	0	355124	1	9	0	0	2	1	1	0	2001	40	4	0
29	3	109621	1	9	1	6	1	1	0	0	0	40	0	0
50	0	194995	11	11	0	10	2	1	0	0	0	40	0	0
42	0	137136	1	9	0	8	2	0	0	0	0	55	0	0
47	0	67229	0	7	3	12	2	0	1	0	0	40	0	0
44	0	197033	1	9	1	7	1	1	0	0	0	40	0	0
27	1	187746	7	13	0	5	0	1	1	3325	0	25	0	0
40	0	98211	1	9	1	6	1	1	0	0	0	40	0	1
25	0	54298	1	9	1	10	1	1	0	0	0	30	0	0
48	3	49275	3	10	1	1	1	1	0	0	1485	50	0	0
22	0	237386	11	11	0	5	2	1	0	0	0	50	0	0
40	0	67243	3	10	3	9	2	1	0	0	0	40	0	0
46	0	168191	1	9	4	6	2	1	0	0	0	2	24	0
25	0	132327	3	10	4	7	5	3	1	0	0	40	33	0
17	0	175109	0	7	0	4	0	1	0	0	0	25	0	0
61	5	224638	1	9	2	7	2	1	1	0	0	40	0	0
23	0	128487	7	13	0	5	2	1	1	0	0	20	0	0
30	0	179747	1	9	1	6	1	1	0	0	0	45	0	1
46	0	195416	7	13	0	5	2	0	1	0	0	44	0	1
37	0	176949	6	4	1	6	1	1	0	0	0	50	0	0
31	0	114691	7	13	0	10	2	1	0	0	0	48	0	0
27	5	122540	3	10	0	6	5	1	0	0	0	40	0	0
36	0	93461	1	9	1	6	4	1	1	0	0	30	0	0
45	0	54098	1	9	1	8	1	1	0	0	0	45	0	1
22	0	333838	1	9	0	7	2	1	0	0	0	40	0	0
34	0	174789	1	9	1	10	1	1	0	0	0	45	0	1
70	0	227515	4	6	2	12	3	1	1	0	0	40	37	0
45	4	391585	7	13	1	2	1	1	0	7688	0	50	0	1
23	0	83315	4	6	1	13	1	1	0	0	0	10	0	0
22	0	213310	3	10	0	4	0	1	1	0	0	35	0	0
47	0	127303	3	10	1	10	1	1	0	0	0	40	0	0
29	0	255476	10	3	0	4	5	1	0	0	0	35	4	0
40	0	320451	7	13	1	9	1	2	0	0	0	40	1	1
33	0	454717	3	10	4	4	2	1	0	0	0	40	0	0
23	0	374474	1	9	0	4	0	1	1	0	0	35	0	0
19	0	78401	1	9	0	4	0	1	0	0	0	40	0	0
58	0	168887	1	9	1	13	1	1	0	0	0	40	0	1
55	0	254711	7	13	1	10	1	1	0	0	0	20	0	1
23	0	196678	3	10	0	10	0	1	1	0	0	20	0	0
53	0	217201	1	9	1	6	4	1	1	0	0	45	0	1
24	0	160398	13	8	0	1	0	1	0	0	0	30	0	0
43	0	288829	11	11	1	2	1	1	0	0	1902	42	0	1
20	0	185706	3	10	0	10	2	1	1	0	0	20	0	0
22	0	201615	2	12	0	7	5	1	1	0	0	37	0	0
48	0	157092	3	10	1	12	1	0	0	0	0	40	0	0
45	0	130561	0	7	0	10	2	0	1	0	0	35	0	0
33	0	202450	1	9	1	0	1	1	0	0	0	40	0	0
32	0	303942	1	9	0	0	2	1	0	0	0	40	0	0
44	1	339346	8	14	0	8	2	1	1	10520	0	60	0	1
21	2	234838	3	10	0	3	0	1	0	0	0	30	0	0
42	0	38389	7	13	1	7	1	1	0	0	0	40	0	1
35	0	147548	1	9	1	12	1	1	0	0	0	60	0	0
62	3	116626	9	16	2	8	2	1	1	0	0	40	0	1
46	1	110110	8	14	1	5	4	1	1	0	0	65	0	1
44	0	230478	2	12	3	8	2	1	0	0	0	60	0	1
28	0	398220	3	10	1	0	1	1	0	0	0	40	4	0
38	3	187346	2	12	3	4	3	1	1	0	0	20	0	0
59	3	175827	4	6	1	6	1	1	0	0	0	40	0	0
37	0	211494	3	10	3	8	2	1	0	0	1980	55	0	0
59	0	105745	11	11	1	0	1	1	0	0	0	45	0	1
55	0	237428	3	10	3	8	2	1	0	0	1504	40	0	0
40	0	200766	1	9	0	0	2	0	0	14344	0	40	0	1
22	5	24896	3	10	0	5	2	1	1	0	0	32	0	0
35	0	107164	7	13	1	8	1	1	0	0	0	50	0	1
42	0	202083	11	11	1	5	1	1	0	0	0	40	25	0
45	5	53768	8	14	3	8	2	1	1	0	0	70	0	0
48	0	159577	4	6	0	0	2	1	0	0	0	40	0	0
76	2	209674	6	4	3	3	2	1	1	0	0	7	0	0
21	0	309348	3	10	0	4	2	1	1	0	0	18	0	0
31	0	206046	7	13	1	8	1	1	0	0	0	45	0	1
65	3	227531	7	13	3	4	2	1	1	0	0	35	0	0
46	3	135339	1	9	5	6	2	2	0	0	0	45	17	1
18	0	155503	0	7	0	4	0	1	0	0	0	20	0	0
65	3	176835	8	14	5	5	2	1	1	7978	0	40	0	0
18	0	163067	3	10	0	2	0	1	1	0	0	40	0	0
35	0	212607	3	10	0	7	3	3	1	0	0	44	12	0
53	6	162381	5	15	1	5	1	1	0	15024	0	45	0	1
34	0	195890	3	10	1	5	4	1	1	0	0	40	0	1
33	4	49358	4	6	0	4	3	0	1	0	0	40	0	0
28	0	136077	11	11	1	6	1	1	0	0	0	40	19	0
43	0	119297	1	9	1	4	1	1	0	0	0	40	0	0
52	0	48947	11	11	2	4	3	1	1	0	0	13	0	0
49	3	32825	1	9	3	12	2	1	0	0	0	70	0	0
21	5	82847	3	10	0	8	2	1	1	0	0	38	0	0
61	0	119684	1	9	1	4	1	1	0	0	0	50	0	0
54	0	264143	12	5	3	13	2	1	0	0	0	24	0	0
45	0	30690	6	4	0	4	2	1	0	0	0	10	0	0
24	0	113631	7	13	0	4	2	1	0	0	0	40	0	0
26	0	366889	1	9	0	12	2	1	0	0	0	40	0	0
40	0	393962	11	11	0	5	2	1	1	0	0	50	0	0
48	0	165484	7	13	4	10	2	1	0	0	0	65	0	1
40	4	90737	3	10	1	7	1	1	0	0	1887	40	0	1
34	0	379798	7	13	1	10	1	1	0	0	0	60	0	1
29	0	190911	8	14	0	8	2	1	0	0	0	40	0	0
25	0	72887	0	7	1	6	1	2	0	0	0	40	8	1
65	0	192309	1	9	2	4	2	1	1	0	0	15	0	0
58	3	98361	1	9	1	6	1	1	0	0	0	40	0	0
47	0	121253	9	16	3	5	3	1	1	0	0	29	0	0
56	5	270859	7	13	1	5	1	1	0	0	1902	48	0	1
26	3	223705	1	9	3	4	3	1	1	0	0	40	15	0
45	0	125892	8	14	1	8	1	1	0	0	1977	60	0	1
37	3	202683	1	9	1	5	1	1	0	0	0	40	0	0
58	2	99131	1	9	1	3	4	1	1	7298	0	40	0	1
56	0	197577	1	9	3	4	2	1	1	0	0	40	0	0
19	7	43627	1	9	0	4	0	1	0	0	0	10	0	0
37	0	175185	11	11	0	13	2	1	0	0	0	40	0	0
19	0	377405	3	10	0	8	2	1	1	0	0	20	0	0
24	0	47541	8	14	0	12	2	1	0	0	0	25	0	0
36	0	218729	3	10	1	7	0	1	1	0	0	30	0	1
26	1	197430	7	13	0	5	2	1	1	0	0	50	0	0
57	0	259010	3	10	1	12	1	1	0	0	0	84	0	0
49	0	121124	1	9	1	5	1	1	0	0	0	50	0	0
21	2	334593	3	10	0	3	2	1	0	0	0	40	0	0
40	0	374764	3	10	1	8	1	1	0	0	0	45	0	1
59	0	192845	1	9	1	13	1	1	0	0	0	40	0	1
36	0	144524	1	9	3	0	3	0	1	0	0	40	0	0
31	6	136402	2	12	1	10	1	1	0	0	0	40	0	0
42	0	255847	6	4	1	7	1	1	0	0	0	40	4	0
29	0	177955	12	5	0	11	3	1	1	0	0	24	11	0
35	0	151835	8	14	1	5	1	1	0	99999	0	50	0	1
18	0	65098	1	9	0	4	0	1	0	0	0	15	0	0
27	3	328119	12	5	1	6	1	1	0	0	0	30	4	0
55	0	125147	1	9	1	8	1	1	0	0	0	45	0	1
52	0	62834	1	9	1	0	1	1	0	0	0	20	0	1
51	5	230095	1	9	3	8	3	1	1	0	0	38	0	0
41	4	348059	8	14	3	8	3	1	1	0	0	40	0	1
34	0	425622	10	3	1	13	1	1	0	0	0	40	4	0
25	1	336320	7	13	3	2	2	1	1	0	0	40	0	0
28	0	225809	3	10	0	4	2	1	0	0	0	40	0	0
80	0	216073	10	3	1	4	1	1	0	0	0	32	0	0
27	0	267912	10	3	1	4	1	1	0	0	0	52	4	0
28	0	108706	1	9	1	9	4	1	1	0	0	40	0	1
43	0	575172	11	11	1	12	1	1	0	3103	0	32	0	1
18	0	311489	3	10	0	7	0	1	1	0	0	26	0	0
46	0	189123	2	12	1	9	1	1	0	7298	0	40	0	1
42	0	95998	7	13	3	8	2	1	0	0	0	45	0	0
50	6	177487	1	9	1	10	4	1	1	0	0	30	0	0
30	0	213002	3	10	1	9	1	0	0	0	0	14	0	0
55	0	272723	6	4	1	4	1	0	0	0	0	40	0	0
58	0	84231	4	6	1	12	1	1	0	0	0	50	0	1
41	0	475322	3	10	0	7	2	1	0	0	1617	35	0	0
25	0	120268	1	9	0	10	0	1	0	0	1741	40	0	0
22	2	60331	3	10	1	3	1	1	0	0	0	10	0	0
59	0	172618	3	10	3	10	2	1	0	0	0	56	0	0
36	5	173273	8	14	0	5	2	0	1	0	0	40	0	0
25	0	52921	2	12	1	10	1	1	0	0	0	45	0	0
19	0	210364	0	7	0	4	0	1	0	0	0	20	0	0
34	0	87310	1	9	0	13	0	1	0	2174	0	40	0	0
51	0	332489	2	12	1	8	1	1	0	0	0	55	7	1
31	0	100333	0	7	0	0	2	1	1	0	0	36	0	0
21	0	216867	3	10	0	13	0	1	0	0	0	40	0	0
36	2	177974	0	7	1	3	1	1	0	0	0	40	0	0
51	0	292110	1	9	0	7	2	1	1	0	0	35	0	0
39	4	219137	2	12	0	7	3	1	1	0	0	40	0	0
34	0	159589	1	9	1	0	1	1	0	0	2051	40	0	0
38	0	186815	1	9	1	10	1	1	0	0	0	43	0	0
21	0	22149	1	9	0	4	0	4	0	0	0	30	0	0
22	0	228724	11	11	0	13	2	1	0	0	0	40	0	0
29	5	187392	1	9	0	7	2	1	1	0	0	40	0	0
25	0	105930	1	9	0	4	0	1	1	0	0	40	0	0
53	5	182907	1	9	1	4	1	1	0	0	0	40	0	0
68	0	322025	1	9	1	12	1	0	0	0	0	5	0	0
21	0	263886	3	10	0	7	2	0	1	0	0	20	0	0
34	1	362775	4	6	1	4	4	4	1	0	0	30	0	0
53	0	96062	11	11	1	6	1	1	0	0	0	40	0	1
59	2	191665	3	10	2	3	2	1	1	0	2205	40	0	0
32	3	159322	3	10	0	6	0	1	0	0	1980	80	0	0
33	1	163867	1	9	0	4	0	1	0	0	0	8	0	0
34	3	136204	7	13	1	5	1	1	0	0	1902	32	0	1
61	0	160431	1	9	2	4	3	1	1	0	0	40	0	0
46	0	163324	1	9	1	4	4	1	1	0	0	40	0	0
32	2	161309	5	15	1	3	4	1	1	15024	0	50	0	1
26	0	208881	7	13	0	10	2	1	0	0	0	42	0	0
37	3	183127	1	9	3	10	0	1	1	0	0	40	0	0
41	0	192225	7	13	1	8	1	1	0	0	0	40	0	1
59	1	222081	7	13	0	5	5	0	1	0	0	35	0	0
28	0	183627	3	10	1	10	1	1	0	0	0	50	0	0
39	0	187921	1	9	1	12	1	1	0	0	0	99	0	0
25	0	25497	3	10	0	12	2	1	0	4101	0	40	0	0
45	0	353824	3	10	1	13	1	1	0	0	0	40	0	1
30	0	250804	1	9	1	6	1	1	0	0	0	40	0	1
61	0	385583	3	10	3	6	2	1	0	0	0	40	0	0
52	0	84788	4	6	0	0	2	1	0	0	0	40	0	0
54	0	127704	6	4	4	6	2	1	0	0	0	40	0	0
54	2	99208	15	1	1	3	1	1	0	0	0	16	0	0
45	0	347993	6	4	1	6	1	1	0	0	0	44	4	0
48	0	175958	7	13	3	5	2	1	0	0	0	30	0	0
36	3	278553	5	15	1	5	1	0	0	15024	0	75	0	1
49	0	186009	3	10	3	4	3	1	1	0	0	43	0	0
31	0	55104	1	9	3	7	2	1	1	0	0	25	0	0
65	1	179411	1	9	2	9	3	1	1	0	0	35	0	0
56	0	68452	1	9	4	0	3	0	1	0	0	40	0	0
38	1	202027	7	13	1	8	1	1	0	0	0	40	0	1
70	0	113401	4	6	2	10	2	1	1	0	0	40	0	0
37	0	186934	7	13	1	5	5	1	0	0	0	40	0	1
43	4	190020	5	15	1	8	1	1	0	0	0	60	0	0
28	0	198493	2	12	0	6	2	1	0	0	0	40	0	0
42	0	256448	3	10	0	4	2	1	0	0	0	15	0	0
30	0	622192	3	10	1	4	4	1	1	0	0	6	0	0
77	0	133728	6	4	1	6	1	1	0	0	0	40	0	0
33	0	181824	1	9	1	10	4	1	1	0	0	20	0	0
17	0	286422	4	6	0	13	0	1	0	0	0	25	0	0
59	0	378585	7	13	1	5	1	1	0	0	0	44	0	1
44	0	121012	7	13	1	8	1	1	0	5013	0	45	0	0
33	0	164864	7	13	3	5	3	1	1	0	323	40	0	0
17	0	74706	0	7	0	11	0	1	0	0	0	20	0	0
22	0	185582	3	10	0	10	2	1	0	0	0	25	0	1
43	0	132633	3	10	1	13	4	1	1	0	0	40	1	0
42	4	230438	3	10	1	7	1	1	0	0	1887	40	0	1
26	0	175540	1	9	1	6	1	1	0	0	0	40	0	0
47	1	115304	8	14	3	5	2	1	1	0	0	40	0	0
28	0	340269	1	9	1	6	1	1	0	3137	0	45	0	0
33	0	171889	13	8	0	10	0	1	1	0	0	35	0	0
52	0	94873	1	9	2	4	3	1	0	0	0	19	0	0
34	2	144194	11	11	1	3	1	1	0	0	0	35	0	0
44	0	141131	13	8	3	0	3	2	1	0	0	40	14	0
25	0	192735	1	9	4	7	2	1	1	0	0	70	0	0
33	3	238186	3	10	0	1	0	1	0	0	0	98	0	0
23	0	305609	2	12	0	5	2	1	1	0	0	52	0	0
29	0	312845	1	9	3	4	3	1	1	0	0	30	0	0
21	0	33884	3	10	0	7	2	1	1	0	0	40	0	0
23	2	264874	11	11	0	3	5	1	1	0	0	40	1	0
31	5	268832	1	9	0	7	2	0	1	0	0	37	0	0
42	0	99651	2	12	1	6	1	1	0	0	0	55	0	0
39	0	257597	2	12	1	9	1	1	0	0	0	42	0	0
54	6	195904	11	11	1	6	1	1	0	0	0	40	0	0
17	0	266497	12	5	0	13	5	1	0	0	0	40	4	0
63	0	287972	7	13	2	4	5	0	1	0	0	20	0	0
46	0	200569	1	9	1	10	4	1	1	0	0	40	0	0
62	1	117292	8	14	0	5	2	1	1	8614	0	45	0	1
64	2	223075	7	13	3	3	2	1	1	0	0	8	0	0
54	0	175339	1	9	1	10	1	1	0	0	0	50	0	0
22	6	333197	1	9	0	8	0	1	0	0	2205	45	0	0
61	0	53707	6	4	1	12	1	1	0	0	0	50	0	0
73	0	39212	1	9	2	4	2	1	1	0	0	20	0	0
52	0	228500	1	9	1	6	1	1	0	0	0	40	0	0
24	0	234663	1	9	0	13	0	1	0	0	0	60	0	0
52	2	88073	7	13	3	3	2	1	1	0	0	40	0	0
35	0	420040	1	9	3	7	2	1	0	0	0	40	0	0
41	0	126517	3	10	4	10	3	0	1	0	0	20	0	0
31	0	238002	7	13	1	12	1	1	0	0	0	55	4	0
53	5	21412	3	10	1	4	1	1	0	0	0	40	0	0
25	0	147804	1	9	1	12	1	1	0	0	0	60	0	0
19	0	222445	3	10	0	7	0	1	1	0	0	10	0	0
36	0	126675	7	13	1	5	1	1	0	0	0	45	0	1
42	0	301080	1	9	3	7	3	1	1	0	0	40	0	0
45	0	382532	9	16	1	5	1	1	0	0	0	50	0	1
33	0	232356	0	7	1	6	1	1	0	0	0	45	0	1
26	0	167350	3	10	1	0	1	1	0	3137	0	50	0	0
28	2	375703	1	9	3	3	5	0	1	0	1721	40	0	0
33	0	252708	13	8	0	10	5	1	1	0	0	40	4	0
33	0	186824	0	7	1	6	1	1	0	0	0	40	0	0
36	0	176101	3	10	1	13	1	1	0	0	0	40	0	0
21	0	175121	3	10	0	1	0	1	0	0	0	40	0	0
17	0	355850	0	7	0	12	0	1	0	0	1602	15	0	0
45	0	180931	11	11	1	6	1	1	0	0	0	35	0	0
45	5	30219	3	10	1	2	1	1	0	0	0	40	0	1
41	4	350387	8	14	1	6	1	1	0	0	0	60	17	1
24	0	194247	7	13	0	10	2	1	0	0	0	40	0	0
57	0	137653	1	9	1	7	4	1	1	0	0	40	0	0
48	0	131762	1	9	0	4	2	1	1	0	0	30	0	0
31	3	283587	1	9	1	8	1	1	0	0	0	50	0	1
33	6	218164	3	10	1	6	1	1	0	7298	0	55	0	1
41	0	287581	7	13	1	8	1	1	0	7688	0	45	0	1
41	0	281725	10	3	3	0	2	1	1	0	0	40	4	0
63	0	50120	1	9	1	10	1	1	0	0	1573	25	0	0
39	0	156667	1	9	0	4	2	1	0	0	0	18	0	0
28	0	566066	3	10	0	7	2	0	1	0	0	45	0	0
42	0	121352	7	13	1	5	1	1	0	0	0	80	1	1
18	0	260977	13	8	0	10	0	1	1	0	0	20	0	0
22	0	90860	3	10	0	7	0	2	1	0	0	40	0	0
42	0	218302	1	9	1	10	1	1	0	0	0	55	0	0
47	0	170142	1	9	1	0	1	1	0	0	0	50	0	0
33	1	171889	1	9	3	12	3	1	1	0	0	43	0	0
34	0	193172	1	9	0	10	0	1	1	0	0	35	0	0
18	0	164134	1	9	0	9	0	1	1	0	0	10	0	0
66	0	204283	6	4	1	12	1	0	0	0	0	40	0	0
51	2	81169	1	9	4	3	3	1	1	0	0	38	0	0
39	0	92143	11	11	1	8	4	1	1	7688	0	55	0	1
35	0	181099	4	6	1	6	1	1	0	0	0	40	0	0
56	5	102791	1	9	3	7	0	1	1	0	0	35	0	0
46	1	364548	8	14	1	5	1	1	0	0	1977	42	0	1
21	6	153516	3	10	0	6	0	1	0	0	0	40	0	0
58	3	189528	1	9	1	10	1	1	0	0	0	84	0	0
66	1	154171	3	10	2	0	2	1	0	0	0	20	0	0
25	0	90752	7	13	0	10	0	1	1	0	0	30	0	0
57	0	278763	11	11	5	8	2	1	1	0	0	47	0	0
28	0	253581	3	10	0	7	2	1	1	0	0	40	0	0
38	0	59660	11	11	1	9	1	1	0	0	0	50	0	1
57	3	170988	1	9	1	12	1	1	0	0	0	55	0	0
18	2	160984	0	7	0	3	0	1	1	0	0	6	0	0
24	0	493732	14	2	0	1	0	1	1	0	0	40	4	0
36	0	325802	1	9	4	10	2	1	1	0	0	40	0	0
42	0	196344	3	10	1	1	1	1	0	0	0	40	3	0
32	5	316589	8	14	1	8	1	1	0	0	0	40	0	1
35	6	365739	1	9	1	6	1	1	0	0	0	50	0	0
40	0	309990	3	10	4	4	3	1	1	0	0	40	0	0
26	0	241852	13	8	0	6	3	1	0	0	0	40	0	0
41	0	184105	1	9	1	8	1	1	0	0	0	55	0	1
50	0	134680	1	9	0	4	2	1	0	0	0	40	0	0
20	0	274545	3	10	0	7	0	1	1	0	0	10	0	0
36	0	207853	7	13	1	10	1	1	0	15024	0	65	0	1
25	0	284061	3	10	0	9	2	1	0	0	0	45	0	0
62	0	186446	3	10	3	9	3	1	1	0	0	43	0	0
22	0	255575	1	9	0	4	2	1	1	0	0	35	0	0
52	4	302661	2	12	2	8	3	1	0	13550	0	40	0	1
52	0	148509	4	6	5	5	5	2	0	0	0	45	1	0
48	0	211239	8	14	1	8	1	1	0	0	2415	60	0	1
70	0	50468	1	9	3	13	2	1	0	0	3175	15	0	0
41	0	316820	7	13	3	10	2	1	0	0	0	40	0	1
21	0	145964	3	10	1	6	1	1	0	7298	0	60	0	1
39	0	185084	3	10	1	0	1	1	0	0	0	55	0	0
29	0	183111	11	11	0	12	0	1	0	0	0	60	0	0
28	0	63042	1	9	0	7	0	1	0	0	0	35	0	0
31	0	339738	1	9	1	12	5	0	0	0	0	40	0	0
23	0	273049	6	4	1	1	1	1	0	0	0	20	0	0
54	5	239256	3	10	1	7	1	1	0	0	0	40	0	0
73	3	110102	1	9	2	1	2	1	0	0	1668	77	0	0
29	5	165764	7	13	1	5	4	0	1	0	0	35	0	0
22	0	152744	3	10	0	7	2	2	1	0	0	10	0	0
57	1	212303	8	14	1	8	1	1	0	0	0	40	0	1
41	3	118544	1	9	1	6	1	1	0	0	0	32	0	0
39	0	269548	14	2	1	13	1	1	0	0	0	70	4	0
25	5	319303	3	10	3	4	3	1	0	0	2472	40	0	1
74	7	216001	6	4	1	1	1	1	0	0	0	20	0	0
45	0	205816	1	9	1	4	4	1	1	0	0	40	0	1
18	0	427437	1	9	0	10	0	0	1	0	0	40	0	0
24	0	198259	7	13	0	8	0	1	1	0	0	40	0	0
45	0	54314	12	5	0	4	2	1	0	0	0	20	0	0
32	0	195744	1	9	0	6	2	1	0	0	0	40	0	0
53	1	294547	3	10	3	2	2	1	0	0	0	48	0	0
50	0	77521	0	7	0	11	3	1	1	0	0	40	0	0
35	0	288158	1	9	1	6	1	1	0	0	0	40	0	0
24	0	125010	7	13	0	7	0	1	1	0	0	45	0	0
32	0	80945	1	9	1	0	1	1	0	0	0	40	28	1
21	0	33016	4	6	0	0	0	1	0	0	0	25	0	0
42	0	388725	8	14	3	10	2	1	0	0	0	50	0	1
37	1	347136	3	10	3	7	2	1	1	0	0	44	0	0
53	6	158294	11	11	1	1	1	1	0	99999	0	75	0	1
34	0	362787	4	6	5	4	3	0	1	0	0	30	0	0
29	0	39388	1	9	3	10	2	1	0	0	0	40	0	0
55	0	322691	8	14	2	8	0	1	0	0	0	62	0	1
29	0	31659	3	10	0	6	2	1	0	2202	0	45	0	0
70	0	176940	3	10	0	7	2	1	1	0	0	16	0	0
26	1	189027	1	9	1	12	1	1	0	0	0	40	0	0
51	0	98719	1	9	3	13	3	1	0	0	0	40	0	0
58	0	172238	1	9	2	8	3	1	1	0	0	50	0	0
23	2	170456	3	10	0	3	0	1	0	0	0	5	0	0
27	0	129009	7	13	0	8	2	1	1	0	0	55	0	0
17	0	247580	13	8	0	13	0	1	0	0	0	18	0	0
29	0	204516	7	13	3	5	2	1	0	0	0	52	0	0
26	0	192652	7	13	0	8	2	1	0	0	0	20	0	0
31	0	336543	1	9	1	8	1	2	0	0	0	45	0	1
29	2	143938	1	9	4	3	3	0	1	0	0	40	0	0
22	0	272591	4	6	0	0	2	1	0	0	0	30	0	0
28	1	312372	1	9	0	13	5	0	0	0	0	40	0	0
28	1	172270	3	10	3	7	3	1	1	0	0	45	0	0
20	0	342414	3	10	0	12	0	1	0	0	0	24	0	0
58	0	123886	1	9	0	10	5	0	1	0	0	40	0	0
23	0	398130	1	9	3	10	2	1	0	0	0	96	0	0
34	0	142989	7	13	1	5	1	1	0	0	0	40	0	0
32	0	331539	1	9	0	6	2	3	0	0	0	40	0	0
19	0	225156	12	5	1	6	1	1	0	0	0	45	0	0
18	2	311863	1	9	0	3	0	1	0	0	0	40	0	0
35	1	170682	0	7	1	5	4	0	1	0	0	32	0	0
21	0	96178	1	9	0	4	0	1	1	0	0	40	0	0
20	2	37932	3	10	0	3	0	1	0	0	0	30	0	0
49	0	198126	6	4	0	1	2	1	0	0	0	40	0	0
34	0	344275	8	14	0	5	2	1	0	0	0	60	1	1
37	0	112497	7	13	1	10	1	1	0	0	0	60	0	0
36	0	178487	1	9	0	12	2	1	0	0	1669	40	0	0
44	0	55395	11	11	1	2	1	1	0	0	0	40	0	0
39	1	131239	8	14	1	5	1	1	0	0	0	40	0	0
36	3	104772	7	13	1	5	1	1	0	3908	0	40	0	0
53	0	427320	7	13	3	4	2	0	0	3325	0	40	0	0
34	2	73296	0	7	0	3	2	0	1	0	0	40	0	0
24	0	216853	1	9	1	8	1	1	0	0	0	37	0	0
40	0	259757	3	10	1	10	1	1	0	0	0	50	0	0
47	0	200734	1	9	4	11	2	0	1	0	0	50	28	0
19	2	87515	1	9	0	3	0	1	0	0	0	44	7	0
18	0	161245	0	7	0	4	0	1	0	0	0	8	0	0
32	0	262024	1	9	0	4	0	0	0	0	0	38	0	0
21	0	287681	1	9	0	0	0	1	0	0	0	40	4	0
27	0	303601	13	8	1	1	1	1	0	0	0	40	0	0
58	2	365410	3	10	4	3	5	1	1	0	0	99	0	0
29	3	394356	1	9	1	1	1	1	0	0	0	40	0	0
34	0	263150	3	10	1	8	4	1	1	0	0	45	0	1
45	5	86618	8	14	0	8	2	1	1	0	0	50	0	1
43	0	120277	7	13	0	5	0	1	0	0	0	45	0	0
63	4	90393	3	10	1	7	1	1	0	0	0	48	0	0
26	6	79078	1	9	0	1	2	1	0	0	0	50	0	0
42	5	197344	1	9	1	0	1	1	0	0	0	40	0	0
21	0	120998	3	10	0	5	2	1	0	0	0	20	0	0
36	0	37522	7	13	1	10	1	1	0	15024	0	50	0	1
44	0	96321	3	10	1	5	1	1	0	0	0	40	0	1
18	0	217302	1	9	0	4	2	1	0	0	0	30	0	0
69	0	137109	4	6	3	4	2	1	1	0	0	16	0	0
40	0	227823	2	12	3	7	0	1	1	0	0	70	0	0
37	0	22149	1	9	0	4	0	4	0	0	0	18	0	0
39	0	176900	1	9	1	12	1	1	0	0	0	60	0	1
57	0	154368	7	13	1	8	1	1	0	0	0	50	0	1
28	0	183445	1	9	4	11	0	1	1	0	0	40	3	0
23	0	193537	1	9	0	7	0	0	0	0	0	20	0	0
20	0	313873	1	9	0	12	0	1	0	0	0	30	0	0
46	0	34186	1	9	1	13	1	1	0	0	0	40	0	0
