44	5	271807	8	14	3	5	2	1	0	0	0	16	0	0
67	2	46449	7	13	1	3	1	1	0	0	0	10	0	0
31	0	128065	1	9	1	10	1	1	0	0	0	50	0	0
24	0	176486	7	13	0	4	2	1	1	0	0	40	0	0
54	0	191072	7	13	3	13	2	1	0	0	0	35	0	0
28	0	34452	11	11	1	6	1	1	0	0	0	50	0	0
30	5	123253	7	13	1	5	1	1	0	0	0	45	0	0
42	0	113461	1	9	3	0	2	1	0	0	0	40	0	0
17	0	116267	13	8	0	6	0	1	0	0	0	15	15	0
32	0	30433	7	13	0	9	5	1	1	0	0	72	0	0
25	0	198512	7	13	0	8	2	1	1	0	0	40	0	0
49	6	131826	5	15	2	5	3	1	0	99999	0	50	0	1
35	0	129764	1	9	1	12	1	1	0	0	0	45	0	0
32	0	49398	7	13	4	5	2	1	0	10520	0	40	0	1
17	1	292285	0	7	0	5	0	1	1	0	0	25	0	0
61	4	91726	8	14	1	9	4	1	1	0	0	40	0	1
56	0	178282	1	9	2	6	3	1	0	0	0	40	0	0
50	0	227458	1	9	0	8	3	1	0	0	0	51	0	0
32	0	183470	11	11	1	6	1	4	0	0	0	42	0	0
41	0	275446	3	10	4	0	2	0	0	0	0	40	0	0
41	0	328013	8	14	0	5	2	0	0	0	0	65	0	0
19	0	382688	4	6	0	13	2	1	0	0	0	20	0	0
18	0	122988	1	9	0	13	0	1	0	0	0	20	0	0
25	0	175537	7	13	0	7	0	0	1	0	0	40	0	0
21	0	256278	1	9	0	4	5	3	1	0	0	35	11	0
34	0	161153	7	13	1	5	1	1	0	0	0	40	0	1
31	0	48189	12	5	1	1	1	1	0	0	0	65	0	0
36	0	186531	1	9	1	6	1	1	0	0	0	60	0	0
19	0	96866	3	10	0	4	5	1	1	0	0	30	0	0
35	0	117555	2	12	1	0	1	1	0	0	0	45	0	0
18	2	98549	1	9	0	3	0	1	1	0	1602	35	0	0
39	0	101782	1	9	3	10	2	1	1	0	0	40	0	0
30	0	234753	11	11	1	8	4	1	1	0	0	34	0	1
59	0	59469	7	13	1	6	1	1	0	0	0	50	0	1
28	0	614113	3	10	4	7	3	0	1	0	0	30	0	0
47	0	203505	9	16	0	5	0	1	1	0	0	23	0	0
27	0	128365	7	13	0	5	0	1	0	0	0	40	0	0
56	0	36990	1	9	1	6	1	0	0	0	0	52	0	1
18	0	303240	1	9	0	10	0	1	1	0	0	20	0	0
76	2	217043	4	6	1	3	1	1	0	0	0	15	0	0
56	0	176079	1	9	1	7	4	1	1	15024	0	24	0	1
40	6	266047	7	13	0	8	2	1	0	0	0	65	0	1
39	6	285890	3	10	1	5	1	0	0	0	0	40	10	1
24	0	70261	1	9	0	4	0	1	0	0	0	40	0	0
23	0	214236	1	9	0	7	2	1	1	0	0	40	0	0
36	3	143385	1	9	1	1	1	1	0	0	0	60	0	0
55	0	150507	3	10	1	7	1	1	0	0	0	40	0	0
23	0	292264	3	10	1	10	1	1	0	0	0	40	0	0
39	6	110861	7	13	1	10	1	1	0	0	0	50	0	1
32	0	225064	1	9	3	6	0	1	0	0	0	40	0	0
32	0	154120	1	9	1	4	1	1	0	0	0	40	38	0
17	0	34465	0	7	0	13	0	1	0	0	0	32	0	0
29	0	89598	7	13	1	8	4	1	1	0	2057	35	0	0
54	0	183668	1	9	1	13	1	1	0	0	0	40	0	0
37	0	189382	2	12	3	7	2	1	1	0	1504	40	0	0
67	2	165103	7	13	1	3	1	1	0	0	2174	50	0	1
48	0	44216	8	14	0	7	2	1	1	0	0	20	0	0
17	0	150471	4	6	0	4	0	1	1	0	0	25	0	0
41	0	32627	1	9	3	4	2	1	0	0	0	40	0	0
43	3	153109	2	12	3	8	3	1	1	0	0	60	0	0
29	0	352451	1	9	0	0	3	0	1	0	0	40	0	0
43	0	176716	7	13	1	12	1	1	0	0	0	70	0	1
46	4	171850	1	9	3	8	2	1	0	0	0	42	0	0
42	0	260496	1	9	0	0	0	0	1	0	0	40	0	0
36	0	154410	7	13	1	10	1	1	0	0	1902	40	0	1
31	3	23500	1	9	1	6	1	1	0	0	0	75	0	0
60	0	178312	0	7	1	10	1	1	0	0	1902	70	0	1
50	0	62593	11	11	1	1	1	2	0	0	0	40	0	1
30	0	123291	3	10	4	0	2	1	0	0	0	40	0	0
22	0	313817	1	9	1	12	1	1	0	0	0	50	0	0
57	5	229270	7	13	1	8	1	3	0	0	1579	37	0	0
43	0	212027	7	13	3	5	2	0	0	0	0	38	0	0
58	0	259532	3	10	1	12	1	1	0	0	0	70	0	0
26	1	213258	7	13	0	5	0	1	0	0	0	40	0	0
26	0	316337	3	10	1	0	1	4	0	0	0	40	0	0
38	0	179123	3	10	0	8	2	1	1	0	0	50	0	1
26	0	191765	7	13	0	5	2	1	0	0	0	40	31	0
59	6	188877	1	9	1	10	1	1	0	0	0	50	0	1
41	0	55395	3	10	5	4	3	1	0	0	0	40	0	0
21	0	161051	3	10	0	9	0	0	1	0	0	4	0	0
30	0	241844	1	9	4	13	0	0	0	0	0	40	0	0
36	0	232142	3	10	1	13	1	1	0	0	0	80	0	0
43	0	311534	3	10	1	6	1	1	0	0	0	44	0	1
68	3	128986	6	4	1	1	1	1	0	0	0	30	0	0
18	0	67019	1	9	0	4	2	1	1	0	0	30	0	0
23	0	208826	7	13	0	8	3	1	1	0	0	30	0	0
43	0	256813	8	14	1	5	1	1	0	0	1902	40	0	1
44	0	160919	1	9	3	4	3	1	1	0	0	30	0	0
43	0	107584	3	10	1	10	1	1	0	0	0	55	0	0
59	6	159472	1	9	1	10	1	1	0	0	0	40	0	0
35	0	408318	6	4	5	4	2	1	0	0	0	25	4	0
61	0	194956	1	9	1	0	1	1	0	0	0	40	0	1
52	5	21764	3	10	1	8	1	1	0	0	0	60	0	1
37	0	277347	1	9	1	6	1	1	0	0	0	40	0	1
57	0	104455	3	10	5	10	0	2	1	0	0	90	0	1
30	0	117584	8	14	0	5	2	0	1	0	0	20	0	0
38	0	131288	11	11	0	1	2	1	0	0	0	50	0	0
46	0	99014	3	10	3	4	0	1	1	0	0	35	0	0
22	0	141003	1	9	0	4	0	1	0	0	0	40	0	0
64	0	344014	3	10	3	9	3	0	1	0	1741	40	0	0
45	0	175600	11	11	3	10	2	1	0	0	0	50	0	0
31	1	240504	3	10	1	2	1	0	0	0	1902	50	0	1
20	0	174436	1	9	0	6	0	1	0	0	0	60	0	0
29	0	194869	3	10	0	10	2	1	0	0	0	35	0	0
23	0	164901	3	10	0	8	0	1	0	0	0	20	0	0
62	0	72886	7	13	1	8	1	1	0	0	0	40	0	0
41	6	130126	3	10	1	1	1	1	0	0	0	60	0	1
42	6	196514	7	13	0	5	2	1	0	0	0	40	0	0
31	0	103651	7	13	1	8	1	1	0	0	0	45	0	1
25	0	261419	7	13	0	10	0	1	0	0	0	50	0	0
61	0	206339	4	6	0	12	2	1	0	0	0	40	0	0
27	0	445365	7	13	0	7	2	1	0	0	0	40	0	0
40	0	227466	1	9	1	12	1	0	0	0	0	50	0	0
49	0	96854	1	9	3	4	3	1	0	0	0	40	0	0
21	0	163595	3	10	0	6	2	1	0	0	0	45	0	0
22	5	181096	7	13	0	5	0	0	0	0	0	20	0	0
24	0	95984	11	11	0	10	2	1	0	0	0	55	0	0
37	0	472517	11	11	3	4	2	1	1	0	0	4	0	0
46	1	60751	11	11	1	8	1	1	0	0	0	40	0	1
35	0	107302	7	13	1	10	1	1	0	0	0	40	0	1
41	0	106501	2	12	1	8	1	1	0	7688	0	50	0	1
23	0	32732	3	10	0	0	2	1	0	0	0	40	0	0
34	6	174789	1	9	1	10	1	1	0	0	0	60	0	0
39	0	301628	3	10	1	8	4	1	1	0	0	40	0	1
29	0	27436	1	9	3	4	2	1	1	0	0	35	0	0
24	0	93977	1	9	1	0	1	1	0	0	0	40	0	0
54	0	139127	1	9	3	4	2	1	1	0	0	40	0	0
28	0	258231	3	10	0	10	2	1	1	0	0	40	0	0
25	3	136309	0	7	0	10	0	1	0	0	0	40	0	0
50	0	266433	3	10	3	9	2	1	1	0	0	40	0	0
59	0	140363	1	9	1	6	1	1	0	0	0	42	0	1
58	0	179715	7	13	1	5	1	1	0	0	0	47	0	1
55	0	204816	3	10	1	8	1	1	0	0	0	40	0	1
58	0	35520	3	10	1	13	1	1	0	7688	0	40	0	1
46	0	101320	7	13	4	5	3	1	1	0	0	42	0	1
40	0	210857	3	10	1	8	1	1	0	0	1902	50	0	1
40	3	60949	11	11	1	6	1	1	0	0	0	40	0	0
57	1	139095	1	9	3	7	3	1	1	0	0	40	0	0
46	0	233493	1	9	1	0	1	1	0	0	1579	40	0	0
36	0	176249	1	9	0	6	2	1	0	0	1590	40	0	0
29	0	187746	3	10	0	4	0	1	1	0	0	40	0	0
32	0	49593	1	9	0	7	2	0	1	0	0	40	0	0
24	3	240160	1	9	0	6	2	1	0	0	0	35	0	0
63	0	76286	8	14	1	5	1	3	0	0	0	40	17	1
23	0	65225	3	10	0	4	0	1	1	0	0	15	0	0
36	0	225330	1	9	3	4	3	1	1	0	0	40	0	0
31	0	101562	7	13	0	10	2	1	1	0	0	50	0	1
52	3	27539	3	10	1	1	1	1	0	7688	0	72	0	1
60	1	227311	4	6	3	7	3	1	1	0	0	40	0	0
29	2	51260	1	9	0	3	2	0	0	0	0	40	0	0
31	0	256609	1	9	5	13	2	1	0	0	0	40	4	0
35	1	123939	1	9	0	7	2	1	1	0	0	40	0	0
24	4	203182	7	13	0	8	2	1	1	2174	0	40	0	0
38	0	111128	3	10	3	7	0	1	0	0	0	40	0	0
42	0	112451	1	9	0	4	2	4	0	0	0	40	0	0
44	2	177461	3	10	3	3	3	4	0	0	0	50	0	0
24	0	332155	1	9	0	13	5	1	0	0	0	20	0	0
42	1	178983	7	13	3	5	3	1	1	0	0	37	0	0
54	0	199392	10	3	3	0	5	1	1	0	0	40	28	0
19	0	311015	1	9	0	4	2	1	0	0	0	40	0	0
20	0	126038	3	10	0	4	0	1	1	0	0	20	0	0
21	0	402124	11	11	0	0	2	1	0	0	0	40	0	0
30	0	198660	1	9	1	13	1	1	0	0	0	40	0	0
26	2	228457	0	7	0	3	2	1	0	0	0	40	0	0
34	6	223267	1	9	1	6	1	1	0	2829	0	78	0	0
22	3	249046	3	10	0	4	0	1	0	0	0	35	0	0
45	3	127948	7	13	1	8	1	1	0	0	0	40	0	0
32	0	154785	3	10	0	7	3	2	1	0	0	40	27	0
28	0	248404	3	10	0	8	2	1	0	0	0	60	0	0
31	0	137978	7	13	1	8	1	1	0	0	0	40	0	0
40	0	144778	1	9	1	8	1	1	0	0	0	50	0	1
30	0	133250	3	10	1	6	1	1	0	0	0	50	0	0
28	0	402771	11	11	0	8	2	1	1	0	0	23	0	0
47	2	97075	1	9	3	3	3	1	1	0	0	40	0	0
21	0	116234	3	10	0	0	2	1	0	0	0	44	0	0
25	1	262818	7	13	0	5	0	1	0	0	0	35	3	0
47	0	138342	1	9	1	6	1	1	0	0	0	50	0	0
50	0	123374	7	13	1	5	1	1	0	0	0	50	0	1
23	0	202373	1	9	0	10	0	0	0	0	0	20	0	0
54	3	180522	1	9	1	10	1	1	0	0	0	70	0	0
24	1	140647	1	9	0	4	0	0	0	0	0	36	0	0
50	0	136898	11	11	2	8	3	1	1	0	0	55	1	0
29	0	140927	7	13	1	7	1	1	0	0	0	40	0	0
36	0	114055	11	11	0	5	3	1	1	3325	0	40	0	0
46	0	114222	11	11	3	8	2	1	0	0	0	40	0	0
39	6	51089	7	13	1	5	1	1	0	0	0	30	0	0
46	0	37353	3	10	1	13	1	1	0	0	0	45	0	0
36	1	379672	11	11	3	8	3	1	1	0	0	60	0	0
64	0	130727	1	9	2	7	2	1	1	2174	0	37	0	0
51	0	172046	7	13	1	8	1	1	0	0	0	45	0	1
57	0	228764	11	11	3	0	2	0	0	0	0	40	0	0
21	0	376393	1	9	0	7	0	1	1	0	0	25	0	0
53	0	185283	1	9	1	6	1	1	0	0	0	45	0	1
61	3	195789	8	14	1	8	1	1	0	0	0	30	0	0
50	0	243115	1	9	5	7	5	1	1	0	0	40	0	0
74	0	147558	3	10	3	10	2	1	1	7262	0	30	0	1
22	5	62865	3	10	0	7	2	1	1	0	0	8	0	0
25	3	275197	1	9	0	1	0	1	0	0	0	40	0	0
63	3	124015	8	14	4	5	2	1	0	0	0	40	0	1
38	6	282951	3	10	3	5	2	1	0	0	0	40	0	0
46	0	105253	8	14	1	5	1	1	0	0	1977	50	0	1
31	0	119164	1	9	0	8	5	1	0	0	0	40	1	0
35	3	263081	3	10	0	4	2	0	0	0	0	84	0	0
54	0	96062	7	13	1	5	1	1	0	0	0	40	0	0
50	0	44942	1	9	1	0	1	1	0	0	1848	48	0	1
37	4	127879	3	10	0	8	0	0	1	0	0	40	0	0
37	0	109633	1	9	3	4	2	1	1	0	0	40	0	0
29	0	109404	7	13	0	10	2	1	0	0	0	50	0	0
56	0	126677	1	9	1	0	1	1	0	3103	0	40	0	1
52	0	101113	1	9	1	12	1	1	0	0	0	66	0	1
40	0	117523	7	13	0	8	2	1	1	0	0	40	15	0
29	0	183523	8	14	1	5	1	1	0	0	1977	40	0	1
46	3	311231	1	9	1	1	1	1	0	0	0	40	0	0
49	0	459556	11	11	1	6	1	0	0	0	0	50	0	0
37	0	95551	3	10	3	10	2	1	1	0	0	45	0	0
36	0	126675	7	13	1	6	1	1	0	0	0	35	0	0
32	0	200246	3	10	1	6	1	1	0	0	0	40	0	1
53	0	108435	1	9	1	9	1	1	0	0	0	40	24	0
18	0	141332	0	7	0	10	0	0	0	0	0	8	0	0
48	0	117310	1	9	1	7	4	1	1	0	0	20	0	0
26	0	182380	1	9	3	6	2	1	0	0	0	40	0	0
64	2	226878	8	14	1	3	4	0	1	9386	0	50	32	1
49	0	123807	1	9	4	7	3	0	1	0	0	40	0	0
41	0	109539	1	9	0	10	2	1	1	0	0	40	0	0
20	1	38455	3	10	0	6	2	1	0	0	0	10	0	0
56	0	294209	1	9	3	5	2	1	1	0	0	48	0	0
33	0	130215	3	10	1	13	1	0	0	0	0	35	1	0
29	0	285294	2	12	0	7	3	0	1	0	0	40	0	0
29	0	168221	1	9	1	0	1	1	0	0	0	40	0	0
55	0	288907	1	9	3	6	2	1	0	4787	0	40	0	1
26	0	391349	7	13	0	10	2	1	1	0	0	45	0	0
32	0	170276	7	13	0	8	2	1	1	0	0	46	0	1
33	0	117963	1	9	0	0	5	1	0	0	0	55	0	0
54	1	68015	8	14	1	5	1	1	0	0	0	45	0	1
20	2	285208	3	10	0	3	0	1	1	0	0	30	0	0
33	0	181091	13	8	1	6	1	1	0	0	0	16	0	0
44	3	53956	3	10	1	0	1	1	0	0	0	57	0	0
47	4	198223	1	9	1	7	1	1	0	0	0	40	0	1
90	3	83601	5	15	2	5	2	1	0	1086	0	60	0	0
26	3	201579	10	3	0	5	3	1	0	0	0	14	4	0
44	0	137367	1	9	1	4	1	2	0	0	0	40	9	0
33	0	227325	2	12	0	4	2	1	0	0	0	60	31	0
28	0	129814	3	10	4	6	3	1	0	0	0	50	0	0
26	0	193050	3	10	3	7	3	1	1	0	0	18	0	0
33	0	204557	1	9	1	6	1	1	0	0	0	40	0	0
39	0	165743	12	5	1	13	1	1	0	0	0	40	0	0
34	3	48935	3	10	1	1	4	1	1	0	0	30	0	0
70	0	177906	3	10	1	8	1	1	0	6514	0	40	0	1
18	0	93985	3	10	0	4	0	1	0	0	0	30	0	0
20	0	148351	6	4	0	13	5	1	0	0	0	40	1	0
65	1	172646	12	5	1	8	1	1	0	0	0	40	0	0
52	0	145409	4	6	1	0	1	1	0	0	0	48	0	0
48	0	548568	8	14	1	10	1	1	0	0	0	50	0	1
47	0	117849	1	9	1	13	1	1	0	0	0	40	0	0
21	0	320425	3	10	0	5	0	1	0	0	0	30	0	0
25	0	158734	1	9	0	7	2	1	1	0	0	45	0	0
59	0	168416	1	9	5	11	2	1	1	0	0	36	19	0
63	3	33487	6	4	1	1	1	1	0	0	0	70	0	1
34	0	205072	1	9	0	10	2	1	0	0	0	50	0	0
44	0	210525	7	13	1	6	1	1	0	0	0	40	0	0
45	3	32948	7	13	1	1	1	1	0	0	0	60	0	0
48	6	196689	7	13	1	10	1	1	0	0	0	40	0	1
61	0	87032	1	9	2	7	2	1	1	0	0	40	0	0
44	6	325159	11	11	1	1	1	1	0	0	0	40	0	0
42	3	52131	3	10	0	8	2	1	0	0	0	40	0	0
40	0	266439	11	11	1	4	1	1	0	0	0	15	0	0
22	0	61850	8	14	0	10	5	1	1	0	0	21	0	0
19	0	163015	3	10	0	0	0	1	1	0	0	20	0	0
25	0	225135	1	9	0	0	3	1	1	0	0	40	0	0
28	6	109001	7	13	0	8	0	1	0	0	0	60	0	0
33	0	45796	1	9	1	10	1	1	0	0	0	40	0	1
29	0	214987	3	10	3	13	2	1	0	2174	0	40	0	0
19	0	311974	1	9	0	0	0	1	0	0	0	40	4	0
48	0	77404	3	10	1	8	1	1	0	0	0	60	0	1
43	0	153132	3	10	1	6	1	1	0	0	0	40	0	1
42	3	64631	7	13	1	8	1	1	0	0	0	40	0	1
63	0	151364	1	9	1	5	4	1	1	0	0	25	0	0
25	0	87487	7	13	0	5	0	1	1	0	0	50	0	0
41	3	200479	11	11	1	6	1	1	0	0	0	65	0	0
66	0	30740	1	9	0	9	2	1	1	0	0	15	0	0
59	0	153484	3	10	1	6	1	1	0	0	0	40	0	1
29	1	214385	8	14	0	5	2	0	1	0	0	35	0	0
29	2	565769	15	1	0	3	2	0	0	0	0	40	14	0
44	3	92162	1	9	3	6	2	1	0	0	0	40	0	0
29	0	210945	0	7	4	4	3	0	1	0	0	40	0	0
41	0	63105	1	9	0	6	2	1	0	0	0	42	0	1
44	0	185602	11	11	3	8	3	1	1	0	0	40	0	0
37	6	329980	7	13	1	10	1	1	0	15024	0	50	0	1
70	1	111712	1	9	1	8	1	1	0	0	0	22	0	0
25	1	48317	7	13	0	5	2	1	0	0	0	30	0	0
42	0	84661	3	10	3	6	0	1	0	0	0	30	0	0
47	0	121622	7	13	1	5	4	1	1	0	0	40	0	1
21	0	37514	3	10	0	7	0	1	0	0	0	30	0	0
72	0	174993	3	10	2	4	2	1	1	0	0	35	0	0
56	0	159472	6	4	1	12	1	1	0	0	0	40	0	0
52	1	195635	1	9	3	6	0	1	0	0	0	40	0	0
37	0	108282	7	13	1	8	1	1	0	0	0	45	0	0
63	0	55946	1	9	1	6	1	1	0	0	0	40	0	0
41	0	123306	3	10	1	1	1	1	0	0	0	40	0	0
27	0	284250	3	10	1	7	0	0	1	0	0	40	0	0
60	0	113443	1	9	3	7	2	1	1	0	0	45	0	0
23	0	309178	1	9	1	0	1	1	0	0	0	40	0	0
44	0	69236	3	10	3	7	2	2	0	0	0	40	16	0
34	1	182926	1	9	1	2	1	1	0	0	0	40	0	0
38	0	126675	7	13	1	5	1	1	0	0	0	40	0	1
39	0	187693	11	11	1	8	1	1	0	0	0	45	0	1
56	0	41100	8	14	3	8	2	1	1	0	0	40	0	1
53	5	261839	3	10	1	13	1	1	0	0	0	40	0	0
55	0	97197	3	10	3	10	2	1	1	0	0	50	0	0
29	0	260645	3	10	0	10	0	1	1	0	0	40	0	0
56	0	116878	10	3	1	0	1	1	0	0	0	40	26	1
49	2	227690	1	9	3	3	2	1	1	0	0	40	0	0
29	0	199411	11	11	1	5	1	1	0	0	0	40	0	1
25	0	194813	1	9	1	6	1	1	0	0	0	50	0	0
47	0	177087	1	9	2	8	2	1	1	0	2444	50	0	1
44	3	242434	7	13	3	10	2	1	1	27828	0	60	0	1
27	0	399123	1	9	0	13	5	0	0	0	1719	40	0	0
47	0	216999	7	13	1	8	1	1	0	0	0	50	0	0
47	0	47270	13	8	0	7	3	0	1	0	0	40	0	0
42	4	122215	1	9	1	6	1	1	0	0	0	48	0	1
26	0	37898	11	11	0	6	2	1	0	0	0	65	0	0
38	0	61343	12	5	1	6	1	1	0	0	0	40	0	0
40	0	32533	6	4	1	0	1	1	0	0	0	30	0	0
30	0	296897	1	9	3	7	3	0	1	0	0	40	0	0
29	0	201101	1	9	1	0	1	1	0	0	0	50	0	0
41	0	155293	11	11	1	6	1	1	0	0	0	45	0	0
40	0	101593	1	9	0	6	2	1	0	0	0	40	0	0
46	5	104908	1	9	0	4	3	0	1	0	0	40	0	0
54	3	139023	3	10	1	10	1	1	0	0	0	40	0	0
44	0	429832	3	10	1	8	1	1	0	0	0	40	0	1
32	0	352542	1	9	3	7	3	1	1	0	0	40	0	0
64	0	29559	1	9	3	13	2	1	1	0	0	38	0	0
61	1	205711	1	9	1	5	1	1	0	0	0	30	0	1
49	0	160706	0	7	4	0	2	1	0	0	0	40	12	0
59	4	101626	1	9	1	7	1	1	0	0	0	45	0	1
29	0	245226	1	9	0	13	3	0	0	0	0	40	0	0
39	0	118286	3	10	1	10	1	0	0	0	0	40	0	0
22	0	187703	11	11	0	4	5	1	0	0	0	40	3	0
49	0	289707	1	9	3	8	3	1	0	0	0	60	0	0
32	0	68330	1	9	1	6	1	1	0	0	1485	40	0	0
33	0	118786	7	13	0	10	2	1	0	0	1590	40	0	0
45	0	203785	12	5	1	13	1	1	0	0	0	40	0	0
23	0	32732	3	10	1	10	1	1	0	0	0	25	0	0
54	1	204567	1	9	2	7	3	1	1	0	0	40	0	0
39	3	131808	3	10	1	10	1	1	0	7688	0	80	0	1
22	0	33272	1	9	0	4	2	1	0	0	0	25	0	0
55	0	117477	0	7	5	4	3	0	1	0	0	40	32	0
36	3	240191	1	9	1	8	1	2	0	41310	0	90	14	0
38	0	93287	0	7	1	1	1	1	0	0	0	40	0	0
34	0	127651	1	9	1	8	1	1	0	0	0	45	0	1
57	0	222477	3	10	1	5	4	1	1	15024	0	8	0	1
23	0	345734	3	10	0	4	0	1	0	0	0	40	0	0
30	0	111567	3	10	1	6	1	1	0	0	0	40	0	1
38	0	108293	3	10	1	8	4	1	1	0	0	45	0	1
34	0	424988	12	5	1	6	1	1	0	0	0	40	4	0
38	1	94529	1	9	1	13	4	1	1	3103	0	50	0	1
42	0	163322	3	10	3	7	3	1	1	0	0	38	0	0
52	1	181132	1	9	1	7	1	1	0	0	1887	40	0	1
32	0	140092	7	13	1	8	1	1	0	0	0	55	0	0
29	0	131913	3	10	0	7	5	0	1	0	0	40	0	0
74	0	175945	1	9	2	7	2	1	1	0	0	28	0	0
48	0	247053	3	10	1	8	1	1	0	0	0	40	0	0
17	3	226203	13	8	0	10	0	1	0	0	0	45	0	0
23	0	205865	1	9	1	0	1	1	0	0	2179	60	0	0
22	1	200109	7	13	0	5	0	1	1	0	0	15	0	0
53	0	175029	1	9	1	8	1	1	0	0	0	50	0	1
20	0	55465	1	9	0	10	0	1	0	0	0	40	0	0
39	3	36989	11	11	1	12	1	1	0	0	0	70	0	1
23	0	255685	3	10	0	13	2	0	0	0	0	25	0	0
30	0	180765	0	7	3	4	3	1	1	0	0	32	0	0
34	3	180607	1	9	5	4	3	1	1	0	0	45	0	0
39	0	48063	13	8	1	13	1	1	0	0	0	32	0	0
37	5	159491	3	10	1	8	4	1	1	0	0	40	0	1
28	0	167789	1	9	0	10	2	1	1	0	0	60	0	0
23	0	124971	7	13	0	8	2	1	0	0	0	40	0	0
19	5	61710	3	10	0	4	0	1	1	0	0	12	0	0
32	0	127895	1	9	0	0	0	0	1	0	0	40	0	0
23	0	390348	3	10	0	4	0	1	0	0	0	44	16	0
25	0	205337	7	13	1	10	1	1	0	0	0	50	0	1
52	0	260954	4	6	2	0	3	0	1	0	0	40	0	0
30	2	331237	1	9	4	3	0	0	1	0	0	20	0	0
22	0	177526	1	9	0	6	0	1	0	2907	0	30	0	0
27	0	113882	4	6	1	6	1	1	0	4508	0	40	0	0
32	0	29144	7	13	0	10	2	1	0	0	0	35	0	0
39	1	124685	2	12	1	7	1	2	0	0	0	50	0	0
18	0	88440	1	9	1	10	4	1	1	0	0	36	0	0
28	0	265074	0	7	0	6	2	1	0	0	0	40	0	0
50	1	306985	8	14	1	7	5	1	1	0	2415	50	0	1
72	0	181494	1	9	2	4	3	1	1	0	0	25	0	0
76	0	138403	1	9	1	10	1	1	0	0	0	20	0	0
35	0	216473	1	9	3	6	3	1	0	0	0	40	0	0
36	0	143123	7	13	1	10	1	1	0	0	1902	40	0	1
19	0	132717	1	9	1	4	0	1	1	0	0	15	0	0
23	5	389792	7	13	0	8	0	1	0	0	0	30	0	0
36	0	359001	11	11	3	6	2	1	0	0	0	40	0	0
50	0	260052	7	13	3	8	3	1	0	15020	0	40	0	1
20	0	63633	3	10	0	4	3	1	1	0	0	25	0	0
64	3	234192	6	4	1	1	1	1	0	0	0	80	0	0
53	1	237523	3	10	1	2	1	1	0	0	0	40	0	1
33	3	183778	2	12	3	10	2	1	0	0	0	40	0	0
30	0	205916	1	9	0	0	5	0	0	0	0	40	0	0
31	0	131633	1	9	1	6	1	1	0	0	0	40	0	0
43	0	33121	3	10	1	7	1	1	0	0	0	35	0	0
38	4	32899	1	9	1	7	1	1	0	0	0	40	0	0
18	0	152171	3	10	0	4	2	1	0	0	0	25	0	0
46	1	127441	7	13	1	5	4	1	1	0	0	40	0	1
46	0	23074	1	9	2	7	2	1	1	0	0	40	21	0
42	0	91585	3	10	2	9	3	1	1	0	0	40	0	0
18	0	83451	1	9	0	7	2	1	1	0	0	25	0	0
23	1	219122	3	10	0	2	0	1	0	0	0	40	0	0
81	0	176500	13	8	2	10	2	1	1	0	0	30	0	0
40	2	246862	7	13	2	3	2	1	1	0	0	8	0	0
35	0	38468	1	9	3	4	3	1	1	0	0	21	0	0
24	2	35633	3	10	0	3	2	1	0	0	0	11	1	0
19	0	194608	12	5	0	13	0	1	1	0	0	40	0	0
30	0	269723	3	10	0	10	2	1	1	0	0	45	0	0
24	0	165054	11	11	0	6	2	1	0	0	0	45	0	0
24	0	127537	12	5	5	10	2	1	1	0	0	35	0	0
24	0	326931	12	5	0	12	3	3	0	0	0	40	11	0
24	0	307133	3	10	1	12	1	1	0	0	0	40	1	0
37	0	371576	3	10	4	0	2	0	0	0	0	40	0	0
50	0	160400	1	9	3	10	2	1	1	0	0	40	0	0
37	0	426350	7	13	1	10	1	1	0	15024	0	40	0	1
26	5	121789	11	11	3	8	3	1	1	0	0	40	0	0
18	0	218183	3	10	0	10	0	1	1	0	0	25	0	0
24	0	91189	1	9	1	6	1	1	0	0	0	40	0	0
18	0	232190	1	9	0	10	0	1	0	0	0	20	0	0
38	3	233033	8	14	1	5	1	2	0	0	0	40	0	0
66	6	74263	1	9	2	8	2	1	0	0	0	86	0	1
33	0	205950	11	11	1	0	1	1	0	0	0	40	0	1
25	0	213383	3	10	0	13	0	1	0	0	0	40	0	0
23	0	345577	3	10	3	11	2	1	1	0	0	26	0	0
20	2	322144	3	10	0	3	2	1	0	0	0	40	0	0
46	0	158825	1	9	3	6	2	1	1	14344	0	40	0	1
64	6	51286	8	14	1	10	1	1	0	6418	0	65	0	1
36	0	82488	7	13	1	7	4	2	1	0	0	40	8	0
31	4	40909	3	10	1	9	1	0	0	0	0	40	0	0
23	0	114939	3	10	0	4	0	1	1	0	0	30	0	0
61	0	221534	1	9	3	0	0	1	1	0	0	40	0	0
35	0	149455	3	10	4	8	0	0	1	0	0	40	0	0
68	2	353524	6	4	1	3	1	1	0	0	0	60	0	0
30	0	328734	4	6	0	0	3	1	1	0	0	40	0	0
21	0	112906	11	11	0	4	0	1	1	0	0	44	0	0
27	0	155038	3	10	0	4	0	0	0	0	0	40	0	0
26	0	100125	2	12	3	12	3	1	1	0	0	30	0	0
26	5	177048	3	10	1	2	0	0	0	0	0	40	0	0
43	0	72338	8	14	1	9	1	2	0	0	0	40	0	1
20	0	254547	1	9	0	7	2	0	1	0	0	35	39	0
20	1	186213	3	10	0	5	0	1	0	0	0	38	0	0
39	0	270557	8	14	3	4	2	1	1	0	0	50	0	1
48	0	41411	3	10	3	5	2	1	1	0	0	50	0	0
36	0	116445	1	9	3	0	0	1	0	0	0	40	0	0
34	3	247540	1	9	0	1	2	1	0	0	1974	30	0	0
37	0	358753	0	7	1	6	1	1	0	5013	0	40	0	0
37	3	156897	5	15	0	5	0	1	0	0	1564	55	0	1
44	3	360879	3	10	1	1	1	1	0	0	1902	80	0	1
51	0	256051	0	7	1	12	1	0	0	0	1628	40	0	0
34	0	179877	1	9	0	6	0	1	0	0	0	40	0	0
29	0	266583	1	9	1	10	1	0	0	2829	0	38	0	0
38	0	187711	3	10	1	6	1	1	0	0	0	43	0	1
34	1	206707	3	10	1	2	1	1	0	0	0	60	0	0
63	1	80655	3	10	3	7	2	1	1	0	0	40	0	0
47	4	409464	1	9	3	6	2	1	0	0	0	40	0	0
62	0	235997	13	8	2	7	3	1	1	0	0	37	4	0
20	0	59948	1	9	0	4	0	0	1	0	0	18	0	0
30	0	323833	10	3	1	0	1	1	0	0	0	40	4	0
53	0	290290	3	10	3	5	2	1	0	0	1590	50	0	0
20	2	291746	13	8	0	3	0	0	0	0	0	40	0	0
77	0	189173	1	9	1	5	1	1	0	0	0	35	0	0
50	5	392668	9	16	1	5	1	1	0	0	0	40	0	1
61	0	132529	4	6	1	6	1	1	0	0	0	40	0	0
56	0	68080	1	9	0	1	2	1	0	0	0	50	1	1
17	0	194717	0	7	0	5	0	1	1	0	0	15	0	0
43	0	307767	1	9	1	6	1	1	0	0	0	40	0	1
61	0	90051	6	4	1	0	4	1	1	3456	0	44	25	0
77	5	267799	9	16	5	5	2	1	0	0	0	4	0	1
49	0	81535	7	13	1	8	1	1	0	0	0	75	0	1
26	3	334267	3	10	0	1	2	1	0	0	0	40	0	0
30	3	55912	7	13	1	10	1	1	0	0	0	50	0	0
36	0	172706	1	9	1	0	1	1	0	0	0	40	0	0
35	0	240467	3	10	4	12	2	0	1	0	0	40	0	1
23	0	186006	1	9	0	4	3	1	1	0	0	37	0	0
38	0	65738	11	11	3	9	2	1	1	0	0	40	0	0
40	3	192878	1	9	1	4	1	1	0	0	0	40	0	0
27	5	413870	3	10	0	8	0	0	0	0	0	40	0	0
45	0	176341	1	9	3	4	3	1	1	0	0	32	0	0
66	2	28367	1	9	1	3	1	1	0	0	0	40	0	0
24	0	117210	7	13	0	8	0	1	0	0	0	36	0	0
21	2	231286	3	10	0	3	0	0	0	0	0	25	32	0
42	0	188465	1	9	3	4	2	1	1	0	0	25	0	0
31	1	253456	3	10	1	2	1	1	0	0	0	40	0	1
54	0	140592	1	9	3	7	2	1	1	0	0	40	0	0
46	0	171335	3	10	3	8	2	1	0	0	0	40	0	0
29	5	73928	7	13	0	5	0	2	1	0	0	15	0	0
24	0	161415	0	7	0	4	5	1	0	0	0	35	0	0
24	0	395297	3	10	0	4	3	1	1	0	0	30	16	0
40	5	385357	7	13	1	2	1	1	0	0	0	72	0	1
45	5	160599	2	12	0	6	2	1	0	0	0	40	0	0
35	0	222450	7	13	0	8	2	1	0	0	0	40	0	0
61	2	38603	6	4	3	3	2	1	0	0	0	20	0	0
50	0	178946	8	14	1	5	1	1	0	0	0	50	0	1
36	0	106471	7	13	1	5	1	1	0	0	0	40	0	1
35	0	341643	3	10	1	0	1	1	0	0	0	40	0	0
25	0	97952	7	13	0	5	2	1	0	0	0	40	1	0
31	0	111567	1	9	1	12	1	1	0	0	1848	50	0	1
43	1	201764	5	15	0	5	2	1	0	0	0	40	0	1
30	0	153549	7	13	0	0	2	1	0	0	0	48	0	0
44	1	264016	7	13	1	5	5	0	1	0	0	40	0	0
42	0	194636	7	13	1	8	1	1	0	0	0	40	0	0
64	5	184271	9	16	1	5	1	1	0	0	0	50	0	1
23	1	49296	3	10	5	5	0	0	0	0	0	40	0	0
60	0	96099	7	13	0	5	2	1	0	4101	0	60	0	0
18	3	304699	4	6	0	6	0	1	0	0	0	40	21	0
24	0	267181	3	10	0	4	0	1	0	0	0	35	0	0
40	0	154076	1	9	1	6	1	1	0	0	0	45	0	0
17	0	98209	0	7	0	10	0	1	1	0	0	10	0	0
33	0	92003	1	9	1	7	4	1	1	0	0	40	0	0
43	0	103759	1	9	1	12	1	1	0	0	0	40	0	0
56	0	269681	1	9	3	12	3	1	1	0	0	35	0	0
25	0	789600	1	9	0	7	3	1	1	0	0	40	0	0
25	0	152165	7	13	0	10	2	1	1	0	0	40	0	0
34	0	260560	7	13	1	8	1	1	0	0	0	50	0	1
40	6	214781	3	10	1	8	1	1	0	7298	0	65	0	1
64	0	207188	7	13	3	8	2	1	1	0	0	40	0	0
41	0	246258	3	10	3	7	3	1	1	0	0	40	0	0
44	0	101563	8	14	3	8	3	1	0	7430	0	45	0	1
60	0	69955	11	11	1	6	1	1	0	4064	0	40	0	0
25	0	124111	7	13	0	10	0	1	1	0	0	36	1	0
38	0	237091	3	10	5	4	3	1	1	0	0	36	2	0
26	0	318644	1	9	0	10	0	1	0	0	0	35	0	0
19	0	138917	3	10	0	10	0	0	1	0	0	20	0	0
31	0	97405	1	9	0	4	3	1	1	0	0	40	0	0
28	0	196674	1	9	1	0	1	1	0	0	0	45	0	0
25	0	405281	3	10	0	6	2	1	0	0	0	40	0	0
49	0	186256	3	10	1	7	1	1	0	0	0	40	0	0
44	0	120277	1	9	3	12	2	1	0	0	0	45	0	0
33	0	161035	0	7	1	6	1	1	0	0	0	49	0	0
34	0	176244	1	9	1	0	5	1	1	0	0	40	4	0
54	0	32454	1	9	1	12	1	1	0	0	0	60	0	1
39	0	346478	1	9	1	10	1	1	0	0	0	40	0	1
43	0	196158	3	10	3	7	3	1	1	0	0	38	0	0
42	4	208470	1	9	1	0	1	1	0	0	0	40	0	0
23	0	215616	1	9	0	7	2	1	1	0	0	37	0	0
23	0	275357	3	10	0	4	2	1	1	0	0	35	0	0
23	6	304871	3	10	0	8	0	1	0	0	0	40	0	0
54	0	99185	7	13	1	5	1	1	0	0	1977	40	0	1
23	0	115085	1	9	0	12	2	1	0	0	0	45	0	0
58	0	82050	3	10	1	12	1	1	0	0	0	60	0	1
46	0	123681	9	16	3	5	2	1	0	0	0	40	0	0
29	0	193152	9	16	1	5	1	1	0	0	0	45	0	1
53	0	309466	1	9	3	6	2	1	0	0	0	40	0	0
77	1	100883	6	4	1	4	1	1	0	0	0	8	25	0
37	0	32528	7	13	1	10	1	1	0	0	0	50	0	0
18	0	245199	4	6	0	12	0	1	0	0	0	40	0	0
36	0	72375	7	13	3	5	3	1	1	0	0	45	0	0
34	0	117963	1	9	0	6	0	1	0	0	0	45	0	0
45	0	160440	1	9	1	10	1	1	0	0	0	55	0	1
64	4	113570	2	12	1	2	1	0	0	0	0	40	0	0
58	2	191830	1	9	1	3	1	1	0	0	0	55	0	0
24	0	232328	12	5	3	4	0	1	1	0	0	35	0	0
37	0	92028	7	13	0	8	2	1	0	0	0	45	0	0
48	0	138342	1	9	1	6	1	1	0	0	1485	55	0	1
42	0	197810	3	10	3	5	3	1	1	0	0	40	0	0
28	0	102142	3	10	0	9	2	1	0	0	0	40	0	0
31	0	104223	7	13	0	10	3	0	1	0	0	40	0	0
34	0	132835	1	9	0	4	3	0	1	0	0	40	0	0
31	3	109195	7	13	1	1	1	1	0	0	0	70	0	0
33	0	203463	3	10	3	7	2	1	1	0	0	40	0	0
47	1	33114	0	7	3	13	3	4	0	0	0	50	0	0
27	0	187450	7	13	1	8	1	1	0	0	0	50	0	0
36	0	104213	3	10	3	7	3	1	1	0	0	40	0	0
31	0	257849	1	9	1	8	1	1	0	0	0	40	0	0
56	0	50490	1	9	1	12	1	1	0	0	0	40	0	0
18	0	85508	13	8	0	10	0	1	1	0	0	12	0	0
54	3	60449	7	13	2	10	3	1	0	0	0	60	0	0
27	1	131310	3	10	1	7	0	1	1	0	0	40	0	0
65	3	158177	8	14	1	10	1	1	0	10605	0	44	0	1
65	0	115922	0	7	3	13	2	1	0	0	0	24	0	0
21	0	403471	3	10	0	4	0	0	1	0	0	48	0	0
22	0	176131	3	10	1	8	1	0	0	0	0	40	0	0
32	0	149531	1	9	0	0	0	1	0	0	0	40	0	0
42	0	262243	0	7	1	6	1	1	0	0	0	35	0	1
32	0	64658	1	9	3	6	2	1	0	0	0	40	0	0
21	0	127914	3	10	0	4	0	1	0	0	0	20	0	0
49	6	182211	1	9	1	10	1	1	0	0	0	50	0	1
30	0	48520	1	9	3	12	2	1	0	0	0	43	0	0
20	0	403118	3	10	0	4	0	1	1	0	0	11	0	0
55	0	119344	1	9	1	5	0	1	1	0	0	40	0	0
46	3	334456	12	5	1	12	1	1	0	0	0	40	0	0
31	0	263110	1	9	3	7	3	1	1	0	0	40	0	0
31	3	279015	3	10	1	8	1	1	0	0	1887	40	0	1
58	0	195878	10	3	1	1	1	1	0	0	0	40	4	0
34	0	217652	13	8	3	0	0	1	1	0	0	40	0	0
65	4	44807	3	10	1	7	1	1	0	0	0	48	0	1
48	0	129777	1	9	2	7	3	1	1	0	0	40	0	0
28	2	195568	3	10	1	3	4	1	1	0	0	15	1	1
44	0	227466	3	10	1	12	1	0	0	0	0	40	0	1
26	0	228457	0	7	3	13	2	1	0	0	0	40	0	0
45	3	247053	1	9	1	6	1	1	0	0	0	40	0	0
19	0	188669	1	9	0	10	0	1	1	0	0	30	0	0
45	0	40666	7	13	1	5	1	1	0	0	0	40	24	0
57	2	190514	12	5	1	3	1	1	0	0	0	40	0	0
36	1	404661	3	10	1	5	1	0	0	0	0	40	0	1
45	3	39986	1	9	1	1	1	1	0	0	1740	56	0	0
43	0	175133	3	10	3	9	3	0	1	0	0	35	0	0
62	0	101375	4	6	3	0	2	1	1	0	0	40	0	0
31	0	256680	2	12	0	8	5	1	1	0	0	40	0	0
46	5	136878	7	13	0	5	2	1	0	0	0	40	0	0
51	0	106151	10	3	1	0	1	1	0	0	0	44	1	1
38	2	242221	1	9	0	3	3	0	1	0	0	38	0	0
38	0	101387	1	9	1	4	4	1	1	0	0	43	0	0
51	0	196828	3	10	3	10	2	1	1	0	0	38	0	1
20	2	195075	3	10	0	3	0	1	1	0	0	30	0	0
22	0	333910	3	10	0	10	0	1	1	0	0	22	0	0
46	3	103540	3	10	1	8	1	1	0	0	0	40	0	0
67	3	36876	1	9	1	1	1	1	0	0	0	40	0	0
55	0	158651	1	9	1	0	1	4	0	0	0	40	0	1
24	0	196943	11	11	1	5	1	1	0	0	0	40	0	1
41	0	184583	3	10	3	4	3	1	0	0	0	59	0	0
33	0	244817	1	9	0	4	2	1	0	0	0	40	0	0
35	0	386726	7	13	1	8	4	1	1	0	0	40	0	0
56	6	373593	8	14	1	8	1	1	0	0	1977	60	24	1
27	0	206199	1	9	0	6	2	0	0	0	0	40	0	0
32	0	93283	11	11	0	4	2	1	0	0	0	40	0	0
29	2	103628	7	13	5	3	2	1	1	0	0	4	17	0
21	1	391936	3	10	0	5	0	1	1	0	0	25	0	0
31	1	168740	1	9	1	2	1	0	0	0	0	40	0	1
42	0	150568	3	10	3	8	3	1	1	0	0	45	0	0
19	0	201178	1	9	0	7	2	1	1	0	0	25	0	0
63	0	75813	5	15	1	5	1	1	0	99999	0	60	0	1
34	1	398988	7	13	0	7	0	1	0	0	0	18	0	0
38	0	158363	3	10	1	10	1	1	0	0	0	40	0	0
19	0	81961	3	10	0	4	0	1	1	0	0	20	0	0
34	0	170017	1	9	3	6	0	1	0	0	0	40	0	0
21	0	348092	1	9	0	4	2	0	0	0	0	40	10	0
27	0	54861	3	10	0	10	2	1	0	0	0	32	0	0
63	3	74991	1	9	2	1	3	1	0	0	0	60	0	0
25	0	106552	7	13	0	5	0	1	0	0	0	20	0	0
51	0	27539	3	10	1	12	1	1	0	0	0	60	0	0
50	0	268913	8	14	1	10	1	1	0	0	0	40	30	0
63	0	199888	1	9	3	7	5	1	1	0	0	40	0	0
53	0	288216	3	10	5	10	2	1	1	0	0	40	0	0
18	6	378036	13	8	0	1	0	1	0	0	0	10	0	0
41	0	127314	1	9	1	6	1	1	0	5178	0	40	0	1
32	0	115963	1	9	1	13	1	1	0	0	0	50	0	0
19	0	332928	0	7	0	4	3	0	1	0	0	40	0	0
41	3	178510	7	13	3	10	2	1	0	0	0	45	0	0
29	0	53147	1	9	0	7	2	0	0	0	0	37	0	0
66	0	115880	3	10	1	8	1	1	0	3818	0	40	0	0
57	0	375502	7	13	1	5	1	1	0	0	0	55	0	1
49	3	155659	10	3	1	4	1	1	0	0	0	40	0	1
36	0	122240	3	10	1	6	1	1	0	0	0	40	0	0
33	0	112305	11	11	0	4	3	1	1	0	0	10	0	0
46	4	35136	0	7	0	4	5	0	0	0	0	40	0	0
27	0	215423	7	13	3	7	3	1	1	0	0	16	0	0
24	0	116358	1	9	0	7	0	2	0	0	2339	40	8	0
17	0	171461	4	6	0	10	0	1	1	0	0	14	0	0
32	0	131584	1	9	0	6	0	1	0	0	0	40	0	0
40	6	29520	1	9	0	4	2	1	1	0	0	65	0	0
35	1	246463	7	13	3	5	2	1	0	0	0	50	0	0
22	0	32616	3	10	0	7	0	1	1	0	0	30	0	0
41	0	144144	1	9	0	13	3	0	1	0	0	30	0	0
75	2	222789	1	9	2	3	2	1	1	0	0	9	0	0
22	0	227594	7	13	0	10	2	1	1	0	0	40	0	0
45	1	375606	7	13	1	8	1	1	0	0	0	40	0	1
46	0	180532	7	13	1	10	1	1	0	0	0	50	0	1
50	5	54342	1	9	1	12	1	1	0	0	0	40	0	0
31	0	208798	1	9	1	6	1	1	0	0	0	40	0	0
47	1	377401	8	14	1	5	1	1	0	0	0	40	0	1
36	3	110861	1	9	3	6	0	1	0	0	0	20	0	0
42	0	144594	1	9	1	6	1	1	0	0	0	40	0	1
23	0	129345	3	10	0	4	2	1	0	0	0	50	0	0
28	0	424340	3	10	0	7	0	0	0	0	0	40	0	0
44	0	187702	1	9	1	10	1	1	0	0	0	40	0	1
47	5	293917	1	9	1	7	4	1	1	0	0	40	0	1
61	0	160143	1	9	1	10	1	1	0	15024	0	45	0	1
50	0	345450	6	4	1	6	1	0	0	0	0	40	0	0
54	5	180881	8	14	1	8	1	1	0	0	0	50	0	1
18	0	102690	0	7	0	0	0	4	0	0	0	40	0	0
46	0	265371	3	10	1	6	1	1	0	0	0	40	0	0
44	0	167333	1	9	0	4	0	1	0	0	0	40	0	0
50	6	447144	8	14	1	8	1	1	0	0	0	40	0	1
32	0	280077	1	9	3	8	2	1	0	0	0	60	0	0
48	0	143920	8	14	3	5	2	1	0	0	0	25	0	0
40	0	190507	1	9	1	6	1	1	0	0	0	60	0	1
34	3	59469	0	7	1	1	1	1	0	0	0	72	0	0
31	0	74501	7	13	0	5	0	1	1	0	0	40	0	0
43	6	215458	9	16	0	5	2	1	0	99999	0	45	0	1
33	0	281685	11	11	4	5	2	1	0	0	0	40	0	0
62	0	78273	3	10	0	0	2	0	1	0	0	40	0	0
44	0	105475	1	9	1	6	1	3	0	0	0	40	12	0
55	0	174260	1	9	2	9	2	1	0	0	0	40	0	0
42	6	149102	11	11	0	6	0	1	0	0	0	40	0	0
42	0	188331	3	10	1	7	4	1	1	15024	0	40	0	1
23	0	864960	4	6	1	6	1	1	0	0	0	40	0	0
63	0	154526	3	10	0	8	2	1	1	0	0	40	0	0
23	0	60783	11	11	1	6	1	1	0	0	0	40	0	0
32	0	186269	1	9	0	4	0	1	0	2907	0	35	0	0
30	0	398019	14	2	4	11	5	1	1	0	0	30	4	0
50	4	237503	1	9	0	7	0	1	0	0	0	40	0	0
19	0	93762	3	10	0	7	2	1	1	0	0	40	0	0
40	0	59916	1	9	1	6	1	1	0	0	0	40	0	0
45	0	203264	1	9	3	5	2	1	1	0	0	40	0	0
51	3	299119	7	13	1	10	1	1	0	0	0	50	0	1
29	4	114072	3	10	1	2	1	1	0	0	0	46	0	1
18	2	167875	3	10	0	3	0	1	1	0	0	16	0	0
64	0	130525	1	9	1	10	1	1	0	0	0	40	0	1
58	0	71283	1	9	1	12	1	1	0	0	0	38	0	1
43	1	85440	8	14	1	5	1	1	0	0	0	45	0	1
27	0	136077	7	13	0	9	2	1	0	0	0	50	0	0
40	0	222434	7	13	1	0	1	1	0	0	0	45	25	1
25	0	138111	3	10	0	4	2	1	0	2174	0	40	0	0
27	0	225746	7	13	0	7	0	0	0	0	0	35	0	0
54	0	240358	8	14	1	8	1	0	0	0	0	40	32	0
25	0	139863	14	2	0	1	2	1	0	0	0	40	4	0
39	0	278632	1	9	1	0	1	1	0	0	0	40	0	0
51	3	71046	7	13	1	1	1	1	0	0	0	60	0	1
29	0	312985	3	10	1	5	1	1	0	0	2129	50	0	0
49	4	276309	3	10	3	8	2	1	0	0	0	40	0	0
29	2	199116	1	9	1	3	1	1	0	2407	0	40	5	0
39	0	52870	1	9	1	8	1	1	0	0	0	30	0	0
51	5	79324	9	16	3	5	2	1	0	0	0	30	0	0
50	0	188882	0	7	1	0	1	1	0	0	0	40	0	0
39	4	72338	3	10	1	7	1	2	0	0	0	40	0	1
23	2	234108	7	13	0	3	2	1	0	0	0	35	0	0
24	0	113936	7	13	0	4	2	1	0	0	0	55	0	0
43	0	182521	5	15	3	5	3	1	1	15020	0	35	0	1
60	0	124198	7	13	1	5	1	1	0	4386	0	84	0	1
20	0	228960	3	10	0	4	0	1	1	0	0	40	0	0
60	3	176360	7	13	1	8	1	1	0	0	0	50	0	1
35	0	178649	7	13	3	5	3	2	1	0	0	36	8	0
41	0	338740	7	13	1	6	1	1	0	0	0	50	0	1
31	0	205659	3	10	3	7	3	1	1	0	0	40	0	0
59	0	258883	11	11	1	8	1	1	0	0	0	40	0	0
45	0	196638	1	9	3	0	2	1	1	0	0	45	0	0
43	3	95246	5	15	1	5	4	1	1	0	0	5	0	1
20	2	216672	3	10	0	3	0	1	0	0	0	30	0	0
25	0	61956	7	13	0	8	0	1	0	4650	0	45	0	0
33	0	157216	8	14	0	10	2	1	1	0	0	40	0	0
68	2	150250	8	14	1	3	1	1	0	0	1510	30	0	0
37	0	112838	8	14	1	8	1	1	0	0	0	55	0	1
31	5	158688	11	11	1	10	1	1	0	0	0	40	0	1
31	5	227864	1	9	1	6	1	0	0	0	0	40	0	0
31	0	173858	1	9	1	0	5	2	0	0	1902	40	27	0
51	0	30012	1	9	3	4	2	1	0	0	0	80	0	0
20	2	50163	3	10	0	3	2	1	0	0	0	25	0	0
50	5	143822	9	16	1	5	1	1	0	15024	0	40	0	1
19	2	497414	6	4	5	3	2	1	1	0	0	35	4	0
30	0	235109	11	11	3	7	3	1	1	0	0	40	0	0
32	0	339196	1	9	0	6	0	1	0	0	0	40	0	0
61	0	181028	8	14	1	5	1	1	0	0	0	18	0	0
43	0	59460	7	13	0	10	0	1	1	0	0	40	0	0
21	0	97212	1	9	0	4	2	1	1	0	2001	25	0	0
32	0	103642	11	11	1	8	1	1	0	0	0	50	0	1
41	0	70447	3	10	1	10	1	2	0	0	0	60	0	0
27	0	321456	3	10	0	4	0	1	0	0	0	10	7	0
23	0	126613	7	13	0	5	0	1	1	0	0	30	0	0
52	3	149508	11	11	1	1	1	1	0	0	0	48	0	1
38	0	332154	7	13	1	8	1	2	0	0	0	60	0	1
18	2	471876	1	9	0	3	0	1	1	0	0	15	0	0
25	0	140669	7	13	0	5	2	1	1	0	0	40	0	0
38	0	107164	3	10	1	8	1	1	0	0	0	55	0	1
39	0	225707	11	11	1	7	1	1	0	0	0	40	22	0
64	6	56588	3	10	2	8	3	1	1	0	0	70	0	0
31	6	183125	5	15	1	5	4	1	1	0	0	99	0	1
56	0	177368	3	10	1	7	1	1	0	7298	0	45	0	1
40	0	218653	3	10	1	5	1	1	0	0	0	40	0	0
39	0	191137	3	10	0	6	0	1	0	0	0	40	0	0
50	0	181585	3	10	4	10	3	1	1	0	0	40	0	0
23	0	142566	1	9	0	6	0	1	0	0	0	40	0	0
41	6	220821	8	14	1	5	1	1	0	0	0	70	0	1
37	0	280966	7	13	1	13	1	1	0	0	0	40	0	1
52	0	153155	1	9	1	6	1	1	0	15024	0	40	0	1
29	0	195446	1	9	1	6	1	1	0	0	0	40	0	0
62	0	77884	14	2	1	4	1	2	0	0	0	40	8	0
41	0	99373	1	9	3	13	2	1	1	0	0	40	0	0
47	0	118729	1	9	3	6	2	1	0	0	0	40	0	1
25	0	108414	1	9	1	0	1	1	0	0	0	40	0	0
22	0	198366	1	9	1	10	1	0	0	0	0	20	0	0
42	0	238384	1	9	3	9	3	1	1	0	0	36	0	0
27	0	214695	7	13	0	5	2	1	0	0	0	50	0	0
33	0	120420	0	7	1	0	1	1	0	0	0	40	0	0
37	0	186934	8	14	1	10	1	1	0	0	0	50	0	1
29	3	100368	12	5	2	4	3	1	1	0	0	27	0	0
49	0	723746	1	9	1	6	1	1	0	0	0	43	0	0
67	2	427422	3	10	1	3	1	1	0	2414	0	16	0	0
44	0	54271	1	9	1	8	1	1	0	0	0	40	0	0
47	0	189680	6	4	1	6	1	1	0	0	0	40	24	1
49	0	230796	1	9	3	4	2	1	1	0	0	40	0	0
37	5	195843	1	9	1	6	1	1	0	5013	0	40	0	0
41	0	109912	1	9	1	10	4	1	1	15024	0	50	21	1
19	0	42069	1	9	0	4	0	1	0	0	0	40	0	0
22	0	335950	1	9	0	4	2	0	0	0	0	70	0	0
45	0	163174	0	7	1	0	1	1	0	4386	0	40	0	1
24	0	81145	3	10	0	10	0	1	1	0	0	25	0	0
67	1	312052	6	4	1	2	1	0	0	0	0	40	0	0
28	0	209934	3	10	0	0	0	1	0	0	0	40	4	0
22	2	269221	2	12	0	3	0	1	0	0	0	40	0	0
57	0	322691	11	11	1	6	1	1	0	0	0	40	0	1
68	0	99849	1	9	2	0	2	1	1	0	0	28	0	0
23	2	213004	3	10	0	3	0	1	1	0	1719	30	0	0
49	0	182313	1	9	3	13	2	1	0	0	0	40	0	0
42	0	201505	8	14	0	10	2	1	0	0	0	65	0	0
61	3	227119	1	9	1	8	1	1	0	0	0	40	0	1
47	0	202395	6	4	1	12	1	1	0	0	0	40	0	0
22	0	170583	0	7	0	6	2	4	0	0	0	40	0	0
58	5	21838	9	16	1	5	1	1	0	7688	0	50	0	1
50	6	68898	9	16	1	8	1	1	0	7688	0	60	0	1
34	0	226702	3	10	1	6	1	1	0	0	0	40	0	0
59	2	168079	1	9	3	3	3	1	1	0	0	35	0	0
42	6	173628	7	13	1	10	1	1	0	0	0	45	0	0
20	0	164529	0	7	0	1	0	0	0	0	0	40	0	0
27	3	301514	3	10	1	10	1	2	0	0	0	40	13	0
50	0	194580	1	9	1	10	1	1	0	0	0	60	0	1
63	0	165611	3	10	1	8	1	1	0	15024	0	40	0	1
32	0	96480	3	10	0	2	2	1	1	0	0	40	0	0
37	5	224700	11	11	3	2	3	0	0	0	0	40	0	0
63	3	141962	4	6	3	6	2	1	0	0	0	20	0	0
22	0	377815	3	10	0	7	0	0	1	0	0	20	0	0
24	0	271379	3	10	0	10	2	1	1	0	0	25	0	0
40	0	421837	3	10	1	5	1	1	0	0	0	40	0	0
36	0	77953	1	9	1	6	1	4	0	0	0	40	0	0
30	3	345122	3	10	3	5	3	1	0	0	0	50	0	0
38	2	172855	0	7	3	3	3	0	1	0	0	20	0	0
34	0	87131	4	6	1	0	1	1	0	0	0	40	3	0
21	0	328906	3	10	0	4	0	1	0	0	0	30	0	0
56	0	21626	1	9	0	7	3	1	0	0	0	43	0	0
38	0	143909	2	12	1	5	1	1	0	0	0	40	0	1
32	0	178835	2	12	0	7	2	1	0	2174	0	40	0	0
45	0	94809	3	10	5	4	2	1	1	0	0	24	0	0
64	1	172768	1	9	1	7	1	1	0	0	0	40	0	0
30	6	204742	7	13	1	8	1	1	0	0	0	50	0	1
32	6	144949	7	13	1	10	1	1	0	0	0	70	0	1
26	0	195562	1	9	0	0	0	0	0	0	0	40	0	0
46	3	56482	1	9	1	6	1	0	0	0	0	30	0	1
55	4	36314	6	4	1	7	1	1	0	0	0	72	0	0
51	3	329980	3	10	3	6	2	1	0	0	0	8	0	1
62	1	103344	1	9	3	6	2	1	0	0	0	40	0	0
34	1	169708	7	13	1	5	4	1	1	0	0	40	0	1
54	1	249949	3	10	3	8	5	0	1	0	0	40	0	0
35	3	186934	7	13	1	10	1	1	0	0	0	40	0	0
28	0	692831	7	13	0	8	2	0	0	0	0	48	0	0
17	0	154078	13	8	0	4	0	1	1	0	0	16	0	0
22	0	91733	3	10	0	4	0	1	1	0	0	35	0	0
67	6	325373	6	4	1	6	1	1	0	0	0	48	0	0
43	3	160369	3	10	0	10	2	1	0	0	0	65	0	0
57	1	196126	11	11	1	2	1	1	0	0	0	40	0	1
38	0	120053	1	9	3	11	3	1	1	0	0	35	0	0
19	0	204337	1	9	0	10	0	1	1	0	0	25	0	0
34	0	128016	1	9	0	9	5	1	1	0	0	40	0	0
50	2	199301	11	11	0	3	3	0	1	0	0	16	0	0
33	0	49027	1	9	0	0	2	1	1	0	0	40	0	0
18	0	192022	3	10	0	4	0	1	0	0	0	20	0	0
40	0	147099	7	13	1	5	4	1	1	0	0	5	0	0
32	0	334744	1	9	0	9	2	1	0	0	0	45	0	0
25	0	207621	1	9	0	7	0	1	1	0	0	40	0	0
29	0	194458	7	13	0	7	2	1	0	0	0	40	0	0
33	6	184245	1	9	1	8	1	1	0	0	0	50	4	1
34	0	242704	1	9	0	9	0	0	0	0	0	40	0	0
21	2	278130	1	9	0	3	0	1	0	0	0	40	0	0
23	0	251073	4	6	0	13	2	1	0	0	0	40	0	0
21	0	153209	3	10	1	0	1	1	0	0	0	40	0	0
42	0	360879	3	10	1	6	1	1	0	0	0	40	0	0
32	0	115066	3	10	1	9	1	1	0	0	0	40	0	0
31	0	409172	3	10	1	6	1	1	0	0	0	40	0	0
63	0	223637	1	9	0	4	2	0	1	0	0	50	0	0
36	0	161141	8	14	1	5	1	1	0	0	0	50	0	1
34	0	535869	3	10	0	4	2	0	0	0	0	30	0	0
60	4	49921	12	5	3	4	2	0	1	0	0	40	0	0
23	0	335067	7	13	0	5	2	1	0	0	0	30	0	0
47	6	209460	3	10	1	8	1	1	0	4386	0	40	0	1
20	0	355236	3	10	0	8	0	1	1	0	0	16	0	0
50	0	240374	8	14	1	8	1	1	0	0	0	50	0	1
29	0	221428	13	8	1	10	0	3	0	0	0	35	0	0
37	0	356250	1	9	1	6	1	2	0	0	0	40	14	0
20	0	356347	3	10	0	7	0	1	1	0	0	10	0	0
50	0	245356	3	10	1	8	1	1	0	0	0	50	0	1
31	3	247088	1	9	4	6	0	0	0	0	0	50	0	0
27	2	200381	3	10	0	3	0	1	1	0	0	40	0	0
35	0	300333	11	11	1	10	1	1	0	0	0	40	5	1
38	0	109594	7	13	3	10	2	1	1	0	0	70	0	1
24	1	221480	3	10	1	7	4	1	1	0	0	40	0	0
29	0	433624	3	10	0	7	2	1	1	0	0	40	0	0
27	0	179681	11	11	5	9	0	1	1	0	0	40	0	0
21	1	136208	3	10	0	2	0	1	0	0	0	48	0	0
64	0	159715	1	9	1	12	1	1	0	10566	0	40	0	0
33	0	164683	1	9	0	12	0	1	1	0	0	40	0	0
35	0	152307	0	7	1	6	1	1	0	0	0	40	0	0
51	0	256908	1	9	1	12	1	1	0	0	0	50	0	0
23	0	227943	7	13	0	8	0	1	0	0	0	40	0	0
75	2	33673	8	14	2	3	2	4	0	0	0	26	0	0
26	0	116991	1	9	0	1	2	1	0	0	0	40	0	0
64	0	96076	8	14	1	5	1	1	0	0	0	40	0	1
32	6	201314	1	9	1	1	1	1	0	0	0	50	0	0
17	0	153021	13	8	0	10	0	1	1	0	0	20	0	0
34	5	334422	3	10	3	2	3	0	0	0	0	47	0	0
37	0	160192	1	9	1	6	1	1	0	0	0	40	0	1
72	2	51216	1	9	1	3	1	1	0	0	0	14	0	0
47	0	323212	3	10	4	5	2	1	1	0	0	50	0	0
45	6	179030	7	13	1	4	5	2	1	0	0	35	14	0
23	0	129345	4	6	0	4	2	1	0	0	0	50	0	0
36	0	31023	8	14	1	8	1	1	0	0	0	50	0	1
62	6	164616	9	16	1	5	1	1	0	15024	0	45	0	1
34	4	121093	7	13	1	8	1	1	0	0	0	53	0	1
36	0	300373	4	6	3	0	3	0	1	0	0	40	0	0
35	0	95708	7	13	1	10	1	2	0	7688	0	60	0	1
36	5	235779	7	13	0	8	2	1	1	0	0	40	0	0
29	0	114158	7	13	0	9	2	1	1	0	0	40	0	0
54	0	192226	7	13	1	8	1	1	0	0	0	55	0	1
38	0	166416	1	9	1	0	1	1	0	0	0	40	0	0
27	0	211215	1	9	0	7	2	1	0	0	0	50	0	0
26	0	157617	7	13	0	10	0	1	0	0	0	45	0	0
44	0	96170	6	4	1	12	1	1	0	0	0	20	0	0
26	0	224045	2	12	0	7	2	1	1	0	0	36	0	0
42	0	350550	3	10	1	0	1	1	0	0	0	45	0	0
37	3	114719	5	15	1	5	1	1	0	15024	0	60	0	1
26	0	124111	7	13	0	7	2	1	1	0	0	35	0	0
36	0	250224	1	9	1	6	0	0	1	0	0	40	0	0
19	2	232060	1	9	0	3	0	1	0	0	0	40	0	0
44	0	195258	8	14	3	8	2	1	0	0	0	50	0	0
23	0	285775	1	9	0	2	5	1	0	0	0	42	0	0
27	0	146687	3	10	0	4	2	1	0	0	0	40	0	0
53	0	76128	1	9	3	6	2	3	0	0	0	60	33	0
28	0	241607	1	9	0	1	2	1	0	0	0	40	0	0
22	0	273675	1	9	5	4	5	0	1	0	0	35	12	0
29	0	210867	0	7	4	6	3	1	0	0	0	40	0	0
41	0	144752	3	10	1	8	1	4	0	0	0	40	0	1
34	0	185820	1	9	1	10	4	0	1	0	0	40	0	0
42	0	252518	7	13	1	8	1	1	0	0	0	70	1	0
30	0	123833	12	5	0	0	2	1	0	0	0	40	0	0
41	0	291569	3	10	1	10	1	1	0	0	0	43	0	0
37	0	638116	7	13	0	7	0	0	1	0	0	32	0	0
46	0	269045	0	7	2	0	2	0	0	0	0	40	0	0
46	0	102852	6	4	3	4	2	1	1	0	0	40	0	0
30	0	195447	7	13	1	5	1	1	0	0	0	50	0	1
27	0	173944	7	13	0	5	2	1	0	0	0	50	0	0
25	0	276728	1	9	0	13	5	0	1	0	0	43	0	0
21	5	173534	3	10	0	5	0	1	1	0	0	40	33	0
23	0	198368	2	12	0	10	2	1	0	0	0	40	0	0
18	0	27620	1	9	0	8	2	1	1	0	0	30	0	0
46	1	192235	0	7	1	13	1	0	0	0	0	40	0	0
27	0	467936	3	10	1	7	1	1	0	0	0	48	4	0
25	0	264136	7	13	0	5	2	1	0	0	0	60	0	0
61	3	184009	7	13	0	8	2	1	1	0	2444	50	0	1
50	0	165001	8	14	1	8	1	1	0	0	0	40	0	1
66	0	123484	3	10	0	7	0	1	1	0	0	40	0	0
26	0	123384	1	9	2	7	3	1	1	0	0	20	0	0
50	6	235307	2	12	1	5	1	1	0	0	0	48	0	1
41	0	238384	1	9	3	9	3	1	1	0	0	40	0	0
43	3	171351	2	12	1	6	1	1	0	0	0	20	0	0
38	5	162424	7	13	1	5	1	1	0	0	0	40	0	1
20	0	333838	3	10	0	7	0	1	0	0	0	35	0	0
58	0	100303	2	12	1	8	1	1	0	0	0	42	0	1
41	4	58447	9	16	1	5	1	1	0	7688	0	50	0	1
43	1	317185	11	11	3	5	3	1	1	0	0	36	0	0
39	0	103323	7	13	0	8	2	1	0	0	1669	40	0	0
22	0	221694	3	10	0	2	2	1	0	0	0	60	0	0
52	0	214091	1	9	2	4	2	4	1	0	0	40	0	0
35	2	171062	7	13	0	3	2	0	0	0	0	40	21	0
46	0	278200	1	9	1	4	1	1	0	0	0	40	0	0
20	0	187592	3	10	0	10	0	1	0	0	0	40	0	0
55	0	188382	3	10	1	0	1	1	0	0	0	48	0	1
48	0	65584	3	10	4	7	3	1	1	0	0	40	0	0
22	2	117789	3	10	0	3	0	1	1	0	0	40	0	0
30	0	402089	3	10	3	7	2	1	1	0	0	55	0	0
40	0	69730	1	9	3	8	2	1	1	0	0	40	0	0
44	0	34218	7	13	3	5	2	1	0	0	0	45	0	0
55	4	54566	1	9	1	12	1	1	0	0	0	40	0	0
53	0	698039	7	13	2	5	2	1	1	0	0	28	0	0
57	2	76571	4	6	1	3	1	1	0	0	0	40	0	0
57	0	133201	6	4	3	6	3	1	0	0	1408	40	40	0
47	4	146786	11	11	1	7	1	1	0	0	0	40	0	0
46	2	96154	3	10	0	3	0	1	1	0	0	15	0	0
64	5	143880	7	13	1	5	1	1	0	0	0	40	0	1
18	0	132397	13	8	0	4	0	0	1	0	0	18	0	0
28	2	45613	3	10	0	3	2	1	1	0	0	40	0	0
25	0	136226	1	9	0	6	2	1	0	0	0	40	0	0
37	3	334291	7	13	3	12	2	1	0	0	0	50	0	0
33	0	183017	1	9	1	2	1	1	0	0	0	32	0	0
66	0	207917	6	4	1	4	1	0	0	1797	0	20	0	0
65	2	136431	1	9	1	3	1	1	0	9386	0	40	0	1
37	0	80303	3	10	1	9	1	1	0	0	0	40	0	1
19	0	210509	3	10	0	7	0	1	1	0	0	30	0	0
37	2	48915	1	9	0	3	2	1	0	0	0	35	0	0
41	0	91316	2	12	0	4	2	1	0	0	0	40	0	0
41	0	205670	1	9	3	7	3	0	1	0	0	40	0	0
76	0	25319	1	9	2	7	2	1	1	0	0	8	0	0
52	0	264129	3	10	3	10	2	1	1	0	0	40	0	0
23	0	40165	3	10	0	5	2	1	1	0	0	50	16	0
43	4	79529	1	9	1	7	4	1	1	0	0	35	0	0
32	0	164519	7	13	0	5	2	1	0	0	0	55	0	0
33	0	184178	2	12	1	4	4	0	1	0	0	35	0	0
33	5	427812	7	13	1	5	1	1	0	0	0	15	4	0
59	3	172618	4	6	1	6	1	1	0	0	0	50	0	0
21	0	472861	0	7	0	13	0	0	0	0	0	40	0	0
40	0	114157	1	9	1	0	1	1	0	0	0	40	0	0
22	3	104164	11	11	0	1	2	1	0	0	0	35	0	0
45	3	180680	0	7	1	6	1	1	0	0	0	35	0	0
28	0	300915	7	13	1	5	1	1	0	0	1902	43	0	1
38	0	308171	3	10	4	9	3	0	1	0	0	50	0	0
56	0	320833	1	9	1	6	1	0	0	0	0	40	0	0
42	2	167710	3	10	3	3	2	1	1	0	0	18	0	0
19	0	228577	1	9	0	6	0	1	0	0	0	36	0	0
48	3	221464	0	7	1	8	4	1	1	0	0	30	0	1
31	3	213307	4	6	1	4	4	1	1	0	0	28	4	0
42	0	165815	11	11	1	6	1	1	0	0	0	40	0	0
37	0	248919	14	2	1	7	1	1	0	0	0	66	4	0
23	2	116934	4	6	1	3	4	1	1	0	0	40	0	0
60	3	285365	3	10	1	4	4	0	1	0	0	50	0	0
63	0	134960	1	9	1	10	1	1	0	0	0	40	31	0
24	0	449101	0	7	0	4	0	1	1	0	0	40	0	0
42	0	46019	3	10	1	6	1	4	0	5178	0	50	0	1
71	2	161027	8	14	1	3	1	1	0	0	0	8	0	1
32	5	19513	8	14	0	5	2	2	1	0	0	40	16	0
57	3	258121	7	13	1	8	1	1	0	0	0	50	0	0
56	0	242782	1	9	2	10	2	1	1	0	0	44	0	0
65	2	193365	3	10	1	3	1	1	0	0	0	50	0	0
42	0	182402	1	9	1	6	1	1	0	0	1887	50	0	1
24	0	254767	0	7	0	10	0	1	0	0	0	40	0	0
31	0	112115	1	9	1	6	1	1	0	0	0	40	0	1
58	0	117299	1	9	1	12	1	1	0	0	0	40	0	1
44	0	214781	8	14	1	5	1	1	0	0	0	45	0	1
33	0	197474	3	10	1	0	1	1	0	0	0	48	0	0
24	2	234791	3	10	3	3	3	1	1	0	0	25	0	0
34	1	126584	7	13	1	8	1	1	0	0	0	45	0	0
72	3	28865	6	4	1	12	1	1	0	0	0	14	0	0
61	0	163729	1	9	3	0	2	1	1	0	0	40	0	0
33	0	218407	7	13	1	10	1	1	0	0	0	80	15	1
58	0	95428	8	14	3	5	2	1	1	0	0	40	0	0
57	6	146103	1	9	1	10	1	1	0	15024	0	30	0	1
25	0	150312	1	9	0	0	2	1	0	0	0	40	0	0
72	0	76206	12	5	1	10	1	1	0	0	0	16	0	0
23	0	340543	1	9	4	7	2	1	1	0	0	40	0	0
40	0	125461	1	9	1	13	1	1	0	0	0	40	0	0
38	0	218015	3	10	1	6	1	1	0	0	0	48	0	1
49	0	178160	2	12	2	10	2	1	1	0	0	40	7	0
25	0	169905	1	9	0	6	0	1	0	0	0	40	0	0
33	0	226629	3	10	0	8	0	1	1	0	0	40	0	0
28	0	180313	7	13	0	7	2	1	1	0	0	40	0	0
18	2	236276	3	10	0	3	0	1	0	0	0	20	0	0
71	0	124901	1	9	1	10	1	1	0	0	0	50	0	0
63	1	214275	1	9	3	4	3	0	1	0	0	55	0	0
49	1	371886	11	11	1	2	1	1	0	0	0	56	0	1
65	0	282779	8	14	1	7	5	1	1	0	0	40	0	1
22	0	218415	3	10	0	9	3	1	1	0	0	50	0	0
45	0	105431	1	9	3	1	3	0	1	0	0	39	0	0
32	2	373231	3	10	0	3	3	0	1	0	0	40	0	0
29	0	59792	7	13	0	5	2	2	0	0	0	40	23	0
44	0	75742	7	13	1	0	1	1	0	0	0	40	0	0
64	0	186731	1	9	2	7	3	1	1	0	0	40	0	0
22	0	310197	6	4	1	13	1	1	0	0	0	40	0	0
64	0	73413	1	9	1	10	1	1	0	0	0	50	0	0
39	0	175232	7	13	3	10	2	1	0	0	0	40	0	0
35	0	338948	1	9	3	6	3	0	0	0	0	40	0	0
22	0	95647	0	7	0	12	0	2	0	0	0	40	8	0
43	6	677398	7	13	1	10	1	1	0	0	0	45	0	1
26	3	263300	2	12	1	1	1	1	0	0	0	75	0	0
47	4	218325	2	12	1	13	1	2	0	0	0	40	8	1
37	1	156261	8	14	1	5	4	1	1	0	0	50	0	1
25	0	165817	7	13	0	8	0	1	0	0	0	40	0	0
41	0	304605	11	11	1	6	1	1	0	0	0	45	0	1
39	3	245361	3	10	0	5	0	1	1	0	0	10	0	0
45	4	230685	9	16	1	5	1	1	0	0	0	40	0	1
18	2	184502	0	7	0	3	0	0	0	0	0	30	0	0
37	1	116736	1	9	1	6	1	1	0	0	0	40	0	0
30	0	178952	1	9	0	13	0	1	0	0	0	40	0	0
34	0	156266	0	7	1	1	1	4	0	0	0	60	0	0
22	0	163519	3	10	0	13	0	1	0	0	0	25	0	0
18	0	296090	1	9	0	13	0	1	0	0	0	30	0	0
22	0	119742	1	9	0	10	2	1	1	0	0	40	0	0
55	0	269763	3	10	3	4	3	1	1	0	0	10	0	0
56	0	287833	3	10	1	7	4	1	1	0	0	35	0	1
19	2	190093	13	8	0	3	2	0	0	0	0	40	0	0
74	6	148003	7	13	1	7	4	1	1	0	0	6	0	1
18	0	131414	1	9	0	4	0	1	1	0	0	40	0	0
39	0	172571	3	10	3	0	2	1	0	0	0	40	0	0
33	1	184440	13	8	0	0	2	1	0	0	0	36	0	0
28	0	216479	7	13	0	7	2	1	1	0	0	40	0	0
38	0	293475	1	9	3	4	2	1	1	0	0	40	0	0
53	4	109982	3	10	3	7	2	1	1	0	0	40	0	0
44	3	205033	13	8	1	8	1	1	0	0	0	55	0	1
32	1	56658	1	9	0	12	2	4	0	0	0	40	0	0
58	0	159008	7	13	1	5	1	1	0	0	1887	40	0	1
28	0	37302	1	9	3	8	0	1	0	0	0	40	0	0
33	1	107417	8	14	1	5	1	1	0	0	0	40	0	1
33	0	236379	11	11	1	6	1	1	0	0	0	45	0	1
51	0	57637	1	9	3	4	2	1	1	0	0	32	0	0
51	0	276214	1	9	3	7	2	1	1	0	0	40	0	0
39	3	113749	12	5	1	6	1	1	0	0	0	40	0	0
32	0	100837	1	9	1	0	1	1	0	0	2002	66	0	0
45	0	239058	7	13	3	7	3	1	1	0	0	45	0	0
19	0	286419	3	10	0	7	0	1	0	0	0	20	0	0
52	2	50934	2	12	1	3	4	1	1	0	0	20	0	1
21	0	283969	1	9	0	4	0	1	0	0	0	40	4	0
76	0	152839	1	9	1	5	1	1	0	0	0	20	0	0
46	1	32290	3	10	1	4	1	1	0	0	0	40	0	0
27	0	204373	3	10	0	7	2	0	1	0	0	40	0	0
51	0	126528	1	9	4	6	2	1	0	0	0	60	0	0
19	0	245408	1	9	0	7	0	1	1	0	0	20	0	0
30	5	127610	11	11	0	5	2	1	1	0	0	40	0	0
46	0	132919	1	9	1	7	4	1	1	0	0	12	0	1
68	0	58547	3	10	1	6	1	1	0	0	1735	48	0	0
36	0	251091	7	13	1	5	1	1	0	0	0	60	0	1
71	0	149950	1	9	2	11	3	1	1	0	0	20	0	0
32	0	464621	3	10	0	1	0	4	0	0	0	40	0	0
43	0	170230	1	9	4	7	3	1	1	0	0	40	0	0
33	0	100294	1	9	4	6	2	1	0	0	0	50	0	0
24	1	234108	3	10	0	2	2	1	0	0	0	40	0	0
38	0	33046	11	11	3	4	3	1	1	0	0	36	0	0
76	0	84428	3	10	2	10	2	2	1	2062	0	37	0	0
35	3	107662	1	9	0	4	3	1	1	0	0	5	25	0
23	0	220874	7	13	0	10	0	1	0	0	0	40	0	0
46	1	88564	3	10	1	13	1	1	0	0	0	40	0	0
44	6	144778	3	10	1	8	1	1	0	0	0	50	0	1
17	2	179861	4	6	0	3	0	1	0	0	0	10	19	0
30	0	166671	1	9	1	4	5	1	1	0	0	40	0	0
51	0	97180	1	9	3	4	3	1	1	0	0	15	0	0
18	3	194091	0	7	0	1	0	1	0	0	0	24	0	0
23	0	308498	4	6	0	6	0	1	0	0	0	18	0	0
53	4	321865	8	14	1	8	1	1	0	0	0	40	0	1
25	0	181814	3	10	0	7	5	1	1	0	0	40	0	0
44	0	374423	8	14	1	8	1	0	0	0	1902	40	0	1
49	0	213668	8	14	1	10	1	1	0	0	0	40	0	1
28	0	213236	1	9	4	4	3	1	0	0	0	40	5	0
58	3	115439	8	14	1	10	1	1	0	0	0	40	0	1
36	0	124111	1	9	3	7	3	1	1	0	0	35	0	0
32	0	176185	1	9	0	6	2	1	0	4787	0	40	0	1
26	0	211231	7	13	1	5	4	1	1	0	0	40	0	1
25	0	259715	1	9	1	1	1	1	0	0	0	50	0	0
19	0	248600	4	6	0	4	5	1	1	34095	0	24	0	0
39	0	153997	1	9	1	4	4	1	1	0	1902	40	12	1
44	0	67779	1	9	0	7	0	1	1	0	0	40	0	0
32	0	236861	1	9	1	0	1	1	0	0	0	42	0	0
57	0	367334	1	9	4	10	3	1	1	0	0	40	0	0
64	0	213391	12	5	1	4	4	0	1	0	0	40	0	0
46	1	301124	8	14	0	5	2	1	1	0	1564	45	0	1
37	0	184117	7	13	0	7	0	1	1	0	0	40	0	0
22	0	233923	11	11	0	10	0	1	1	0	0	40	0	0
30	0	348592	4	6	1	6	1	1	0	0	0	40	0	0
33	1	111817	7	13	0	5	2	1	1	0	0	40	0	0
32	0	170983	1	9	0	10	2	1	0	0	0	40	0	0
23	3	121407	1	9	0	13	0	1	1	0	0	35	0	0
40	1	210275	1	9	0	7	5	0	1	0	0	40	0	0
21	0	116358	1	9	0	4	0	2	0	0	0	40	8	0
48	0	189123	8	14	0	0	2	1	0	0	0	40	0	0
41	0	48087	7	13	3	0	2	1	0	2354	0	40	0	0
37	0	179488	4	6	1	1	1	1	0	0	0	40	0	0
30	1	370990	8	14	0	5	2	1	1	0	0	45	0	0
49	0	169760	7	13	1	5	4	1	1	0	0	50	0	1
38	5	34493	3	10	3	8	3	1	1	0	0	40	0	0
61	0	185584	7	13	2	0	3	2	1	0	0	40	1	0
44	0	324311	10	3	1	0	1	1	0	0	0	32	4	0
62	3	96299	7	13	1	10	1	1	0	0	0	40	0	1
47	0	147322	1	9	1	0	4	1	1	0	0	40	15	0
35	0	135289	11	11	3	6	2	1	0	0	0	50	0	0
44	5	128586	7	13	0	1	2	1	0	0	0	40	0	0
30	5	185590	7	13	0	8	0	1	1	0	0	40	0	0
28	3	107458	1	9	0	6	0	1	0	0	0	45	0	0
57	0	151874	1	9	1	4	4	0	1	0	0	50	0	0
26	5	413846	7	13	0	8	2	1	0	0	0	40	0	0
38	0	203836	11	11	1	13	1	1	0	0	0	48	0	1
44	3	110028	3	10	3	0	2	1	0	0	0	40	0	0
35	0	57640	6	4	1	10	1	1	0	0	0	40	0	0
40	5	67874	8	14	1	5	1	1	0	0	0	58	0	0
50	3	169112	3	10	1	5	1	1	0	0	0	25	0	0
37	6	154410	1	9	1	6	1	1	0	0	0	60	0	1
26	0	63234	7	13	1	9	4	1	1	4508	0	12	0	0
64	0	121036	3	10	0	9	2	1	0	0	0	40	0	1
30	0	408328	15	1	5	13	3	1	0	0	0	40	4	0
29	0	269254	1	9	1	6	1	1	0	0	0	40	0	0
28	0	115438	1	9	1	0	1	1	0	0	0	50	0	1
28	0	332249	3	10	0	5	2	1	0	0	0	25	0	0
33	5	160261	7	13	1	8	1	2	0	0	0	40	8	0
24	0	167316	1	9	0	13	2	1	1	0	0	30	0	0
26	5	291586	1	9	3	12	3	1	0	0	0	40	0	0
77	3	184046	7	13	2	5	2	1	1	0	0	20	0	0
25	4	178025	3	10	0	8	0	1	0	0	0	9	0	0
53	0	104280	13	8	1	13	5	1	0	0	0	40	0	0
38	0	302604	0	7	3	7	2	1	1	0	0	44	0	0
30	0	225243	8	14	1	5	1	1	0	0	0	47	0	1
39	3	327120	1	9	1	6	1	1	0	0	0	40	26	0
51	3	43878	9	16	3	10	2	1	0	0	0	50	0	1
25	2	40915	7	13	5	3	2	1	1	0	0	15	0	0
49	6	83444	7	13	1	10	1	1	0	0	0	85	0	1
51	0	351416	3	10	3	5	3	1	1	0	0	40	0	0
47	3	117310	1	9	0	4	2	1	1	0	1876	48	0	0
36	0	324231	12	5	0	1	3	0	1	0	0	40	0	0
62	0	161802	14	2	1	11	4	0	1	0	0	30	0	0
40	3	184804	8	14	3	5	2	1	1	0	2205	45	0	0
30	4	547931	3	10	0	7	3	0	1	0	0	40	0	0
39	0	46395	7	13	1	8	1	1	0	0	0	40	0	0
47	1	182313	8	14	1	5	1	1	0	0	0	50	0	0
28	1	169069	1	9	0	2	2	1	0	0	0	40	0	0
23	0	203182	7	13	0	10	2	1	1	0	0	40	0	0
57	0	142924	7	13	4	8	3	1	1	0	0	40	0	0
33	0	180656	10	3	0	0	5	1	0	0	0	40	3	0
58	0	187485	1	9	1	12	1	1	0	0	0	24	0	0
84	2	157778	3	10	2	3	2	1	1	0	0	6	0	0
46	3	149337	3	10	1	6	1	1	0	0	0	55	0	0
23	0	97054	1	9	1	8	1	1	0	0	0	55	0	0
32	0	377017	7	13	0	10	5	1	0	0	0	32	0	0
43	0	106900	7	13	1	0	1	1	0	0	0	40	0	0
34	0	378723	4	6	4	8	3	1	1	0	0	45	0	0
23	0	209955	3	10	0	10	0	1	0	0	0	40	0	0
38	0	312766	7	13	1	8	4	1	1	0	0	40	0	1
59	0	70857	1	9	1	0	1	1	0	0	0	40	0	1
22	0	238917	0	7	0	6	3	1	0	0	0	40	11	0
50	5	53497	8	14	1	5	1	1	0	0	0	46	0	1
44	0	283174	7	13	1	7	1	1	0	0	0	40	0	1
60	2	190497	6	4	1	3	1	1	0	0	0	40	0	0
56	5	104447	3	10	3	7	2	1	1	0	2339	40	0	0
36	0	73023	1	9	3	0	2	1	0	2202	0	40	0	0
20	0	177896	1	9	0	13	5	0	0	0	0	40	0	0
38	3	349951	1	9	1	10	1	1	0	4508	0	55	0	0
29	0	80179	1	9	4	10	2	1	0	0	0	50	0	0
32	5	308955	2	12	1	5	1	1	0	0	0	20	0	0
36	0	126896	3	10	3	8	3	1	1	0	0	35	0	0
19	5	116385	2	12	0	7	0	1	1	0	0	18	0	0
37	5	172425	1	9	3	4	3	1	1	0	0	40	0	0
22	0	106615	7	13	0	8	0	1	1	0	0	15	0	0
42	0	261929	7	13	1	10	1	1	0	0	0	45	0	1
22	0	163870	3	10	0	7	0	1	0	0	0	20	0	0
35	6	242080	7	13	1	5	1	1	0	7298	0	45	0	1
21	0	30796	3	10	0	4	0	1	1	0	0	25	0	0
43	3	207578	9	16	1	5	1	1	0	0	0	42	0	1
22	2	140001	1	9	0	3	0	1	0	0	0	40	0	0
18	0	217942	0	7	0	4	0	1	0	0	0	24	0	0
28	0	301010	0	7	0	4	2	0	0	0	0	40	0	0
20	2	222007	3	10	0	3	0	1	0	0	0	24	0	0
32	0	72630	9	16	0	5	2	1	0	3325	0	45	0	0
49	1	204377	0	7	3	4	0	1	1	0	0	60	0	0
38	1	189614	3	10	1	7	4	1	1	0	0	40	0	0
21	0	100345	1	9	0	0	0	1	0	0	0	40	0	0
22	0	163687	4	6	0	10	0	1	0	0	0	15	0	0
34	1	174215	8	14	1	5	4	1	1	7688	0	35	0	1
32	0	37646	3	10	1	5	1	1	0	0	0	45	0	0
33	0	84154	3	10	1	9	1	1	0	0	0	20	0	0
41	0	116493	3	10	3	10	2	1	0	0	0	52	0	0
38	0	259972	1	9	1	0	1	1	0	0	0	40	0	0
58	5	185338	7	13	2	9	3	1	1	0	0	40	0	1
44	0	99212	3	10	1	0	1	1	0	0	0	35	0	0
61	0	54780	7	13	1	0	1	1	0	0	0	40	0	1
35	0	393673	3	10	0	9	5	1	1	0	0	40	0	0
36	0	66687	1	9	1	10	1	1	0	0	0	50	0	0
44	0	133986	3	10	5	7	3	1	1	0	0	40	0	0
35	0	248694	1	9	3	6	2	1	0	0	0	40	0	0
43	0	212888	7	13	3	5	2	1	1	0	0	38	0	0
51	6	304955	1	9	1	8	1	1	0	7688	0	50	0	1
23	0	172232	1	9	0	1	2	1	0	0	0	53	0	0
59	0	32446	1	9	1	4	1	1	0	0	0	40	0	0
18	0	182701	1	9	0	4	0	1	1	0	0	12	4	0
23	0	164920	3	10	0	0	0	1	1	0	0	15	7	0
24	0	274424	1	9	0	9	3	1	1	1831	0	40	0	0
57	0	176904	4	6	3	6	3	1	0	0	0	40	0	0
28	0	217530	3	10	0	8	2	1	0	0	0	35	0	0
59	0	318450	7	13	1	8	1	1	0	0	0	50	0	1
39	0	210945	1	9	0	7	2	1	0	0	0	48	0	0
26	0	181838	1	9	1	0	1	1	0	0	0	50	0	0
17	0	91931	0	7	0	10	0	1	1	0	0	23	0	0
45	3	123681	5	15	1	5	1	1	0	0	0	40	0	1
64	1	181628	1	9	1	5	4	1	1	0	0	20	0	0
72	2	305145	7	13	2	3	2	1	0	0	0	4	0	0
55	0	174533	8	14	0	5	2	1	1	0	0	40	0	0
47	0	94342	1	9	1	6	1	1	0	0	0	16	0	0
43	0	215624	3	10	1	13	1	2	0	0	0	40	13	0
46	3	112485	1	9	3	4	3	1	1	0	0	40	0	0
54	0	27484	1	9	1	8	1	1	0	0	0	40	0	1
26	0	186454	7	13	0	5	2	2	0	4650	0	40	13	0
28	5	187746	7	13	0	5	2	1	1	0	1669	40	0	0
57	0	358628	11	11	3	7	3	1	1	0	0	40	0	0
35	0	295939	1	9	1	0	1	1	0	0	0	40	0	0
61	3	127198	1	9	1	6	1	1	0	0	0	40	7	0
48	0	81497	3	10	3	8	2	1	1	0	0	65	0	0
30	3	143078	7	13	3	10	2	1	0	0	2444	55	0	1
70	3	177806	11	11	1	1	1	1	0	0	0	40	0	0
30	1	210926	12	5	3	1	3	1	1	0	0	40	4	0
34	0	195144	1	9	0	8	2	1	1	0	0	40	0	0
26	0	252563	7	13	0	8	2	1	1	0	0	40	0	0
41	3	170785	13	8	3	6	3	1	0	0	0	40	0	0
19	0	111232	3	10	0	13	2	1	0	0	0	30	0	0
59	0	59584	1	9	1	0	1	0	0	0	0	40	0	0
48	0	148254	7	13	1	4	4	1	1	0	1902	40	1	1
30	1	19302	1	9	1	6	1	1	0	4386	0	70	7	1
52	0	285224	1	9	1	6	1	1	0	0	0	32	0	0
43	0	172256	7	13	3	10	3	1	1	0	0	50	0	0
51	5	128260	7	13	1	5	1	0	0	0	0	40	0	1
25	0	156163	3	10	0	7	0	0	1	0	0	40	1	0
31	0	155914	3	10	1	1	1	1	0	0	0	40	0	0
19	0	58471	1	9	0	6	0	1	1	0	0	40	0	0
29	0	282389	11	11	0	7	2	1	0	0	0	70	0	0
40	0	117915	1	9	1	6	1	1	0	0	0	45	0	0
40	0	163628	11	11	1	7	1	1	0	0	0	40	0	0
45	0	287436	0	7	0	6	2	1	0	0	0	40	12	0
58	5	139736	1	9	0	7	2	1	0	0	1741	40	0	0
28	1	136643	8	14	0	5	2	1	1	0	0	50	0	0
43	1	180572	7	13	0	5	2	1	1	0	0	40	0	1
40	5	148805	7	13	0	8	0	1	1	0	0	40	0	0
55	0	497039	3	10	3	9	3	0	1	0	0	56	0	0
18	0	226956	1	9	0	10	0	1	1	0	0	24	0	0
36	0	157184	1	9	1	6	1	3	0	0	0	40	0	1
21	0	315470	1	9	0	10	0	1	1	0	0	30	0	0
45	0	252079	8	14	1	8	1	1	0	0	0	40	0	1
53	0	138022	7	13	1	1	1	1	0	0	0	60	0	0
33	0	48520	1	9	1	7	1	1	0	0	0	40	0	0
35	3	346605	3	10	3	4	3	1	1	0	0	20	0	0
35	0	139770	1	9	0	10	0	1	1	0	0	29	0	0
41	0	209899	1	9	4	7	3	0	1	0	0	40	0	0
44	3	55844	7	13	1	10	1	1	0	0	0	45	0	1
61	0	215789	1	9	3	10	2	1	0	0	0	40	0	0
18	0	126913	3	10	0	4	0	1	1	0	0	12	0	0
42	5	101950	7	13	0	8	2	1	1	0	0	38	0	0
28	0	451742	1	9	3	8	2	1	1	0	0	40	0	0
53	0	173754	1	9	1	13	1	1	0	0	0	40	0	1
51	0	350131	1	9	3	7	3	1	1	0	2339	40	0	0
32	0	185820	7	13	0	5	2	0	1	0	0	40	0	0
35	0	176837	1	9	1	13	1	1	0	0	0	40	0	0
44	0	271282	7	13	3	0	3	1	1	0	0	56	0	0
25	2	420081	2	12	0	3	0	1	0	0	0	20	0	0
38	5	142282	7	13	0	5	2	1	1	0	0	40	0	0
28	5	266855	7	13	1	2	1	1	0	0	0	50	0	1
36	0	148143	1	9	0	0	5	0	1	0	0	40	0	0
40	5	21189	7	13	3	7	5	0	1	0	0	32	0	0
37	0	110013	11	11	3	10	2	1	1	0	0	40	0	0
18	0	350400	0	7	0	4	0	1	1	0	0	20	0	0
51	0	275507	3	10	3	10	3	0	1	0	0	50	0	0
42	0	169948	3	10	0	10	2	1	0	0	0	80	0	1
41	0	298161	11	11	3	7	0	1	1	0	0	40	22	0
45	2	120131	1	9	0	3	5	1	0	0	0	25	0	0
32	5	113129	7	13	1	7	1	1	0	0	0	38	0	1
24	0	201680	3	10	0	0	0	1	0	0	0	40	0	0
63	0	158609	4	6	2	0	2	1	1	0	0	20	0	0
67	6	22313	3	10	1	10	1	1	0	20051	0	40	0	1
36	0	261012	1	9	3	5	3	0	1	0	0	50	0	0
52	0	104501	13	8	1	8	1	1	0	0	0	60	0	1
32	0	50178	1	9	1	0	1	1	0	0	0	40	0	1
38	0	65624	3	10	1	7	1	1	0	0	0	45	0	0
33	0	236481	7	13	0	5	2	2	0	0	0	10	17	0
50	0	213041	1	9	3	10	3	1	1	0	0	40	0	0
55	0	105127	1	9	3	7	2	1	1	0	0	40	0	0
47	2	127441	3	10	3	3	3	1	1	0	0	42	0	0
30	0	210541	1	9	3	6	2	1	1	0	0	40	0	0
40	3	163512	10	3	1	6	1	3	0	0	0	8	3	0
36	0	170376	1	9	1	0	1	1	0	0	1887	40	0	1
50	0	132465	14	2	5	4	2	1	0	0	0	40	4	0
45	0	253827	7	13	1	6	1	1	0	7688	0	40	0	1
22	0	186383	1	9	1	11	4	1	1	0	0	40	0	0
34	0	111985	1	9	1	10	1	1	0	0	0	50	0	1
37	0	152909	3	10	1	8	1	1	0	0	0	60	0	0
57	0	279340	6	4	2	4	3	0	1	0	0	29	0	0
29	0	154571	3	10	0	6	5	2	0	0	0	40	1	0
31	0	270889	1	9	0	12	2	1	0	0	0	40	0	0
32	0	241731	3	10	0	4	2	0	0	0	0	40	0	0
45	2	256649	7	13	1	3	1	0	0	0	0	45	0	1
31	0	176711	1	9	3	6	2	1	0	0	0	40	0	0
29	0	359155	1	9	4	12	3	1	1	0	0	30	0	0
30	5	103651	7	13	1	5	1	1	0	0	0	40	0	0
43	3	138872	1	9	1	8	1	1	0	0	0	50	0	0
50	0	180195	9	16	1	5	1	1	0	99999	0	50	0	1
37	1	175979	7	13	3	5	5	1	1	0	0	60	0	0
59	1	53612	8	14	4	5	0	0	1	0	0	35	0	0
18	1	28357	1	9	0	7	0	1	1	0	0	40	0	0
25	0	460322	7	13	0	4	0	1	0	0	0	43	0	0
36	0	182954	3	10	1	6	1	1	0	0	0	52	5	0
17	0	242871	4	6	0	10	0	1	1	594	0	12	0	0
55	1	30636	1	9	1	6	1	1	0	4386	0	40	0	1
47	1	274657	1	9	1	4	5	1	0	3908	0	40	0	0
17	2	179807	4	6	0	3	0	1	1	0	0	16	0	0
18	0	230215	3	10	0	4	0	1	0	0	0	30	0	0
46	4	260549	3	10	1	7	1	1	0	0	0	80	0	1
31	0	408208	1	9	0	6	5	0	0	0	0	40	0	0
61	0	143837	1	9	1	0	1	1	0	0	0	40	0	0
28	0	203784	15	1	0	1	2	1	0	0	0	38	4	0
43	4	190020	7	13	1	5	1	1	0	0	0	40	0	1
26	0	666014	7	13	0	8	2	1	1	0	0	50	0	0
32	0	50753	1	9	1	12	1	1	0	0	0	40	0	0
52	4	197515	1	9	1	2	1	1	0	0	0	40	0	0
55	0	209476	8	14	0	5	2	1	1	0	0	40	0	0
67	0	192995	1	9	2	7	3	1	1	6723	0	40	0	0
25	0	39640	3	10	0	4	2	1	0	0	0	48	0	0
33	0	203488	7	13	1	5	1	1	0	15024	0	50	0	1
29	0	125791	2	12	0	8	5	1	1	0	0	38	0	0
20	0	167424	3	10	0	11	0	1	1	0	0	40	0	0
58	2	169590	3	10	1	3	4	1	1	0	0	40	0	0
56	2	174533	7	13	0	3	3	1	1	0	0	20	0	0
37	0	474568	3	10	1	12	1	1	0	0	0	45	1	1
36	0	414910	6	4	3	10	2	3	1	0	0	35	0	0
21	6	95997	3	10	0	1	0	1	0	0	0	60	0	0
26	0	191797	1	9	0	4	2	0	1	0	0	16	0	0
81	2	143732	14	2	2	3	2	1	0	0	0	30	0	0
52	0	65624	2	12	0	0	0	2	0	0	0	40	0	0
48	0	352614	1	9	1	5	1	1	0	7688	0	40	1	1
34	0	301251	7	13	1	10	1	1	0	0	0	50	0	1
47	0	98524	10	3	1	0	1	1	0	0	0	40	0	0
37	0	112512	11	11	0	5	2	1	1	0	0	48	0	1
37	1	170861	7	13	0	5	2	1	1	0	0	45	0	0
42	0	244668	1	9	3	9	2	1	0	8614	0	40	4	1
23	0	148890	3	10	0	13	0	1	1	0	0	25	0	0
37	0	149898	1	9	0	12	2	1	0	0	0	50	0	0
45	0	240629	9	16	1	5	1	1	0	0	0	40	0	1
28	4	19522	3	10	0	9	3	4	1	0	0	40	0	0
89	0	152839	7	13	1	10	1	1	0	0	0	40	0	0
54	1	105788	8	14	3	5	3	0	1	0	0	37	0	1
23	0	314823	3	10	0	7	0	1	0	0	0	24	0	0
20	2	287681	10	3	0	3	2	1	0	0	0	25	4	0
50	2	313445	1	9	4	3	3	2	1	0	0	40	8	0
35	0	289148	1	9	0	0	2	1	1	0	0	40	0	0
37	0	166193	1	9	1	13	1	1	0	0	0	40	0	0
31	4	206857	1	9	0	7	2	1	1	0	0	40	0	0
24	0	150683	7	13	0	9	0	1	0	0	0	42	0	0
52	0	155759	3	10	0	0	2	1	0	0	0	40	0	0
18	2	211459	1	9	0	3	0	1	0	0	0	30	0	0
35	0	191103	1	9	1	10	1	1	0	0	0	40	0	0
51	0	88856	8	14	1	8	1	1	0	0	2415	40	0	1
41	0	193882	1	9	1	8	1	1	0	15024	0	65	0	1
57	5	222792	3	10	1	7	4	1	1	0	0	40	0	1
22	0	190137	1	9	0	10	0	3	0	0	0	40	0	0
37	0	174308	7	13	1	1	1	1	0	0	0	45	0	0
74	0	172787	1	9	2	7	2	1	0	0	2282	35	0	1
56	0	146391	1	9	0	10	2	1	0	0	0	40	6	0
33	0	179708	1	9	3	8	2	1	0	0	0	48	0	0
31	1	314375	3	10	1	2	1	1	0	0	0	30	0	0
41	1	120277	7	13	1	5	1	1	0	0	0	35	0	1
26	0	244906	7	13	3	7	3	1	1	0	0	40	0	0
59	1	251890	4	6	2	4	2	1	1	0	0	25	12	0
23	0	220993	1	9	1	10	2	0	0	0	0	60	0	0
35	0	309131	1	9	1	12	1	1	0	0	0	40	0	0
50	5	263200	11	11	3	7	3	1	1	0	0	40	33	0
52	3	92469	3	10	3	5	2	1	1	0	0	32	0	0
31	0	32406	3	10	1	8	4	1	1	0	0	40	0	0
37	0	235070	1	9	5	4	3	0	1	0	0	35	10	0
48	0	196571	3	10	1	6	1	1	0	0	0	40	0	0
50	1	258819	3	10	3	2	2	1	0	0	0	40	0	0
30	0	33945	1	9	1	13	1	1	0	0	0	40	0	0
24	0	452640	1	9	1	4	1	1	0	0	0	40	0	0
57	3	112772	1	9	1	6	1	1	0	0	0	60	0	0
49	3	34845	11	11	3	12	2	1	0	0	0	48	0	0
23	0	119051	7	13	0	8	2	1	0	0	0	40	12	0
20	0	197767	3	10	0	10	2	0	1	0	0	36	0	0
52	1	181578	1	9	1	4	4	2	1	0	0	40	1	1
56	0	329654	7	13	1	8	4	2	1	7688	0	50	0	1
57	4	47534	8	14	3	8	2	1	1	0	0	60	0	1
20	0	341294	3	10	0	2	0	1	0	0	0	40	0	0
43	0	336042	1	9	4	6	2	1	0	0	0	35	0	0
41	6	56019	5	15	1	5	1	2	0	99999	0	50	17	1
45	0	86505	3	10	3	10	2	1	0	0	0	40	0	0
36	0	274106	1	9	1	0	1	1	0	0	0	45	4	0
62	4	52765	12	5	3	4	3	1	1	0	0	40	0	0
19	6	136848	1	9	0	4	0	1	0	0	0	6	0	0
24	0	298227	3	10	1	8	1	1	0	0	0	50	0	0
19	3	215493	1	9	0	9	0	1	0	0	0	20	0	0
20	2	197583	1	9	1	3	4	1	1	0	0	40	0	0
32	0	265190	7	13	1	10	1	1	0	0	0	40	0	0
44	3	96921	3	10	0	7	2	1	1	0	0	45	0	0
53	1	202420	6	4	1	12	1	0	0	0	0	40	0	0
45	0	252616	6	4	1	4	1	2	0	0	0	36	27	0
39	0	102976	8	14	0	8	2	1	0	0	0	50	0	1
55	0	70439	8	14	1	5	1	1	0	0	0	25	0	1
30	0	184290	7	13	0	10	2	1	0	0	0	55	0	0
39	4	72887	3	10	1	8	1	2	0	0	0	40	0	1
23	1	237498	1	9	0	2	2	1	0	0	0	45	0	0
28	3	228043	7	13	0	10	2	1	1	0	0	48	0	0
42	0	144056	11	11	1	6	1	4	0	0	0	40	0	1
35	0	187711	1	9	3	0	2	1	0	0	0	40	0	0
39	0	282489	1	9	0	4	2	1	1	0	0	25	0	0
29	0	359155	7	13	3	9	3	1	1	0	0	20	0	0
21	3	87169	1	9	0	1	0	2	0	0	0	35	0	0
35	0	251091	8	14	1	7	1	1	0	0	0	38	12	0
42	0	130126	3	10	1	8	1	1	0	0	0	40	0	0
28	0	163265	12	5	0	0	2	1	0	0	0	30	0	0
57	0	250040	6	4	3	5	5	1	1	0	0	20	1	0
59	2	218764	1	9	3	3	2	1	1	0	0	45	0	0
50	0	176773	15	1	1	1	1	0	0	0	0	40	10	0
37	3	98941	5	15	1	5	1	1	0	7688	0	50	0	1
20	0	217467	1	9	0	0	5	1	0	0	0	40	0	0
46	3	97176	3	10	1	8	4	1	1	0	0	50	0	0
28	0	230503	3	10	0	9	3	1	1	0	0	40	0	0
32	0	227321	3	10	4	4	2	1	1	0	0	38	0	0
20	0	199698	12	5	0	12	3	1	0	0	0	35	0	0
38	1	347491	7	13	1	2	1	1	0	0	0	40	0	0
36	0	103925	7	13	0	5	2	1	1	0	0	45	7	0
30	0	124569	8	14	0	5	2	1	1	0	0	16	0	0
35	0	80680	8	14	0	8	2	1	1	0	0	45	0	1
30	5	119197	8	14	3	5	2	4	0	0	0	50	0	0
56	0	147055	12	5	3	2	2	1	0	0	0	40	0	0
30	0	316470	12	5	5	1	2	1	0	0	0	40	4	0
64	0	260082	14	2	1	0	1	1	0	0	0	40	22	0
21	2	228960	3	10	0	3	0	1	1	0	0	20	0	0
17	2	256496	4	6	0	3	0	1	0	0	0	35	0	0
49	0	133351	1	9	1	6	4	0	1	0	0	40	0	0
37	0	151835	7	13	1	5	1	1	0	0	0	40	1	1
52	2	224793	7	13	2	3	2	1	1	0	0	8	0	0
55	0	101480	1	9	1	4	5	1	1	0	0	33	0	0
24	0	138719	0	7	0	10	0	0	1	0	0	20	0	0
23	0	129121	1	9	3	10	2	1	1	0	0	30	0	0
31	0	401069	3	10	0	7	3	0	1	0	0	39	0	0
17	2	188758	4	6	0	3	0	1	0	0	0	14	0	0
50	0	191598	1	9	3	13	2	1	0	0	1980	38	0	0
33	0	330715	1	9	1	10	1	1	0	0	0	55	0	0
24	0	284317	7	13	0	10	2	1	1	0	0	40	0	0
37	0	393673	13	8	1	4	4	1	1	0	0	45	0	0
31	3	206609	4	6	0	12	2	1	0	0	2205	60	0	0
77	2	88545	3	10	1	3	1	1	0	0	0	8	0	0
21	0	224632	7	13	0	7	0	0	1	0	0	38	0	0
18	0	227529	3	10	0	10	0	1	0	0	0	10	0	0
25	0	210148	1	9	0	6	0	1	0	0	0	40	0	0
57	0	224174	11	11	2	6	2	0	0	0	0	40	1	0
25	0	193787	3	10	0	5	3	1	1	0	0	60	0	0
62	3	244953	3	10	2	8	2	1	1	0	0	20	0	0
35	0	223749	11	11	1	9	1	1	0	7298	0	48	0	1
26	0	37650	3	10	3	5	2	1	1	5060	0	40	0	0
47	0	358382	1	9	0	4	2	0	0	0	0	40	0	0
25	0	155275	2	12	0	8	2	1	1	0	0	40	0	0
33	0	180574	11	11	0	5	2	1	1	0	0	40	0	0
28	0	101853	7	13	0	13	0	1	0	0	0	40	0	0
42	3	34161	5	15	1	5	1	1	0	0	0	40	0	1
50	0	83311	8	14	1	8	1	1	0	0	0	40	0	1
61	0	217125	14	2	1	13	1	1	0	0	0	40	4	0
50	0	166368	1	9	1	0	1	1	0	0	0	40	0	0
23	2	44793	1	9	0	3	2	1	0	0	0	40	0	0
27	2	123147	3	10	0	3	3	1	1	0	0	25	0	0
51	0	184529	1	9	1	10	1	1	0	0	1977	50	0	1
37	0	224566	3	10	1	9	1	1	0	0	0	39	0	0
25	0	195994	7	13	0	7	2	1	1	0	0	35	0	0
38	0	186376	7	13	1	7	1	2	0	0	0	42	0	1
60	4	38749	5	15	1	5	1	2	0	99999	0	60	8	1
66	2	78375	1	9	1	3	1	1	0	0	0	50	0	0
74	0	148867	3	10	1	10	1	1	0	6418	0	24	0	1
37	0	207066	8	14	1	5	1	1	0	0	0	70	0	0
26	0	339423	7	13	0	8	2	1	0	0	0	40	0	0
39	0	172186	3	10	1	8	1	1	0	0	0	40	0	1
19	2	138564	1	9	0	3	0	1	1	0	0	8	0	0
35	0	208259	4	6	1	7	4	1	1	0	0	36	0	0
43	1	203376	8	14	2	5	3	0	1	0	0	40	0	0
31	6	243165	1	9	1	10	1	1	0	0	0	50	0	1
35	6	213008	3	10	1	8	1	1	0	0	0	50	0	0
30	0	159323	3	10	3	10	3	1	1	0	0	65	25	0
22	0	197050	1	9	0	4	0	1	1	0	0	20	0	0
36	0	166855	6	4	3	0	2	1	1	0	0	40	0	0
19	0	163072	3	10	0	10	0	1	1	0	0	34	0	0
36	0	191807	1	9	3	6	2	1	0	0	0	75	0	0
29	5	48634	7	13	0	2	0	1	1	0	0	40	0	0
30	1	287737	3	10	0	2	2	1	1	3325	0	40	0	0
31	0	162623	1	9	1	7	4	1	1	0	0	40	0	0
27	0	104993	1	9	0	10	0	0	0	0	0	40	0	0
44	2	256211	11	11	1	3	1	2	0	0	2129	40	19	0
17	0	298605	0	7	0	7	0	1	1	0	0	15	0	0
36	0	115803	1	9	1	6	1	1	0	0	0	40	0	1
43	0	183342	7	13	1	7	1	1	0	0	0	40	0	1
46	3	115971	12	5	1	10	1	1	0	0	0	40	0	0
24	0	254547	1	9	0	7	5	0	1	0	0	20	0	0
42	0	211940	3	10	0	12	2	0	0	0	0	40	0	0
55	5	136819	3	10	1	6	1	1	0	0	0	43	0	1
61	3	186000	11	11	2	6	3	1	1	0	0	40	25	0
20	0	289982	1	9	0	10	0	1	1	0	0	10	11	0
60	0	137344	3	10	1	10	1	1	0	0	0	40	0	0
24	0	174413	11	11	1	7	4	1	1	0	0	40	0	0
33	0	186993	7	13	1	5	1	1	0	0	0	51	0	0
67	3	176388	3	10	0	5	2	1	1	0	0	50	0	1
34	0	49469	1	9	0	8	2	1	0	0	0	50	0	0
34	0	83800	3	10	1	4	4	1	1	0	0	30	0	0
38	0	194809	3	10	3	5	0	1	1	0	0	40	0	0
50	0	194397	7	13	3	8	2	1	1	0	0	40	0	0
45	0	181363	3	10	1	6	1	1	0	0	0	46	0	0
55	2	227243	1	9	2	3	3	1	1	0	0	35	12	0
18	0	176136	1	9	0	10	0	1	0	0	0	35	0	0
26	2	102541	4	6	0	3	3	4	1	0	0	40	0	0
40	0	166088	11	11	2	7	3	1	1	0	0	30	0	0
37	6	95634	3	10	3	6	3	1	1	0	0	40	25	0
35	0	66304	4	6	1	0	1	1	0	0	0	45	0	0
22	0	64292	3	10	0	5	0	1	1	2176	0	25	0	0
33	0	41610	1	9	4	6	2	1	0	0	0	40	0	0
42	1	198028	3	10	1	7	4	1	1	0	0	40	0	1
36	0	228652	3	10	3	0	0	3	0	0	0	40	4	0
41	0	165815	3	10	1	8	1	1	0	0	0	60	0	0
39	0	238255	1	9	3	7	3	1	1	0	0	40	0	0
63	0	65740	3	10	1	13	1	2	0	0	0	40	8	1
52	0	279543	3	10	1	10	1	1	0	0	0	60	22	1
36	0	114765	4	6	0	4	3	1	1	0	0	35	0	0
27	0	279580	8	14	0	10	2	1	0	0	0	42	4	0
19	0	73257	0	7	0	4	0	1	1	0	0	15	7	0
66	0	80621	3	10	0	5	2	1	1	0	0	40	0	1
74	5	193602	3	10	2	8	2	0	0	15831	0	40	0	1
17	2	141445	12	5	0	3	0	1	0	0	0	5	0	0
37	0	224512	11	11	1	6	1	1	0	0	0	45	0	0
52	3	98642	1	9	1	6	1	1	0	0	0	50	17	1
21	2	182288	3	10	0	3	0	1	1	0	0	40	0	0
44	0	765214	8	14	4	8	2	1	0	0	2559	40	0	1
24	0	224785	7	13	0	10	2	1	0	0	1876	65	0	0
19	2	285177	3	10	0	3	0	1	0	0	0	18	0	0
31	0	241880	11	11	0	7	2	0	0	0	0	45	0	0
42	6	201495	3	10	1	8	1	1	0	0	0	40	0	1
35	0	165215	7	13	1	5	4	1	1	0	0	15	0	1
35	6	99146	11	11	1	6	1	1	0	0	0	55	0	0
26	5	92795	5	15	0	5	2	1	1	0	0	80	0	0
39	3	54022	3	10	1	0	4	1	1	0	0	40	0	0
38	0	175268	7	13	1	7	1	1	0	0	0	50	0	0
39	1	123983	7	13	1	8	1	2	0	0	0	40	17	1
35	0	269323	7	13	1	9	1	1	0	0	1887	40	0	1
40	0	32798	1	9	1	6	4	1	1	0	0	45	0	0
64	0	101077	5	15	2	5	2	1	1	0	2444	40	0	1
22	2	157332	3	10	0	3	0	1	1	0	0	40	0	0
49	0	390746	7	13	1	5	1	1	0	0	1672	45	6	0
26	0	200318	4	6	1	13	1	1	0	0	0	38	0	0
38	2	36425	3	10	3	3	2	1	1	0	0	25	0	0
44	0	221172	10	3	5	6	2	1	0	0	0	45	0	0
34	6	337995	7	13	3	8	3	0	0	15020	0	50	0	1
54	0	64421	3	10	2	9	3	1	1	0	0	40	0	0
22	0	199915	3	10	0	4	0	1	1	0	0	10	0	0
64	0	207658	2	12	1	6	1	1	0	0	0	40	0	1
22	0	124810	1	9	0	10	0	1	1	0	0	20	0	0
40	6	253060	7	13	1	8	1	1	0	0	0	55	0	1
36	0	76878	1	9	1	0	1	1	0	5178	0	40	0	1
20	2	38455	1	9	0	3	5	1	0	0	0	40	0	0
49	0	41294	3	10	3	7	2	1	1	0	0	40	0	0
42	0	205195	1	9	1	6	1	1	0	0	0	40	0	1
48	0	162236	7	13	3	8	2	1	1	0	0	50	0	1
27	0	445480	13	8	0	6	0	1	0	0	0	40	0	0
30	0	761800	0	7	1	8	1	1	0	0	0	40	0	0
22	0	188300	1	9	0	10	2	1	1	0	0	28	0	0
36	0	138088	1	9	1	6	1	1	0	0	0	45	0	0
53	0	132304	3	10	3	7	5	1	1	0	0	40	0	0
32	0	126173	1	9	4	6	2	1	0	0	0	40	0	0
48	0	259873	3	10	1	8	1	1	0	0	0	50	0	0
40	0	122215	2	12	1	10	1	1	0	0	0	40	0	1
24	0	190015	7	13	1	5	1	1	0	0	0	40	0	0
35	3	313132	5	15	1	5	1	1	0	0	0	40	0	1
35	3	103323	3	10	1	6	1	1	0	0	0	40	0	1
17	2	44789	3	10	0	3	0	1	0	0	0	15	0	0
28	0	192932	7	13	3	7	2	1	1	0	0	40	0	0
