30	0	264025	1	9	4	12	3	0	0	1506	0	80	0	0
37	0	30269	7	13	0	8	2	1	1	2174	0	50	0	0
23	0	283092	1	9	0	10	5	0	0	0	0	40	32	0
17	0	125236	4	6	0	10	0	1	1	0	0	22	0	0
47	0	187308	1	9	1	8	1	1	0	0	0	55	0	1
43	0	150519	3	10	1	5	1	1	0	0	0	40	0	1
39	1	32587	3	10	1	8	1	4	0	0	1485	40	0	1
37	0	244803	1	9	1	7	1	1	0	0	0	40	15	0
23	0	316793	1	9	1	10	4	0	1	0	0	35	0	0
41	0	106068	1	9	3	10	3	1	1	0	0	40	0	0
22	0	191878	1	9	0	4	2	0	1	0	0	35	0	0
30	2	159008	7	13	5	3	2	1	1	0	0	35	0	0
39	0	181983	9	16	3	8	2	1	1	0	2559	60	21	1
65	0	113293	1	9	1	6	1	1	0	0	0	50	0	1
61	1	224711	7	13	0	5	2	1	1	0	0	63	0	1
20	0	460356	13	8	0	4	2	1	0	0	0	30	4	0
37	1	184474	1	9	3	4	3	1	1	2977	0	55	0	0
39	0	289890	7	13	3	10	2	1	0	0	0	60	0	0
27	0	183148	1	9	0	4	2	0	0	0	0	40	0	0
32	3	178109	4	6	1	8	1	1	0	0	0	55	0	0
54	0	351760	3	10	3	7	2	1	1	0	0	35	0	0
39	0	176967	7	13	1	5	1	1	0	0	0	40	0	1
17	0	67444	0	7	0	4	5	0	0	0	0	20	0	0
23	0	48343	1	9	0	10	2	0	1	0	0	27	1	0
19	0	1047822	0	7	0	10	3	1	1	0	0	25	0	0
55	1	200448	3	10	3	7	2	0	0	0	0	40	0	0
36	0	34364	2	12	4	9	2	1	1	0	0	3	0	0
27	0	95725	0	7	1	6	1	1	0	0	1740	40	0	0
23	0	124802	3	10	0	0	2	0	1	0	0	40	0	0
38	1	196673	7	13	1	5	4	1	1	0	0	55	0	0
22	0	196943	1	9	0	6	0	1	0	0	0	40	0	0
31	0	43819	7	13	1	8	4	1	1	0	0	40	0	1
53	0	173020	7	13	1	8	1	1	0	0	0	60	0	1
67	1	102690	7	13	1	8	1	1	0	0	0	20	0	0
42	0	199018	1	9	1	7	1	1	0	0	0	55	0	1
29	0	201954	11	11	1	0	1	1	0	0	0	40	1	0
31	0	168854	3	10	0	10	2	1	0	0	1504	40	0	0
22	0	53702	4	6	1	13	1	1	0	0	0	40	0	0
50	0	154043	1	9	2	7	5	0	1	0	0	40	0	0
41	6	64112	2	12	1	5	1	1	0	15024	0	50	0	1
68	2	294420	7	13	2	3	2	1	1	0	0	2	0	0
42	6	325159	7	13	1	8	1	1	0	0	0	50	0	1
20	0	267706	3	10	0	10	0	1	1	0	0	20	0	0
18	0	70240	1	9	0	10	0	2	1	0	0	40	0	0
31	0	213307	6	4	0	0	5	1	1	0	0	20	4	0
56	0	192845	3	10	1	8	1	1	0	0	1887	40	0	1
23	0	273010	1	9	1	6	1	1	0	0	0	40	0	0
45	2	177775	11	11	0	3	5	1	1	0	0	32	0	0
22	2	393122	3	10	0	3	0	1	0	0	0	30	0	0
23	0	345577	7	13	0	7	2	1	1	0	0	46	0	0
54	3	72257	1	9	1	10	1	1	0	0	0	50	0	1
34	0	113129	2	12	1	10	1	1	0	0	0	38	0	1
36	0	292380	3	10	1	8	1	0	0	0	0	10	0	0
29	0	121040	11	11	4	7	3	0	1	0	0	40	0	0
67	0	142097	12	5	1	11	4	1	1	0	0	6	0	0
48	4	34998	7	13	1	7	1	1	0	0	0	48	0	1
53	5	41021	8	14	0	5	2	1	1	0	0	46	0	1
42	0	152889	6	4	1	6	1	1	0	4386	0	50	0	1
56	0	436651	1	9	1	1	1	1	0	0	0	20	0	0
20	2	256504	3	10	0	3	0	1	1	0	0	30	0	0
40	0	215479	1	9	0	4	5	0	0	0	0	40	0	0
55	5	100285	7	13	3	7	2	1	0	10520	0	40	0	1
61	0	373099	6	4	1	6	1	1	0	0	0	40	0	0
35	3	99357	7	13	1	5	4	1	1	0	0	40	0	1
42	0	67243	1	9	1	6	1	1	0	0	0	50	26	0
32	0	231263	3	10	1	12	1	1	0	0	0	60	0	1
19	0	243942	3	10	0	0	2	1	0	0	0	40	0	0
21	0	194102	2	12	0	7	0	1	0	0	0	40	0	0
39	0	141748	1	9	1	12	1	1	0	0	1887	40	0	1
22	0	211013	1	9	4	7	5	1	1	0	0	40	0	0
23	0	102652	1	9	0	10	2	1	1	0	0	35	0	0
49	0	201127	0	7	1	12	1	1	0	0	1902	70	0	0
57	2	172667	3	10	1	3	1	1	0	0	0	32	0	0
49	1	175958	0	7	1	13	1	1	0	0	0	40	24	0
34	0	73928	4	6	4	4	3	2	1	0	0	4	0	0
46	0	212944	0	7	1	6	1	1	0	0	0	32	0	0
26	0	544319	3	10	1	4	1	1	0	0	0	40	0	0
38	0	348960	1	9	3	6	2	1	0	0	0	41	0	0
59	0	280519	4	6	1	12	1	0	0	0	0	40	0	0
24	0	155172	2	12	3	0	2	1	0	0	0	40	0	0
26	0	106856	11	11	0	7	2	1	1	0	0	40	0	0
41	0	397346	3	10	1	10	1	1	0	0	0	50	0	0
27	0	253814	1	9	0	7	2	1	0	0	0	38	0	0
23	0	201490	1	9	0	13	0	1	0	0	0	35	0	0
19	0	176806	12	5	1	12	1	1	0	0	0	40	0	0
39	0	107038	1	9	0	6	0	1	0	0	0	40	0	0
46	0	122194	3	10	1	6	4	1	1	7298	0	40	0	1
28	3	180928	1	9	0	8	0	1	0	0	0	40	0	0
62	0	143746	1	9	3	4	2	1	1	0	0	40	0	0
28	0	183523	2	12	0	7	0	1	0	0	0	35	0	0
35	4	179262	1	9	0	7	3	1	1	0	0	40	0	0
38	0	190759	1	9	1	6	1	1	0	0	0	42	0	0
53	6	200400	9	16	3	8	2	1	0	0	0	60	0	1
29	0	166320	7	13	1	5	1	1	0	0	0	50	0	1
17	0	205954	13	8	0	4	0	1	1	0	0	8	0	0
45	1	251786	1	9	0	7	2	1	1	0	0	37	0	0
20	0	166371	1	9	0	6	5	1	0	0	0	40	0	0
27	2	135046	3	10	0	3	3	1	1	0	0	40	0	0
59	1	170423	1	9	1	4	1	1	0	0	0	40	0	0
37	0	393673	8	14	0	5	3	1	1	0	0	40	0	0
27	0	115438	3	10	0	13	0	1	0	0	0	40	0	0
29	0	173944	7	13	1	10	1	1	0	0	0	40	0	1
26	2	292803	3	10	3	3	5	1	1	0	0	35	0	0
63	0	149756	4	6	1	6	1	1	0	0	1740	40	0	0
39	0	192251	3	10	3	6	0	1	1	0	0	50	0	1
20	0	163687	3	10	0	4	0	1	0	0	0	40	0	0
20	0	200421	1	9	0	6	2	1	0	0	0	35	0	0
53	6	368014	5	15	1	5	1	1	0	0	1977	60	0	1
49	2	141483	4	6	1	3	4	1	1	0	0	40	0	0
35	4	191480	7	13	5	8	2	0	0	0	0	40	0	0
40	0	202466	1	9	3	8	2	1	1	0	0	60	0	0
50	2	28765	8	14	1	3	1	1	0	0	0	40	0	1
35	0	141584	8	14	1	7	1	1	0	0	0	45	0	1
38	4	143123	8	14	1	8	1	1	0	0	0	40	0	1
47	0	122194	1	9	3	7	2	1	1	0	0	40	0	0
32	5	110171	3	10	1	5	4	1	1	0	1902	40	0	1
43	6	342510	7	13	1	1	4	1	1	0	0	60	0	1
20	0	42279	3	10	0	4	0	1	1	0	0	30	0	0
33	0	201122	1	9	4	9	2	1	0	0	0	40	0	0
23	0	254025	3	10	0	8	0	1	0	0	0	45	0	0
50	0	410114	5	15	1	8	1	1	0	15024	0	50	0	1
60	0	320422	3	10	3	9	2	1	1	6849	0	50	0	0
56	0	67153	9	16	1	8	1	1	0	0	0	60	0	1
37	0	224406	3	10	1	6	1	1	0	0	0	40	0	0
57	0	211678	4	6	3	7	2	1	0	0	0	64	0	0
22	0	257017	11	11	0	4	5	0	0	0	0	52	0	0
48	6	106232	5	15	1	5	1	1	0	99999	0	48	0	1
27	5	41115	3	10	1	6	1	0	0	0	0	40	0	0
18	3	161245	13	8	0	1	0	1	0	0	0	50	0	0
41	3	37618	2	12	1	6	1	1	0	0	0	60	0	1
33	0	321787	7	13	0	10	0	1	0	0	0	40	0	0
51	0	123011	1	9	5	0	2	1	0	0	0	50	0	0
33	1	66278	8	14	0	5	2	1	1	0	0	45	0	0
25	0	181054	7	13	0	7	2	1	1	0	0	32	0	0
55	3	129786	1	9	1	6	1	1	0	0	0	55	0	0
29	0	245402	0	7	3	4	2	1	1	0	0	70	0	0
24	2	192711	7	13	0	3	2	1	0	0	0	41	0	0
41	0	240124	7	13	1	8	1	1	0	0	0	50	0	1
29	1	370675	8	14	0	5	2	1	1	0	0	50	0	0
39	3	34066	3	10	1	6	1	4	0	0	0	50	0	1
35	0	53553	3	10	1	10	1	1	0	7298	0	48	0	1
20	0	319758	3	10	0	13	2	1	1	0	0	40	0	0
41	0	43556	11	11	3	9	2	1	1	0	0	40	0	0
26	6	97952	7	13	0	8	0	1	0	0	0	80	0	0
44	0	244522	1	9	3	6	2	1	0	0	0	45	0	0
32	0	188108	1	9	1	6	1	1	0	0	0	55	0	0
35	0	187022	1	9	3	5	2	1	0	0	0	40	0	0
59	5	173422	6	4	1	6	1	1	0	5013	0	38	0	0
61	5	103575	3	10	3	6	2	1	0	0	0	40	7	0
20	0	116830	1	9	0	0	0	1	0	0	0	43	0	0
58	0	219504	13	8	3	12	3	0	0	0	0	45	0	1
48	3	102102	0	7	1	6	1	1	0	0	0	55	0	0
26	0	129661	7	13	0	7	2	2	1	0	0	40	0	0
28	5	189346	3	10	1	4	1	1	0	0	0	40	0	0
48	0	113211	7	13	1	6	1	1	0	99999	0	40	0	1
45	0	256866	1	9	1	5	1	1	0	0	0	45	0	1
18	0	186408	1	9	0	13	0	1	0	1055	0	40	0	0
23	0	50411	1	9	0	6	0	1	0	0	0	40	0	0
31	0	118941	3	10	0	8	2	1	1	0	0	40	0	1
19	2	171868	1	9	0	3	0	0	0	0	0	20	0	0
35	0	99065	2	12	3	7	3	1	1	0	0	32	0	0
22	3	238917	1	9	0	13	2	1	0	0	0	40	0	0
32	3	220740	1	9	0	6	0	1	0	0	0	60	0	0
69	0	192660	1	9	2	7	3	1	1	0	0	20	0	0
39	0	56962	3	10	1	8	4	1	1	0	0	43	0	1
21	2	156780	3	10	0	3	2	2	1	0	0	15	1	0
22	0	122048	7	13	0	7	0	1	1	4416	0	40	0	0
52	0	172511	8	14	1	8	1	1	0	0	0	36	0	0
44	0	186790	8	14	1	8	1	1	0	0	0	48	0	0
22	0	196280	2	12	0	4	0	1	1	0	0	40	0	0
49	0	61885	2	12	1	10	1	1	0	0	0	45	0	1
51	0	143822	1	9	1	10	1	1	0	0	0	50	0	1
27	0	315640	8	14	0	5	2	2	0	0	0	20	27	0
34	0	617917	7	13	1	10	1	1	0	0	1887	40	0	1
20	0	35448	3	10	0	7	0	1	1	0	0	12	0	0
22	0	124483	7	13	0	9	2	2	0	0	2339	40	17	0
68	0	230904	0	7	2	0	2	0	1	0	1870	35	0	0
31	0	164461	1	9	1	12	1	1	0	0	0	73	0	0
22	0	450695	1	9	0	4	2	1	0	0	0	30	0	0
62	2	352156	1	9	1	3	1	1	0	0	0	40	0	0
28	0	166634	1	9	0	7	0	4	1	0	0	40	0	0
46	0	151107	3	10	1	10	1	0	0	0	1977	60	0	1
49	0	219751	1	9	1	8	1	1	0	0	0	40	0	0
40	0	85604	8	14	1	5	1	1	0	0	0	55	0	0
54	1	231482	1	9	1	6	1	1	0	0	0	40	26	0
24	0	138152	12	5	0	6	5	3	0	0	0	58	3	0
27	0	309196	2	12	0	8	2	1	1	0	0	40	0	0
33	0	91666	1	9	1	0	1	1	0	0	0	40	0	0
19	0	89734	3	10	0	4	5	4	0	0	0	42	0	0
27	0	79661	1	9	1	10	1	1	0	4386	0	40	0	1
39	0	197150	1	9	3	6	3	1	0	0	0	50	11	0
29	2	41281	7	13	5	3	2	1	0	0	0	50	0	0
29	0	53448	13	8	1	4	1	2	0	0	0	50	27	0
44	3	255543	10	3	1	1	1	1	0	0	0	84	0	1
51	5	367209	9	16	5	5	2	1	0	0	0	70	0	1
37	0	226500	7	13	1	10	1	1	0	0	0	55	0	1
56	0	292710	1	9	1	10	1	1	0	0	0	40	0	1
19	0	235732	0	7	0	7	3	1	1	0	0	15	0	0
37	0	301614	7	13	0	0	5	1	0	0	0	40	0	0
18	0	261714	3	10	0	10	0	1	1	0	0	15	0	0
35	2	35751	14	2	1	3	1	1	0	0	0	15	0	0
28	0	266316	6	4	1	6	1	1	0	3464	0	35	0	0
40	6	189941	7	13	1	5	1	1	0	3103	0	60	0	1
50	3	143535	8	14	1	5	1	1	0	0	0	40	0	0
31	0	234537	1	9	0	13	2	1	0	0	0	60	0	0
57	3	181435	0	7	3	4	3	1	0	4650	0	50	0	0
40	0	94210	7	13	1	10	1	1	0	0	0	50	0	1
44	0	344060	7	13	0	5	2	1	0	27828	0	40	0	1
40	0	301359	3	10	1	5	1	1	0	0	0	60	0	0
42	5	184527	3	10	0	8	3	1	1	0	0	45	0	0
41	4	333070	3	10	1	6	1	0	0	0	0	35	0	0
23	0	149574	3	10	5	4	2	1	0	0	0	45	0	0
41	3	34037	1	9	1	1	1	1	0	0	0	99	0	0
41	3	123502	3	10	0	10	0	1	0	0	0	40	0	0
29	3	267661	11	11	0	1	2	1	0	0	0	75	0	0
33	0	109920	7	13	0	7	2	0	1	0	0	40	0	0
43	0	134120	1	9	3	10	5	1	1	0	0	46	0	0
18	0	192254	3	10	0	10	0	1	1	0	0	10	0	0
67	3	94809	3	10	2	4	2	1	1	2346	0	33	0	0
21	0	183789	1	9	0	4	0	1	0	0	0	40	0	0
36	0	86643	13	8	1	0	1	1	0	0	0	48	0	0
22	2	190290	3	10	0	3	0	1	0	0	0	65	0	0
64	2	228140	7	13	1	3	1	1	0	0	0	40	0	1
24	0	198349	0	7	0	10	0	1	1	0	0	30	0	0
44	1	113597	1	9	1	6	1	1	0	0	0	40	0	0
22	4	280567	3	10	0	12	0	1	0	0	0	4	0	0
60	0	298967	6	4	1	12	1	1	0	0	0	15	0	0
31	3	134615	3	10	1	5	1	1	0	0	0	50	0	1
74	0	89852	13	8	1	13	1	1	0	0	0	11	0	0
30	0	289442	7	13	0	8	2	1	0	0	0	40	0	0
29	0	159109	0	7	0	12	3	1	0	0	0	40	0	0
47	0	105495	3	10	1	8	4	1	1	0	0	50	0	1
71	0	155093	11	11	2	7	2	1	1	0	0	20	0	0
33	0	312923	4	6	1	4	1	1	0	0	0	80	4	0
56	0	202435	1	9	2	0	3	1	1	0	0	30	0	0
24	3	49154	0	7	0	4	3	4	1	0	0	40	0	0
37	0	184456	7	13	1	10	1	1	0	0	0	40	0	1
52	0	95329	7	13	1	0	1	1	0	0	0	40	17	0
42	0	173938	7	13	1	4	1	1	0	0	0	40	1	0
56	0	373216	1	9	1	7	1	1	0	0	0	48	0	0
52	0	204226	7	13	3	6	2	1	0	0	0	40	0	0
56	5	222745	9	16	1	12	1	1	0	0	0	56	0	0
54	0	106728	7	13	1	9	1	1	0	0	0	40	0	0
43	3	61287	7	13	1	8	1	1	0	0	0	60	0	0
68	0	146011	1	9	2	6	2	1	1	3273	0	42	0	0
38	0	166744	7	13	1	7	4	1	1	0	0	40	0	0
44	1	54651	8	14	1	5	1	1	0	0	0	40	0	1
32	2	42894	0	7	1	3	4	1	1	0	0	15	0	0
23	0	131230	7	13	0	2	0	1	0	0	0	50	0	0
69	0	271312	1	9	2	7	2	1	1	0	0	40	0	0
52	0	163776	1	9	1	10	1	1	0	0	1902	60	0	1
24	0	230126	2	12	1	4	1	1	0	0	0	40	0	0
45	0	37718	7	13	1	5	1	1	0	0	0	40	0	1
43	0	245975	12	5	1	7	1	1	0	0	0	84	0	0
59	5	115439	7	13	1	8	1	1	0	0	1977	40	0	1
35	0	97554	2	12	1	8	1	1	0	0	0	50	0	1
43	0	109762	7	13	1	5	1	1	0	0	0	20	0	1
47	0	138342	0	7	1	1	1	1	0	0	0	40	0	0
29	2	429696	3	10	1	3	0	0	1	0	0	14	0	0
77	2	309955	2	12	1	3	1	1	0	0	1411	2	0	0
48	0	275154	1	9	1	13	1	0	0	0	0	40	0	0
40	0	52849	7	13	1	8	1	1	0	0	0	50	1	1
23	5	191165	3	10	0	2	2	1	0	0	0	15	0	0
51	0	277471	1	9	1	6	1	1	0	0	0	40	0	1
43	0	171754	2	12	1	8	4	0	1	0	0	40	1	0
44	0	117936	1	9	1	6	1	0	0	0	0	40	0	0
24	0	249956	7	13	0	7	2	1	1	0	0	40	0	0
39	6	170502	8	14	3	8	2	0	0	0	0	70	0	1
19	0	202951	3	10	0	13	0	1	0	0	0	20	0	0
21	0	396722	3	10	0	4	0	1	1	0	0	25	0	0
49	0	93557	1	9	1	8	1	1	0	0	0	48	0	1
22	0	103805	3	10	0	4	0	1	0	0	0	36	0	0
59	0	92141	1	9	2	0	2	0	1	0	0	40	0	0
51	0	171924	1	9	1	6	1	1	0	7688	0	50	0	1
38	1	173804	7	13	3	5	0	1	1	0	0	38	0	0
45	0	139571	1	9	1	6	1	1	0	0	0	50	0	1
56	6	142076	3	10	1	1	1	1	0	0	0	60	0	0
67	2	126514	3	10	2	3	2	1	1	0	0	4	0	0
27	1	68729	1	9	1	2	1	2	0	0	0	40	0	1
21	0	37783	3	10	0	8	2	1	1	0	0	38	0	0
55	3	183580	8	14	3	8	2	1	0	0	0	45	0	0
31	0	106637	3	10	3	7	3	1	1	0	0	20	0	0
57	3	411604	12	5	1	1	1	1	0	0	0	45	4	0
33	0	214635	1	9	0	6	2	0	0	0	0	40	1	0
26	0	201663	8	14	0	5	2	0	0	0	0	40	0	0
51	0	153064	1	9	1	12	1	1	0	5013	0	40	0	0
35	0	212465	1	9	0	4	2	1	0	0	0	40	0	0
19	2	93604	1	9	0	3	0	1	0	0	0	20	0	0
46	0	141221	7	13	1	7	1	2	0	0	0	40	8	1
38	1	289653	7	13	1	2	1	1	0	0	1628	48	0	0
24	0	219835	6	4	0	13	2	1	0	0	0	24	3	0
38	5	187119	8	14	3	8	2	1	1	0	0	50	0	1
49	0	406518	1	9	3	11	3	1	1	0	0	16	34	0
34	3	372793	7	13	3	8	2	0	0	0	0	21	1	0
55	2	229029	7	13	1	3	1	1	0	5178	0	20	0	1
51	0	145105	3	10	0	12	2	1	0	0	0	30	0	0
72	0	171181	1	9	2	7	3	1	1	2329	0	20	0	0
60	0	80927	6	4	1	12	1	1	0	0	0	50	0	1
45	0	191357	11	11	1	6	1	1	0	0	0	40	0	0
21	0	153542	4	6	1	1	1	1	0	0	0	30	0	0
49	0	27802	3	10	1	6	1	1	0	0	1887	40	0	1
46	0	275792	7	13	0	8	3	0	1	0	0	40	0	0
62	4	162876	3	10	1	7	1	1	0	0	0	40	0	0
51	0	197600	7	13	1	8	1	1	0	0	0	50	0	1
50	0	134247	3	10	1	6	1	1	0	0	0	50	0	1
18	0	179597	1	9	0	4	2	1	0	0	0	20	0	0
71	0	148003	7	13	3	10	2	1	1	0	1911	38	0	1
30	0	185177	1	9	0	13	2	1	0	0	0	22	0	0
51	0	133069	4	6	2	10	3	1	1	0	0	40	0	0
36	0	177154	11	11	0	9	2	1	0	0	0	40	0	1
41	5	29324	1	9	3	7	3	1	1	0	0	45	0	0
38	5	54911	3	10	3	9	3	1	1	0	0	10	0	0
49	0	219611	7	13	1	8	1	1	0	0	0	75	0	1
42	5	200294	7	13	3	5	3	1	1	0	0	40	0	0
53	0	177063	3	10	1	10	1	1	0	0	0	45	0	1
21	0	140001	3	10	0	7	0	1	0	0	0	10	0	0
19	0	237433	1	9	0	5	2	1	1	4416	0	40	0	0
43	5	99185	7	13	3	5	2	1	1	0	0	40	0	0
47	3	52291	8	14	1	10	1	1	0	7688	0	45	0	1
30	0	247328	1	9	4	2	2	1	0	0	0	40	0	1
63	3	388594	5	15	1	5	1	1	0	15024	0	50	0	1
53	1	130730	1	9	3	7	5	1	1	0	0	35	0	0
23	0	115458	3	10	1	10	1	1	0	0	0	40	0	0
28	0	113866	1	9	3	7	3	1	1	0	0	40	0	0
61	0	284710	5	15	1	5	1	1	0	0	1902	45	15	1
60	1	168381	11	11	2	7	2	4	1	0	0	40	0	0
32	0	167063	7	13	1	9	1	1	0	0	0	40	0	0
47	0	33794	1	9	1	6	1	1	0	0	0	56	0	1
36	0	263574	11	11	1	7	4	1	1	0	0	40	0	0
24	0	95552	1	9	0	13	2	1	0	0	0	40	0	0
46	0	245724	7	13	1	8	1	1	0	3818	0	44	0	0
59	0	152731	4	6	1	12	1	1	0	0	0	40	0	0
30	0	366876	0	7	1	12	1	1	0	0	0	40	0	0
30	0	203488	7	13	0	5	2	1	0	0	0	60	0	0
38	0	30529	1	9	1	13	1	1	0	3411	0	40	0	0
57	0	201159	1	9	2	10	2	1	1	0	0	30	0	0
64	6	182158	5	15	1	5	1	1	0	99999	0	60	0	1
48	0	443377	8	14	0	5	2	1	0	0	0	60	0	0
28	0	101618	7	13	1	8	1	1	0	0	0	42	0	1
46	6	132576	1	9	1	10	1	1	0	0	1887	45	0	1
51	2	123429	1	9	1	3	1	1	0	0	0	40	0	0
55	6	147098	1	9	3	8	3	1	0	0	2444	60	0	1
44	0	30424	2	12	3	8	2	1	1	0	1980	40	0	0
50	0	68898	11	11	1	2	1	1	0	0	0	40	0	0
58	0	158864	1	9	2	8	2	1	0	0	0	55	0	1
27	4	180103	11	11	0	9	3	0	0	1151	0	40	0	0
52	0	317625	8	14	3	5	3	1	1	0	0	40	0	0
30	0	80933	3	10	1	10	1	1	0	0	0	40	0	0
49	0	107373	4	6	1	12	1	1	0	0	0	99	0	1
32	3	220148	1	9	1	8	1	1	0	0	0	40	0	0
44	6	63503	7	13	1	10	1	1	0	0	0	60	37	1
63	0	210350	10	3	1	0	1	3	0	0	0	32	4	0
60	0	194589	7	13	1	5	1	1	0	7688	0	40	0	1
55	0	200453	3	10	1	9	1	1	0	0	0	40	0	0
77	3	101575	13	8	3	12	2	1	0	0	0	12	0	0
55	0	201232	8	14	1	8	1	1	0	0	0	55	0	1
51	0	168553	1	9	0	6	0	1	0	0	0	35	0	0
35	0	166606	3	10	1	8	1	1	0	0	0	40	0	0
26	2	104756	1	9	6	3	4	1	1	0	1651	42	0	0
33	0	106014	7	13	3	10	2	1	0	0	0	40	0	0
34	0	100882	7	13	1	10	1	1	0	0	0	47	0	1
52	5	108836	7	13	1	2	1	1	0	0	0	48	0	1
50	0	271493	1	9	3	7	2	1	1	0	0	40	0	0
48	1	204629	9	16	1	5	1	1	0	15024	0	45	25	1
24	0	153078	7	13	0	9	2	2	0	0	0	40	0	0
44	0	148316	2	12	1	4	1	1	0	0	0	40	0	0
40	0	293485	1	9	3	11	3	1	1	0	0	32	0	0
61	1	257105	3	10	3	6	3	1	0	0	0	40	0	0
60	0	248160	1	9	1	1	1	1	0	0	0	40	0	0
18	2	104704	0	7	0	3	0	0	0	0	0	25	0	0
47	0	209057	3	10	3	6	3	1	0	0	0	40	0	1
30	4	243233	3	10	1	14	1	1	0	0	0	48	0	1
44	0	204314	1	9	1	4	4	0	1	0	0	38	0	1
60	0	108969	4	6	1	6	1	1	0	0	0	50	0	0
44	0	103397	1	9	3	13	5	1	1	0	0	40	0	0
33	0	198452	7	13	4	9	3	1	1	5455	0	40	0	0
38	0	216572	1	9	4	11	3	0	1	0	0	40	0	0
42	0	311920	7	13	1	8	4	1	1	0	1485	17	0	1
45	6	363298	7	13	1	8	1	0	0	0	0	45	0	1
40	0	146906	8	14	1	8	1	1	0	0	0	50	0	1
40	0	339814	3	10	1	8	1	1	0	0	0	40	0	1
60	0	169408	7	13	1	8	1	1	0	7298	0	40	0	1
40	3	308296	1	9	3	4	0	1	1	0	0	40	0	0
45	0	59380	7	13	0	5	2	1	1	0	0	40	0	0
51	3	195634	8	14	0	8	2	1	0	10520	0	20	0	1
31	4	180656	1	9	0	7	0	1	0	0	0	35	0	0
19	0	144793	0	7	0	0	0	1	0	0	0	40	0	0
24	1	56820	7	13	0	5	2	1	0	0	0	40	0	0
51	0	41414	12	5	0	4	2	0	1	0	0	40	0	0
28	3	160731	7	13	1	1	1	1	0	0	0	50	0	0
31	0	175778	2	12	0	7	2	1	1	0	0	40	0	0
19	0	230238	1	9	0	12	0	1	0	0	0	46	0	0
39	5	372130	8	14	1	5	1	0	0	5013	0	56	0	0
27	0	167501	7	13	1	5	4	1	1	0	0	40	0	0
39	0	141029	1	9	1	7	4	1	1	0	0	40	0	1
45	0	135525	8	14	3	7	3	1	1	0	0	40	0	0
21	0	522881	11	11	0	8	5	1	0	0	0	40	4	0
67	0	162009	4	6	1	2	1	1	0	0	0	16	0	0
28	0	365745	12	5	1	6	1	1	0	0	0	40	0	0
28	0	68393	1	9	0	4	2	1	1	0	0	46	0	0
48	0	203576	3	10	1	6	1	1	0	0	0	40	0	1
24	5	138513	7	13	0	5	2	1	0	0	0	20	0	0
66	2	188686	7	13	1	3	4	1	1	0	0	4	0	0
23	0	39551	1	9	4	7	2	1	1	0	0	40	0	0
17	0	127366	4	6	0	4	0	1	1	0	0	20	0	0
21	0	183747	1	9	0	7	0	1	1	0	0	40	0	0
30	0	136331	1	9	1	7	1	1	0	0	0	40	0	0
53	0	81794	1	9	1	10	4	1	1	0	0	40	0	0
40	0	222596	7	13	1	5	1	1	0	0	0	60	0	1
39	0	108943	0	7	3	4	3	1	1	0	0	40	0	0
38	0	189092	11	11	1	6	1	1	0	0	0	43	0	0
33	0	152109	2	12	1	6	1	1	0	0	0	45	0	0
36	0	195565	7	13	3	8	3	1	1	0	0	40	0	0
53	0	255927	7	13	2	7	3	1	1	0	0	52	0	0
32	0	100734	1	9	0	8	2	1	1	0	0	50	0	0
52	1	266433	3	10	2	9	3	1	1	0	0	40	0	0
31	0	158672	0	7	4	4	2	1	0	0	0	38	12	0
35	0	102268	13	8	3	2	5	1	0	0	0	40	0	0
49	3	228399	1	9	3	0	3	0	1	0	0	40	0	0
28	0	298510	2	12	0	7	0	1	0	0	0	40	0	0
75	6	126225	1	9	1	8	1	1	0	0	0	40	0	1
43	0	228456	2	12	3	8	2	0	0	0	0	40	0	0
22	6	437161	1	9	0	7	3	0	1	0	0	40	0	0
43	4	183608	1	9	3	7	2	0	1	0	0	40	0	0
40	1	174395	7	13	1	8	1	1	0	0	0	60	0	1
29	0	221366	3	10	0	12	2	1	0	0	0	40	0	0
21	0	421010	0	7	1	6	1	1	0	0	0	60	0	0
44	0	245333	11	11	0	5	2	0	0	0	0	40	0	0
33	1	352277	3	10	1	7	1	1	0	3103	0	45	0	1
38	0	29874	7	13	0	10	2	1	0	0	0	48	0	1
29	0	77322	1	9	0	4	2	1	1	0	0	32	0	0
34	0	260560	1	9	1	6	1	1	0	0	0	55	0	1
27	6	217848	13	8	1	7	1	1	0	0	0	40	0	1
20	0	283731	1	9	0	6	2	1	0	0	0	40	0	0
35	5	190759	8	14	0	7	2	1	0	0	0	40	0	0
59	5	109567	3	10	1	8	1	1	0	0	0	40	0	1
19	3	209826	3	10	0	1	0	1	1	0	0	32	0	0
27	0	232801	4	6	3	0	5	1	1	0	0	40	0	0
41	0	154374	7	13	1	8	1	1	0	0	1887	50	0	1
35	6	126738	2	12	0	1	0	1	0	0	0	50	0	0
26	0	202156	1	9	1	4	0	1	1	0	0	30	0	0
32	0	195447	7	13	1	8	1	1	0	0	0	55	0	1
23	2	113301	0	7	4	3	2	1	1	0	0	35	0	0
23	0	189203	11	11	0	7	2	1	0	0	0	50	0	0
21	0	223019	1	9	0	4	0	1	1	0	0	30	0	0
58	0	195878	1	9	1	8	1	1	0	0	0	24	22	0
58	0	163150	1	9	2	11	2	1	1	0	0	28	0	0
19	3	139278	1	9	0	10	0	1	0	0	0	20	0	0
29	0	196494	3	10	3	13	3	1	1	0	0	36	0	0
25	4	303704	2	12	3	7	2	1	1	0	0	40	0	0
29	0	304082	2	12	0	5	2	1	0	0	0	40	2	0
18	0	106943	0	7	0	10	0	1	1	0	0	12	0	0
23	0	220993	3	10	0	4	0	1	0	0	0	35	0	0
52	0	83984	3	10	1	10	0	1	1	0	0	40	0	0
23	5	340605	7	13	0	7	2	1	1	0	0	12	0	0
18	0	379710	1	9	0	10	0	1	1	0	0	20	0	0
39	0	145933	7	13	1	6	1	1	0	15024	0	55	0	1
34	3	208068	12	5	1	6	1	3	0	0	0	40	3	0
39	0	172718	3	10	3	10	3	1	1	0	0	40	0	0
30	0	53285	11	11	1	0	1	1	0	0	0	40	0	0
50	0	139793	3	10	3	7	3	1	1	3418	0	38	0	0
68	2	365350	10	3	5	3	2	1	0	0	0	30	0	0
32	0	144064	1	9	0	7	3	1	0	0	0	40	0	0
29	0	182676	4	6	0	4	0	1	1	0	0	38	4	0
29	0	108574	1	9	3	4	2	1	1	0	0	30	0	0
31	3	163845	1	9	3	4	3	1	1	0	0	40	0	0
25	0	344804	10	3	5	13	5	1	0	0	0	40	4	0
30	5	252818	3	10	0	5	2	1	1	0	0	40	0	0
56	1	114231	4	6	2	4	3	1	1	0	0	25	0	0
42	0	111895	3	10	1	6	1	1	0	0	1887	40	0	1
52	0	128814	3	10	3	4	3	1	1	0	0	50	0	0
37	0	168941	8	14	1	8	1	1	0	0	0	55	0	1
27	0	212578	3	10	0	4	0	1	0	0	1721	20	0	0
32	2	251120	3	10	0	3	5	1	0	0	0	40	0	0
19	0	192773	1	9	0	4	0	1	1	0	0	24	0	0
37	5	180667	1	9	1	2	1	1	0	0	0	40	0	0
46	0	186172	1	9	1	6	1	1	0	0	0	50	0	1
33	0	309590	1	9	0	4	2	0	0	0	0	40	32	0
40	0	34178	3	10	3	6	3	1	0	0	0	40	0	1
44	0	103759	7	13	1	9	1	1	0	0	0	40	0	1
34	5	137900	7	13	0	5	2	1	1	0	0	48	0	1
60	0	223911	3	10	5	7	3	0	1	0	0	40	0	0
48	0	55720	3	10	1	12	1	1	0	2407	0	40	0	0
39	0	123535	0	7	1	4	1	3	0	0	0	40	3	0
24	0	479296	12	5	0	10	0	1	0	0	0	48	0	0
65	2	263125	6	4	1	3	1	1	0	2290	0	27	0	0
63	2	174817	1	9	1	3	1	1	0	0	0	32	0	0
28	0	134890	1	9	1	6	1	1	0	0	0	40	0	1
33	0	183887	1	9	1	6	1	0	0	0	1902	46	0	1
28	0	55360	1	9	0	10	5	0	0	0	0	40	0	0
34	0	113211	2	12	1	5	4	1	1	0	0	45	0	1
25	0	224203	0	7	1	6	1	3	0	0	0	40	0	0
74	2	132112	1	9	1	3	1	1	0	0	0	48	0	0
28	0	113635	13	8	0	6	2	1	0	0	0	40	0	0
23	0	52262	11	11	1	6	1	1	0	0	0	40	0	0
25	1	202300	3	10	0	7	0	1	1	0	0	40	0	0
19	0	307761	1	9	0	10	0	1	0	0	0	15	0	0
48	0	324655	7	13	0	5	2	1	0	0	0	40	0	0
60	0	23336	8	14	3	10	2	1	0	0	0	50	0	0
26	0	206199	0	7	0	12	2	0	0	0	0	40	0	0
38	4	365430	1	9	3	6	3	1	0	0	0	40	0	0
53	0	42740	3	10	4	4	0	1	1	0	0	39	0	0
30	0	160594	1	9	1	6	1	1	0	0	0	40	0	0
53	6	202069	3	10	1	8	4	0	1	0	0	30	0	0
22	2	142875	4	6	0	3	5	1	0	0	0	40	0	0
41	6	60414	7	13	1	8	1	1	0	0	0	99	0	1
42	0	340885	1	9	0	6	2	1	0	0	0	50	0	0
22	0	194096	7	13	0	4	0	1	1	0	0	20	0	0
27	5	222506	7	13	0	5	2	0	1	0	0	60	0	0
44	0	55191	5	15	0	5	2	0	1	0	0	40	0	0
58	0	88572	1	9	3	7	3	1	1	0	0	45	0	0
28	0	216757	9	16	0	5	0	1	0	0	0	30	0	0
48	0	57534	3	10	1	0	1	1	0	0	0	40	0	0
43	2	96321	1	9	1	3	1	1	0	0	0	40	0	1
41	3	201908	3	10	1	6	1	1	0	0	0	40	0	0
50	1	237868	8	14	1	5	1	1	0	0	0	40	0	0
46	0	285570	1	9	1	6	1	1	0	0	0	40	0	0
35	0	187625	3	10	1	10	4	1	1	0	0	40	0	1
24	0	376755	3	10	0	4	3	1	1	0	0	20	0	0
56	1	137078	8	14	1	5	1	1	0	0	0	40	0	0
42	0	175943	7	13	0	7	0	1	1	0	0	35	0	0
27	0	211208	0	7	4	10	2	1	0	0	0	40	0	0
35	0	105821	11	11	1	7	1	1	0	0	0	36	0	0
49	0	205694	1	9	0	4	0	1	1	0	0	40	25	0
39	0	148485	3	10	1	6	1	1	0	0	0	50	0	0
28	0	142264	11	11	0	4	2	1	0	0	0	40	0	0
45	3	125892	1	9	1	8	1	1	0	0	0	50	0	0
66	0	250226	1	9	2	10	2	1	1	0	0	16	0	0
19	0	300679	3	10	0	6	0	1	1	0	0	40	0	0
18	0	112626	3	10	0	11	0	1	1	0	0	15	0	0
47	0	153883	7	13	1	5	1	0	0	7688	0	45	0	1
48	0	103648	11	11	3	9	3	1	1	0	0	41	0	0
26	5	162487	7	13	0	5	2	1	0	0	0	20	1	0
49	1	331650	8	14	3	5	3	1	1	9562	0	32	0	1
50	6	171338	8	14	1	10	1	1	0	15024	0	40	0	1
47	3	178319	5	15	1	5	1	1	0	0	1902	42	0	1
30	0	217460	7	13	1	5	1	1	0	0	0	40	0	0
44	3	182653	3	10	0	6	2	1	0	0	0	20	0	0
70	2	152837	1	9	2	3	3	1	1	0	0	20	0	0
47	0	459189	1	9	1	12	1	1	0	0	0	40	0	1
52	0	87858	1	9	1	13	1	0	0	0	0	40	0	1
32	0	125279	1	9	3	6	3	1	0	0	0	99	0	0
39	3	169542	3	10	1	6	1	1	0	5178	0	40	0	1
47	0	363418	7	13	1	8	1	1	0	0	0	45	21	1
42	0	198282	1	9	1	4	1	1	0	0	0	40	0	0
33	0	104620	8	14	1	9	4	1	1	0	0	15	0	0
29	0	176137	1	9	3	7	3	1	1	0	0	40	0	0
27	2	168347	1	9	4	3	3	0	1	0	0	40	0	0
40	0	191814	7	13	1	8	1	1	0	0	1902	40	0	1
42	1	150533	8	14	1	2	1	1	0	7688	0	35	0	1
28	0	115677	3	10	1	0	1	1	0	0	1902	40	0	1
19	0	182590	1	9	0	4	0	1	1	0	0	40	0	0
30	0	239648	3	10	0	0	3	2	0	0	0	40	18	0
71	0	139031	1	9	2	5	2	1	1	0	0	40	0	0
53	4	141340	1	9	1	12	1	1	0	0	0	40	0	1
64	0	170645	10	3	1	0	1	1	0	2105	0	40	0	0
44	1	241506	8	14	3	5	3	1	1	0	0	50	0	0
72	0	163921	3	10	2	7	3	0	1	0	0	20	0	0
64	3	104958	6	4	1	6	1	1	0	0	0	70	0	0
51	0	144284	1	9	1	12	1	1	0	0	0	40	0	0
51	3	181139	3	10	1	10	1	1	0	0	0	40	0	1
55	0	209962	1	9	1	10	1	1	0	0	0	35	0	0
34	0	87218	7	13	1	5	1	1	0	0	0	45	0	1
36	0	182189	3	10	0	6	2	1	0	0	0	40	0	0
20	0	196337	3	10	0	10	0	1	0	0	0	35	0	0
25	0	238605	1	9	0	10	0	1	1	0	0	25	0	0
40	0	106501	1	9	1	12	1	1	0	2829	0	50	0	0
24	0	172169	1	9	1	13	1	1	0	0	0	50	0	0
39	0	242922	1	9	0	9	2	0	0	0	0	35	0	0
56	0	257555	8	14	1	5	1	1	0	0	0	40	0	1
25	0	192302	7	13	0	8	2	1	1	0	0	60	0	0
38	6	115487	3	10	3	8	2	1	0	0	0	45	0	0
22	0	70160	3	10	0	13	2	1	0	0	0	40	0	0
29	0	410351	2	12	1	6	1	1	0	0	0	43	0	0
25	0	236421	13	8	0	4	0	0	0	0	0	40	0	0
36	0	196662	3	10	0	12	2	1	0	0	0	50	12	0
50	3	203004	1	9	3	8	2	1	1	99999	0	60	0	1
22	0	200819	1	9	1	12	1	1	0	0	0	40	0	0
19	0	222866	4	6	0	1	5	1	0	0	0	40	0	0
20	0	204160	3	10	0	10	0	1	1	0	0	12	0	0
54	0	141707	8	14	1	5	1	0	0	0	0	40	0	1
32	0	123157	7	13	1	9	1	1	0	0	0	30	1	0
28	0	219863	2	12	1	0	1	1	0	0	0	40	0	0
44	2	29841	1	9	3	3	3	1	1	0	0	50	0	0
59	0	35723	7	13	1	1	1	1	0	99999	0	40	0	1
52	0	163948	12	5	1	1	1	1	0	0	0	60	0	1
19	2	255117	3	10	0	3	2	1	1	0	0	30	0	0
39	0	100032	1	9	1	2	4	1	1	0	0	15	0	1
22	0	33087	1	9	1	0	1	1	0	0	0	45	0	0
24	2	324469	3	10	0	3	2	1	1	0	0	38	0	0
57	0	337001	8	14	1	8	1	1	0	0	0	45	0	1
18	0	151747	0	7	0	4	0	1	0	0	0	40	0	0
31	1	85057	3	10	1	7	4	4	1	0	0	40	0	1
25	0	257910	7	13	0	5	2	1	0	0	0	45	0	0
37	0	94331	13	8	3	0	3	1	1	0	0	40	0	0
26	0	250261	14	2	0	13	2	1	0	0	0	55	4	0
32	0	97359	1	9	0	6	0	1	0	0	0	40	0	0
53	5	121294	6	4	5	4	3	1	1	0	0	45	19	0
49	6	211020	9	16	1	5	1	1	0	15024	0	50	0	1
34	2	165295	6	4	4	3	3	1	1	0	0	40	4	0
65	6	116057	1	9	3	10	2	1	1	6723	0	40	0	0
52	0	469005	7	13	3	8	2	1	0	0	0	40	4	0
30	1	197886	1	9	1	6	1	1	0	0	0	40	0	0
40	0	379917	11	11	0	12	2	1	0	0	0	32	0	0
28	0	30912	2	12	0	0	2	1	0	0	0	40	0	0
28	0	206889	1	9	3	6	2	1	0	0	0	40	0	0
45	3	87490	5	15	1	5	1	1	0	0	1977	50	0	1
40	1	241851	5	15	1	8	1	1	0	0	0	50	0	1
42	0	155899	2	12	1	10	1	1	0	0	0	45	0	0
25	4	253135	7	13	0	8	2	1	1	0	0	40	1	0
77	1	120408	3	10	1	2	1	1	0	0	0	20	0	0
64	0	77884	11	11	1	10	1	2	0	0	0	40	8	0
43	0	162887	3	10	1	8	1	0	0	0	0	40	0	1
30	0	154843	8	14	0	5	2	1	0	0	0	40	17	0
43	1	115511	3	10	1	1	1	1	0	0	2002	40	0	0
40	0	121492	3	10	0	0	2	0	0	0	0	48	0	0
31	0	103596	1	9	1	10	1	1	0	0	0	55	0	1
25	0	457070	6	4	3	6	0	1	0	0	0	45	0	0
19	0	73461	1	9	0	9	2	0	0	0	0	40	0	0
41	6	153078	1	9	1	8	1	2	0	0	1887	70	14	1
51	0	194788	4	6	3	7	5	1	1	0	0	30	0	0
31	3	203181	4	6	1	6	1	1	0	0	0	35	0	0
35	0	230279	1	9	0	0	3	1	1	0	0	40	0	0
52	0	89041	7	13	1	10	1	1	0	0	0	40	0	1
41	5	92717	3	10	0	7	3	0	1	0	1504	40	0	0
27	0	257033	1	9	0	13	2	0	0	0	0	60	0	0
40	0	145166	1	9	1	6	1	1	0	4064	0	40	0	0
38	0	20308	1	9	1	7	1	1	0	0	0	40	0	1
34	2	203784	0	7	1	3	1	1	0	0	0	40	0	0
27	0	38353	1	9	3	6	2	1	0	0	0	40	0	0
25	0	133373	7	13	0	10	0	1	0	0	0	40	0	1
60	2	167978	1	9	0	3	2	1	1	0	0	40	0	0
20	0	166302	1	9	0	10	0	1	1	0	0	20	0	0
17	0	333304	1	9	0	4	0	1	1	0	0	40	0	0
31	1	265706	7	13	0	2	2	1	0	4650	0	40	0	0
65	3	111916	5	15	1	8	1	1	0	0	0	10	0	1
62	5	213700	9	16	3	5	2	1	0	0	0	50	0	0
39	0	276559	8	14	0	5	2	1	0	0	2444	45	0	1
36	0	36989	3	10	1	10	1	1	0	0	0	40	0	0
59	0	181566	1	9	1	6	1	1	0	4508	0	40	0	0
23	0	202920	11	11	0	7	0	1	1	0	0	40	7	0
32	3	24529	3	10	0	6	2	1	0	0	0	50	0	1
22	0	137320	1	9	0	6	2	0	0	0	0	40	0	0
66	2	106791	1	9	2	3	3	1	1	0	0	40	0	0
28	0	160510	3	10	1	7	1	1	0	0	0	50	0	1
34	2	112584	1	9	4	3	3	1	1	0	0	40	0	0
19	0	233779	1	9	0	6	0	1	0	0	0	40	0	0
54	5	276005	5	15	1	5	1	1	0	0	0	40	0	1
36	6	192251	3	10	1	10	4	1	1	0	1902	15	0	1
70	2	308689	10	3	1	3	1	0	0	0	0	40	22	0
50	0	274528	1	9	3	6	5	1	0	0	0	40	0	0
17	0	23856	0	7	0	8	0	1	1	0	0	20	0	0
53	0	175220	7	13	1	10	1	2	0	7688	0	48	23	1
41	3	233150	11	11	1	10	1	1	0	0	0	55	0	0
26	0	153169	4	6	1	13	1	1	0	0	0	40	0	0
59	4	298449	3	10	1	7	1	1	0	0	0	43	0	0
17	0	188949	0	7	0	12	2	1	0	0	0	40	0	0
30	0	157911	3	10	1	7	4	1	1	0	0	40	0	1
33	0	243330	1	9	1	0	1	1	0	0	0	55	0	0
40	0	271343	3	10	4	9	0	1	1	0	0	32	0	0
48	0	45564	11	11	3	5	2	1	0	4650	0	50	0	0
47	0	262043	7	13	5	7	2	1	1	0	0	40	0	0
38	0	103323	1	9	3	0	2	1	0	0	0	40	0	0
30	3	96480	8	14	1	5	4	1	1	0	0	60	0	1
47	0	154117	1	9	4	6	5	1	1	0	0	40	0	0
41	0	151856	1	9	1	2	1	1	0	0	0	40	0	0
20	0	132053	1	9	0	7	5	1	1	0	1719	40	0	0
29	0	199118	3	10	0	7	2	1	1	0	0	40	3	0
36	3	119272	1	9	1	8	1	1	0	0	0	38	0	0
18	0	209792	3	10	0	4	0	1	1	0	0	40	0	0
35	0	185084	1	9	1	13	1	1	0	0	0	48	0	1
41	0	230931	1	9	0	4	3	1	1	0	0	40	12	0
23	0	162282	1	9	0	0	0	1	0	0	0	40	0	0
39	3	185366	2	12	1	6	1	1	0	0	0	35	0	1
46	0	93557	3	10	1	7	1	1	0	0	0	40	0	0
45	0	160428	2	12	3	5	3	1	1	0	0	43	0	0
53	0	159650	6	4	1	6	1	1	0	0	0	40	0	0
54	1	137678	1	9	3	4	2	1	1	0	0	30	0	0
48	3	56841	3	10	3	12	2	1	0	0	0	40	0	0
32	3	33124	7	13	0	6	2	1	1	0	0	35	0	0
31	0	219117	3	10	3	8	3	1	1	5455	0	60	0	0
43	0	208045	8	14	0	5	2	1	0	0	0	40	0	1
43	0	128578	1	9	1	10	1	1	0	7688	0	60	0	1
28	0	351731	1	9	3	6	3	1	0	0	0	50	0	0
46	0	201694	2	12	4	8	3	1	1	0	0	40	0	0
34	0	205152	1	9	1	13	1	1	0	0	0	40	0	0
73	2	30713	1	9	1	3	1	1	0	0	0	10	0	0
25	0	190107	7	13	0	5	2	1	0	0	0	35	0	0
23	4	244480	3	10	0	7	3	1	1	0	0	15	0	0
32	0	347112	7	13	0	8	2	1	1	0	0	45	0	0
37	4	106297	1	9	3	13	3	1	0	0	0	40	0	0
36	0	128516	1	9	3	4	2	1	1	0	0	20	0	0
27	0	55950	3	10	0	8	2	0	1	0	0	40	0	0
29	0	324505	3	10	4	7	2	1	0	0	0	40	0	0
42	0	130760	3	10	1	0	1	1	0	0	0	40	0	0
24	1	174413	7	13	0	5	2	1	1	0	1974	40	0	0
29	2	20877	3	10	0	3	3	1	1	0	0	35	0	0
22	0	144238	0	7	0	1	0	1	1	0	0	38	0	0
47	0	193047	9	16	1	10	1	1	0	0	0	60	0	0
43	0	300099	3	10	0	4	2	1	1	0	0	40	0	0
65	2	369902	1	9	2	3	2	1	1	0	0	8	0	0
56	3	42166	7	13	1	4	1	1	0	0	0	40	0	0
54	0	171924	1	9	1	10	1	1	0	0	0	50	25	1
50	0	201984	1	9	3	0	3	1	0	0	0	40	0	0
29	0	306420	1	9	1	6	1	1	0	0	0	45	0	1
32	3	46746	3	10	1	1	1	1	0	0	0	65	0	0
37	0	185325	1	9	1	6	1	1	0	0	0	44	0	0
30	0	201697	7	13	0	4	2	1	0	0	0	40	0	0
30	0	181372	7	13	1	5	4	1	1	0	0	40	0	1
39	0	112077	1	9	1	6	1	1	0	0	0	40	0	0
23	0	370057	1	9	3	7	2	1	1	0	0	40	0	0
32	0	72591	1	9	1	6	1	1	0	0	0	40	0	0
37	1	105803	8	14	1	8	1	1	0	0	0	40	0	1
20	0	198478	1	9	0	1	5	1	0	0	0	40	0	0
33	0	119017	3	10	3	7	3	1	1	0	0	50	0	0
42	0	138872	1	9	1	12	1	1	0	0	0	99	0	0
56	4	97213	7	13	0	7	2	1	1	0	0	60	0	0
40	0	36556	9	16	1	5	1	1	0	0	0	55	0	0
38	5	200904	4	6	4	7	3	0	1	0	0	40	0	0
49	0	186256	3	10	1	5	1	1	0	5013	0	30	0	0
18	0	115815	3	10	0	4	0	1	0	0	0	20	21	0
42	0	308770	3	10	1	7	1	0	0	0	0	40	0	1
25	1	187792	3	10	3	2	2	1	1	0	0	40	0	0
38	0	233571	3	10	1	9	4	1	1	0	1902	40	0	1
26	0	131913	7	13	0	0	2	0	1	0	0	40	0	0
26	0	31558	7	13	1	5	1	1	0	0	0	90	0	1
33	0	255004	1	9	0	12	2	1	0	2354	0	61	0	0
25	1	315287	3	10	0	2	5	0	0	0	0	40	38	0
18	0	182545	1	9	0	0	0	0	0	0	0	40	0	0
59	0	750972	1	9	1	0	1	1	0	0	0	40	0	0
69	3	505365	3	10	1	10	1	1	0	6514	0	45	0	1
22	1	177475	7	13	0	5	2	1	1	0	0	40	0	0
40	0	203761	0	7	1	13	1	1	0	0	0	40	0	0
40	3	36104	3	10	1	6	1	1	0	0	0	40	0	0
33	6	179708	3	10	1	6	1	1	0	0	0	40	0	0
51	6	77392	4	6	1	1	1	1	0	0	0	60	0	1
73	2	86709	3	10	0	3	2	2	0	0	0	38	0	0
59	1	173992	1	9	4	7	3	1	1	0	0	35	0	0
20	0	119665	1	9	0	6	0	1	0	0	0	40	0	0
37	0	188391	2	12	0	9	2	1	0	0	0	46	0	0
51	0	326005	1	9	1	8	1	1	0	0	0	40	21	1
24	0	203203	7	13	0	10	2	1	1	0	0	25	0	0
59	0	64102	4	6	1	13	1	1	0	0	0	40	0	0
21	0	169188	1	9	0	0	0	1	1	0	0	35	0	0
45	0	385793	10	3	1	6	1	3	0	0	0	40	4	0
25	0	390537	3	10	0	10	3	1	1	0	0	25	11	0
29	0	115677	0	7	0	0	0	1	0	0	0	42	0	0
22	0	230248	2	12	0	7	5	1	1	0	0	40	0	0
66	2	59056	4	6	1	3	4	1	1	0	0	40	0	0
72	0	108038	8	14	3	5	2	1	0	0	0	60	22	1
39	1	282461	11	11	1	2	1	1	0	0	0	40	0	1
36	0	184659	1	9	1	6	1	1	0	7298	0	40	0	1
65	0	182470	11	11	5	6	2	1	0	0	0	20	0	0
63	0	458609	1	9	3	10	2	1	1	3674	0	30	0	0
58	0	104476	3	10	4	7	2	1	1	0	1092	40	0	0
27	0	200802	11	11	4	7	0	1	1	0	0	40	0	0
58	0	170608	4	6	4	2	2	1	1	0	0	40	0	0
52	0	197322	3	10	1	6	1	1	0	0	0	40	0	0
37	0	118358	3	10	1	6	1	1	0	0	0	40	0	1
21	2	520231	3	10	0	3	0	1	1	0	0	40	0	0
61	3	198017	1	9	1	10	1	1	0	0	0	50	1	0
29	0	131045	11	11	4	7	3	1	1	0	0	40	0	0
19	2	272166	3	10	0	3	0	1	0	0	1602	30	0	0
30	0	110083	11	11	0	6	2	1	1	0	0	40	0	0
32	0	335569	1	9	1	6	1	1	0	0	0	40	0	0
47	0	167159	1	9	1	13	1	1	0	0	0	40	0	1
50	0	170326	1	9	3	0	2	1	1	0	0	40	0	0
39	0	319052	7	13	1	13	4	2	1	0	0	37	8	0
57	0	174662	1	9	1	6	1	1	0	0	0	40	0	0
40	0	110732	1	9	0	7	0	1	1	0	0	50	0	0
27	4	409815	3	10	3	7	5	0	1	0	0	50	0	0
28	0	79874	3	10	0	4	2	1	0	0	0	37	0	0
49	0	116641	7	13	1	8	4	1	1	15024	0	35	0	1
33	0	87209	1	9	3	6	2	1	0	0	0	45	0	0
64	1	152172	4	6	1	0	4	1	0	0	0	40	1	0
46	3	142222	3	10	4	8	3	1	1	1151	0	60	0	0
50	1	120521	3	10	1	8	1	4	0	0	0	50	0	1
43	3	247752	8	14	1	10	1	1	0	0	0	60	0	0
26	0	34161	3	10	0	4	3	1	1	0	0	40	0	0
33	0	589155	3	10	1	0	1	1	0	0	0	50	0	0
50	0	149784	3	10	1	6	1	1	0	0	0	40	0	0
38	0	402522	14	2	3	1	3	1	0	0	0	40	9	0
28	0	228346	7	13	1	8	1	1	0	0	0	50	0	0
21	0	415755	3	10	0	4	0	1	0	0	0	40	0	0
38	0	289653	7	13	3	10	3	1	0	0	0	45	0	1
17	0	165018	4	6	0	10	0	1	1	0	0	10	0	0
19	0	322866	1	9	0	4	0	0	1	0	0	40	0	0
45	3	244813	5	15	1	5	1	1	0	0	0	38	0	1
27	0	538193	0	7	0	5	2	2	1	0	0	50	0	0
45	0	256367	13	8	3	1	2	0	0	0	0	40	0	0
46	0	95864	3	10	3	4	3	1	1	0	0	40	0	0
57	3	291167	3	10	1	6	1	1	0	0	0	40	0	0
39	0	126569	1	9	0	6	2	1	0	0	0	40	19	0
34	0	128016	7	13	1	5	4	1	1	99999	0	40	0	1
18	2	323584	3	10	0	3	0	1	0	0	0	10	0	0
65	2	115431	3	10	1	3	1	1	0	0	0	20	0	0
26	0	246156	4	6	0	6	5	1	0	0	0	24	29	0
44	0	346081	1	9	3	5	2	1	0	0	0	40	0	1
38	1	156383	3	10	0	2	3	0	1	0	0	40	0	0
49	0	151267	11	11	3	5	3	0	1	0	0	40	0	0
41	1	249039	1	9	4	7	3	1	1	0	0	40	0	0
52	4	157454	1	9	0	0	2	1	1	0	0	40	0	0
30	0	143540	12	5	1	1	1	1	0	0	0	40	0	0
72	5	120733	6	4	2	4	3	0	1	0	0	40	0	0
48	0	344381	7	13	1	5	1	2	0	0	0	42	0	1
32	0	149787	11	11	1	6	1	1	0	0	0	50	0	1
22	0	268525	7	13	0	5	2	1	0	0	0	50	0	0
24	0	396099	3	10	0	13	2	1	1	0	0	35	0	0
24	0	221442	3	10	3	4	2	1	1	0	0	36	0	0
55	0	115198	12	5	1	12	4	1	1	0	0	48	0	0
48	4	102359	1	9	1	7	1	1	0	0	0	40	0	0
42	1	298885	1	9	3	8	3	1	0	0	0	40	0	0
34	0	93213	8	14	1	4	1	1	0	0	0	30	0	0
40	0	130760	1	9	1	8	1	1	0	0	0	42	0	0
29	2	236834	3	10	3	3	0	1	1	0	0	15	0	0
39	6	31709	3	10	1	7	4	1	1	0	0	20	0	1
45	0	192053	7	13	1	6	1	1	0	0	0	50	0	0
21	0	95918	3	10	0	7	0	1	0	0	0	43	7	0
36	6	132879	8	14	1	9	1	1	0	0	1887	40	0	1
28	0	64940	1	9	0	13	0	1	1	0	0	40	0	0
57	0	106910	1	9	3	7	3	2	1	0	0	40	0	0
22	0	210474	2	12	0	7	2	1	1	0	0	40	0	0
31	1	393965	1	9	3	7	2	1	1	0	0	8	0	0
23	1	117789	11	11	0	5	2	1	1	0	0	50	0	0
35	3	134498	3	10	0	8	0	1	0	0	0	45	0	1
28	0	212068	7	13	0	10	2	1	0	0	1980	40	0	0
27	0	169544	3	10	1	0	1	1	0	0	0	50	0	0
76	2	32995	6	4	1	3	1	1	0	0	0	5	0	0
37	0	261241	3	10	1	9	1	1	0	0	1485	50	0	0
43	0	145784	1	9	0	4	5	2	1	0	0	40	1	0
33	0	252646	8	14	1	8	1	1	0	0	0	55	0	1
56	0	161944	1	9	1	0	1	1	0	0	0	40	0	0
50	6	249644	1	9	1	8	1	1	0	0	0	50	0	1
35	0	195081	1	9	0	10	3	0	1	0	0	40	0	0
36	0	428251	7	13	0	9	0	1	0	0	0	40	0	0
59	3	198145	5	15	1	5	1	1	0	0	0	35	0	1
42	0	348059	9	16	3	8	2	1	0	0	0	60	0	0
21	0	43587	3	10	0	10	0	1	1	0	0	30	0	0
24	0	318612	3	10	0	8	2	1	0	0	1504	40	0	0
17	2	235661	4	6	0	3	0	1	1	0	0	30	0	0
29	0	129528	7	13	0	5	2	1	1	0	0	40	0	0
61	0	200427	9	16	1	5	1	1	0	0	0	40	0	1
35	0	188243	1	9	3	0	3	1	1	0	0	48	0	0
56	3	306633	11	11	1	5	1	1	0	0	0	40	0	0
44	3	85019	7	13	1	6	1	2	0	0	0	40	1	1
22	2	356286	1	9	0	3	0	0	0	0	0	10	0	0
45	0	102771	1	9	1	8	1	1	0	0	0	40	0	1
40	1	34739	3	10	1	8	4	1	1	0	0	36	0	0
22	2	201959	1	9	0	3	0	0	0	0	0	40	0	0
28	0	126743	10	3	0	4	5	1	0	2176	0	52	4	0
46	1	85341	8	14	1	5	1	1	0	0	0	56	0	0
57	0	275943	1	9	1	1	1	1	0	0	0	40	0	0
41	0	82823	1	9	1	7	4	1	1	5013	0	30	0	0
30	0	183388	1	9	4	7	3	1	1	0	0	40	0	0
21	0	116489	3	10	0	5	0	1	1	0	0	40	0	0
62	3	215789	8	14	1	8	1	1	0	0	1977	50	0	1
19	0	365871	3	10	0	12	0	1	0	0	0	32	0	0
63	1	199275	1	9	0	8	2	1	1	8614	0	38	0	1
39	3	34111	1	9	1	1	1	1	0	0	0	70	0	0
72	2	314567	3	10	2	3	2	1	1	0	0	8	0	0
40	6	102576	8	14	1	5	1	0	0	0	0	55	38	0
27	0	103524	1	9	0	13	3	1	0	0	0	35	0	0
47	3	114222	2	12	1	8	1	1	0	0	0	25	0	0
28	0	246933	1	9	0	10	0	1	0	0	0	40	0	0
27	0	107812	3	10	1	10	1	1	0	0	0	40	0	0
26	3	109162	1	9	1	8	1	1	0	0	0	25	0	0
59	0	112798	1	9	3	5	3	1	1	0	0	60	0	0
33	0	30612	3	10	1	10	1	1	0	0	0	40	0	0
35	0	105994	0	7	0	0	2	1	1	0	0	40	0	0
57	0	113090	1	9	1	7	1	1	0	0	0	40	0	1
30	0	26252	2	12	0	7	3	4	1	0	0	40	0	0
31	0	49469	8	14	0	8	2	1	0	0	0	55	0	1
24	0	172169	3	10	0	13	3	1	0	0	0	30	0	0
36	0	151029	6	4	1	1	1	1	0	0	0	55	0	0
46	0	134242	3	10	3	8	2	1	1	0	0	40	0	0
38	5	87282	11	11	0	7	3	2	1	0	0	40	0	0
19	0	84250	3	10	0	5	0	1	1	0	0	15	0	0
33	0	76107	1	9	1	8	1	1	0	4386	0	60	0	1
59	6	36085	5	15	1	5	1	1	0	15024	0	60	0	1
32	0	220333	1	9	1	6	1	1	0	7298	0	46	0	1
58	0	105363	1	9	1	0	1	1	0	0	0	40	26	0
19	0	198668	13	8	0	6	0	1	0	0	0	47	0	0
43	0	157473	1	9	0	10	2	1	1	0	0	40	0	0
20	0	126568	1	9	0	6	2	1	0	0	0	40	0	0
56	6	220896	1	9	1	8	1	1	0	0	0	40	0	1
57	4	236048	1	9	3	7	3	1	1	0	0	40	0	0
42	0	34218	5	15	3	5	2	1	0	99999	0	80	0	1
62	0	155915	4	6	1	0	1	1	0	0	0	40	0	0
37	0	139684	1	9	3	0	2	1	0	0	0	45	0	0
34	0	23778	7	13	3	6	3	1	0	0	0	40	0	0
24	0	236804	3	10	3	10	2	1	0	0	0	40	0	0
78	0	454321	14	2	2	13	5	1	0	0	0	20	28	0
43	0	229148	7	13	0	7	2	0	0	0	0	50	39	0
60	1	119986	1	9	1	4	1	1	0	0	0	40	0	0
39	1	455399	1	9	1	2	1	0	0	15024	0	40	0	1
21	0	301694	1	9	0	6	2	1	0	0	0	35	4	0
64	2	155142	1	9	2	3	2	0	0	0	0	20	0	0
27	0	259652	7	13	0	8	2	1	1	0	0	40	0	0
44	5	156642	1	9	3	5	2	1	1	0	0	39	0	0
37	0	94208	14	2	3	4	3	1	1	0	0	35	4	0
31	0	117719	1	9	1	4	1	1	0	0	0	40	26	0
27	1	100817	7	13	1	5	4	4	1	0	0	40	0	0
31	0	144990	1	9	5	0	3	0	1	0	0	40	0	0
37	6	198841	7	13	1	10	1	1	0	0	0	50	0	1
43	0	223881	7	13	1	9	1	1	0	7298	0	40	0	1
18	0	264017	3	10	0	4	0	1	0	0	0	16	25	0
23	5	26842	11	11	6	7	4	1	1	0	0	30	0	0
40	0	477345	6	4	1	13	1	1	0	0	2057	40	4	0
22	0	267412	15	1	0	4	0	0	1	594	0	20	32	0
61	6	190610	7	13	1	10	1	1	0	0	0	45	0	1
63	0	281237	3	10	2	8	2	1	1	0	0	40	0	0
59	0	254593	7	13	1	10	1	1	0	0	0	55	0	1
33	0	159187	3	10	1	0	1	1	0	0	0	54	0	1
51	5	200450	1	9	1	4	1	1	0	0	0	40	0	1
38	1	140854	1	9	1	2	1	1	0	0	0	40	0	1
52	0	242517	1	9	1	7	4	1	1	7688	0	40	0	1
47	3	294671	1	9	1	10	1	1	0	0	0	55	0	1
20	5	68358	3	10	0	7	0	1	1	0	0	10	0	0
53	0	107096	7	13	0	10	3	1	0	0	1669	50	0	0
43	0	244419	1	9	0	0	3	0	1	0	0	40	0	0
26	3	195636	4	6	0	8	2	1	0	0	0	75	0	1
39	0	368586	1	9	3	12	2	1	1	0	0	37	12	0
30	0	215808	1	9	4	13	2	1	0	0	0	60	0	0
45	0	165822	7	13	1	8	1	1	0	0	0	50	0	1
25	0	193379	1	9	0	12	2	1	0	0	0	40	0	0
45	0	120121	7	13	1	10	1	1	0	0	0	50	0	0
25	1	311603	7	13	0	5	2	1	1	0	0	55	0	0
48	0	323798	2	12	1	5	1	1	0	0	1902	38	0	1
32	0	253890	1	9	1	6	1	1	0	0	0	40	0	0
67	2	105252	3	10	1	3	1	1	0	0	0	20	0	0
37	0	220696	1	9	1	7	1	1	0	0	0	40	0	0
51	0	194097	3	10	1	8	4	1	1	0	0	30	0	1
28	0	181291	3	10	1	4	0	1	1	7688	0	40	0	1
28	0	258594	7	13	0	4	2	1	1	0	0	50	0	0
28	0	138976	1	9	0	6	2	0	0	0	0	48	0	0
22	0	81145	1	9	0	4	3	1	1	0	0	40	0	0
32	0	250853	11	11	3	7	2	1	0	0	0	40	0	0
35	2	365739	3	10	0	3	0	1	0	0	0	40	0	0
32	0	257863	7	13	0	7	2	1	1	0	0	50	0	0
27	0	203697	8	14	0	9	0	1	0	0	0	50	0	0
54	0	87205	1	9	4	7	2	1	1	0	0	45	0	0
66	3	195161	5	15	0	5	2	1	0	0	0	20	1	0
41	0	470486	14	2	5	13	3	1	0	0	1719	40	4	0
46	1	93557	7	13	1	5	1	1	0	3103	0	50	0	1
39	0	107991	3	10	1	8	1	1	0	0	0	45	0	1
51	0	63081	2	12	1	5	4	1	1	0	0	40	0	1
26	0	73988	3	10	0	5	2	1	0	0	0	40	0	0
53	0	136080	1	9	3	11	2	1	1	0	0	50	0	0
38	5	49115	3	10	1	7	1	1	0	0	0	27	0	0
30	0	314649	1	9	5	1	3	2	0	0	0	40	1	0
18	0	166224	1	9	0	4	0	1	1	0	0	20	0	0
44	2	118484	5	15	1	3	1	1	0	0	0	80	0	0
56	1	291529	8	14	1	5	1	1	0	0	0	50	0	1
41	3	252392	10	3	1	6	1	1	0	0	0	96	4	0
42	0	86912	7	13	3	4	2	1	0	0	0	40	0	0
44	0	193537	12	5	0	11	3	1	1	0	0	50	12	0
33	0	83231	1	9	1	4	4	1	1	0	0	40	0	0
43	0	325461	3	10	3	9	2	1	0	0	0	45	0	0
21	0	36011	3	10	0	10	2	1	0	0	0	40	0	0
45	0	274869	1	9	3	7	3	1	1	0	0	40	0	0
38	0	178322	1	9	1	10	1	1	0	0	0	70	0	1
38	0	67666	8	14	0	8	2	0	1	0	0	38	0	0
33	0	153005	4	6	1	6	1	1	0	0	0	40	0	0
27	0	138269	1	9	1	8	1	1	0	0	0	45	0	1
33	0	265204	1	9	3	0	3	0	1	0	0	40	0	0
43	0	437318	3	10	1	12	1	1	0	0	0	40	0	1
38	0	208109	7	13	3	8	3	1	0	0	0	50	0	0
50	3	91103	1	9	1	6	1	1	0	0	0	51	0	1
57	5	388225	3	10	1	5	1	1	0	0	0	40	0	1
76	3	42162	1	9	2	8	2	1	1	0	0	2	0	0
52	3	417227	1	9	1	12	1	1	0	0	0	70	0	0
36	5	180220	1	9	1	8	1	1	0	0	0	50	0	0
30	0	187560	3	10	0	10	2	1	0	0	0	50	0	0
39	0	127573	1	9	0	8	2	1	1	2202	0	45	0	0
51	4	68898	3	10	1	8	1	1	0	0	0	40	0	1
31	0	78662	1	9	4	10	3	1	1	0	0	40	4	0
56	0	158776	0	7	1	10	1	1	0	0	0	55	0	0
28	0	164575	3	10	1	7	1	1	0	0	0	40	0	0
38	0	328301	3	10	0	10	3	1	1	0	0	40	0	0
49	0	213897	7	13	1	10	1	2	0	0	0	50	16	1
40	0	230684	1	9	1	5	1	1	0	0	0	40	0	1
23	0	381679	3	10	0	9	5	1	1	0	0	40	0	0
44	1	360884	8	14	3	5	3	1	1	0	0	40	0	0
36	5	256992	7	13	1	7	4	1	1	0	0	40	0	1
31	0	112115	1	9	0	7	0	1	0	0	0	40	0	0
24	0	113577	3	10	0	10	2	1	0	0	0	40	0	0
35	0	189382	3	10	0	7	2	1	1	0	0	38	0	0
45	0	201080	3	10	1	10	1	1	0	0	0	60	0	1
46	0	344415	9	16	1	5	1	1	0	0	0	40	0	1
57	0	201232	1	9	1	11	1	1	0	0	0	30	0	0
20	0	332194	1	9	0	13	0	0	0	0	0	20	0	0
30	0	216864	12	5	3	8	3	1	1	0	0	40	0	0
60	0	290922	1	9	3	8	2	1	1	0	0	27	0	0
42	1	223548	8	14	0	5	2	1	0	0	0	40	0	0
25	0	109419	3	10	0	8	2	1	1	8614	0	45	0	1
27	0	135296	7	13	1	8	4	1	1	0	0	40	0	1
59	5	100270	8	14	3	5	2	1	1	0	0	60	0	0
18	0	99497	13	8	0	4	0	3	1	0	0	30	0	0
26	2	223665	1	9	3	3	3	1	1	0	0	84	0	0
48	6	341762	3	10	1	8	1	1	0	0	0	50	0	1
41	0	236483	1	9	1	6	1	1	0	0	0	40	0	0
20	2	311570	1	9	1	3	5	1	1	0	0	32	0	0
36	0	588739	7	13	3	10	2	1	1	0	0	40	17	0
44	6	79521	7	13	1	1	1	1	0	15024	0	55	0	1
36	0	327435	3	10	0	7	0	1	1	0	0	40	0	0
32	0	229636	2	12	1	13	1	1	0	5013	0	60	0	0
26	0	124483	7	13	0	5	2	2	0	0	0	25	17	0
58	0	218764	11	11	2	5	3	1	1	0	0	45	0	0
39	5	178100	7	13	0	5	2	1	1	0	0	40	0	0
19	2	197057	3	10	0	3	0	0	0	0	0	30	0	0
39	0	191161	1	9	4	6	3	1	0	0	0	55	0	0
65	0	266828	1	9	2	6	2	1	0	1848	0	40	0	0
29	0	251526	3	10	1	9	4	1	1	0	0	20	0	0
22	2	145964	1	9	0	3	3	1	0	0	0	40	0	0
23	0	307149	7	13	0	5	0	1	1	0	0	25	0	0
36	0	37238	7	13	0	9	2	1	0	0	0	42	0	0
32	0	129020	7	13	1	4	1	1	0	0	0	40	0	0
30	0	209432	1	9	1	7	4	1	1	0	0	40	0	0
38	0	139364	7	13	0	7	2	1	0	0	0	40	0	1
25	4	169124	3	10	1	6	1	1	0	0	0	40	0	0
41	0	116391	7	13	1	8	1	1	0	0	0	40	0	1
31	0	176025	1	9	0	9	3	0	1	0	0	40	0	0
66	3	44712	1	9	1	6	4	1	1	0	0	15	0	0
35	3	190759	3	10	3	6	0	1	0	0	0	40	0	0
36	0	185692	6	4	1	1	1	1	0	0	0	35	0	0
17	0	80576	4	6	0	4	0	1	1	0	0	16	0	0
31	0	282173	3	10	1	6	1	1	0	0	0	40	4	0
20	0	187158	1	9	0	0	0	1	1	0	0	40	0	0
25	0	214468	7	13	0	10	0	1	1	0	0	40	0	0
59	3	185410	3	10	1	10	1	1	0	0	0	70	0	0
37	0	87757	2	12	0	8	2	1	0	0	0	45	0	0
42	0	449578	3	10	1	6	1	1	0	0	0	48	0	1
31	0	309028	7	13	0	5	2	1	1	0	0	40	0	0
32	0	155293	13	8	3	10	2	1	1	0	1762	45	0	0
46	0	32825	1	9	1	12	1	1	0	0	0	60	0	0
36	0	216845	14	2	1	4	1	1	0	0	0	40	4	0
45	5	149640	7	13	1	7	1	1	0	0	0	38	0	1
19	5	140985	3	10	0	4	0	1	0	0	0	20	0	0
38	0	218188	2	12	0	4	0	1	1	0	0	25	0	0
27	5	187327	1	9	4	2	2	1	0	0	0	45	0	0
33	0	182511	11	11	3	7	3	1	1	0	0	40	0	0
55	3	157639	12	5	1	10	1	1	0	0	0	58	0	0
46	1	258498	8	14	3	5	3	1	1	0	0	40	0	0
29	0	87632	0	7	1	0	1	1	0	0	0	40	0	0
22	0	228394	3	10	0	7	0	1	1	0	0	36	0	0
59	5	200732	8	14	1	5	1	2	0	0	0	50	8	1
36	0	49657	7	13	1	5	1	1	0	0	0	50	0	1
27	1	106179	7	13	5	5	2	1	1	0	0	50	0	0
21	0	135267	2	12	0	5	2	1	1	0	0	36	0	0
65	2	486436	3	10	1	3	1	1	0	0	0	45	0	1
29	0	69757	7	13	3	8	5	1	1	0	0	50	0	0
53	0	190319	7	13	1	10	1	2	0	0	1485	40	9	1
20	0	188409	3	10	0	12	2	1	0	0	0	60	0	0
54	0	181246	3	10	1	10	1	1	0	0	0	40	0	0
32	0	103573	3	10	1	0	1	1	0	0	0	40	0	0
18	0	180725	0	7	0	4	0	1	0	0	0	16	0	0
26	5	34862	3	10	1	7	1	2	0	0	0	38	1	0
55	6	275236	11	11	1	8	1	1	0	0	0	48	0	1
40	3	76487	7	13	0	5	2	1	0	0	0	50	0	0
37	4	75073	2	12	0	2	2	0	0	0	0	42	0	0
23	0	231929	1	9	0	6	0	1	0	0	0	40	0	0
45	0	186410	3	10	3	7	2	1	0	0	0	38	0	0
42	3	344624	9	16	0	5	2	1	0	0	0	99	0	1
66	0	97847	11	11	1	6	1	1	0	0	0	38	0	0
30	0	387521	7	13	1	8	1	1	0	7298	0	40	0	1
25	2	193511	7	13	0	3	0	1	1	0	0	35	11	0
20	0	325033	13	8	0	4	0	0	0	0	0	35	0	1
37	0	285637	1	9	0	12	2	0	0	0	0	50	0	0
20	0	186014	1	9	0	4	2	1	1	0	0	38	0	0
27	0	203160	1	9	1	0	1	1	0	0	0	40	0	0
20	2	190290	3	10	0	3	0	1	0	0	0	35	0	0
33	0	219553	2	12	1	8	1	1	0	0	0	50	0	0
53	0	290882	6	4	1	0	1	1	0	0	0	40	4	0
54	0	133403	12	5	1	0	1	1	0	0	1902	35	0	0
33	0	150154	7	13	1	10	1	1	0	0	0	40	0	0
22	0	203076	4	6	1	13	1	1	0	0	0	40	0	0
39	0	158592	3	10	0	10	0	1	0	0	0	40	0	0
23	4	215115	3	10	0	7	0	1	1	0	0	25	0	0
20	0	117476	3	10	0	13	0	1	0	0	0	40	0	0
19	0	159269	3	10	0	4	0	1	0	0	0	18	0	0
24	0	189924	11	11	0	8	0	1	1	0	0	60	0	0
32	1	226296	8	14	1	5	1	1	0	0	0	50	0	1
38	0	103886	3	10	3	4	2	1	0	0	0	40	0	0
34	4	148508	3	10	3	9	2	1	1	0	0	40	0	0
39	0	79586	3	10	1	9	1	2	0	0	0	35	17	1
40	2	95049	11	11	4	3	0	1	1	0	0	40	1	0
45	6	192835	7	13	1	8	1	1	0	0	0	45	0	1
21	0	316184	1	9	0	4	5	0	0	0	0	40	0	0
49	0	132476	9	16	3	9	3	1	0	7430	0	40	0	1
44	0	76487	1	9	1	12	1	1	0	0	0	40	0	0
18	0	302712	1	9	0	4	2	1	1	0	0	35	0	0
42	0	225193	7	13	1	8	1	1	0	0	0	40	0	0
49	0	102092	0	7	2	6	2	1	0	2174	0	40	0	0
51	0	173754	1	9	1	12	1	1	0	0	0	40	0	1
20	0	38238	0	7	0	4	0	1	0	0	0	25	0	0
41	0	212027	0	7	1	6	1	0	0	0	0	40	0	0
25	0	173593	3	10	0	8	0	1	0	0	0	75	0	0
27	1	132718	1	9	0	12	0	0	0	0	0	40	0	0
23	0	103588	1	9	0	4	0	1	0	0	0	40	0	0
37	1	75387	1	9	1	4	1	1	0	0	0	40	0	0
22	0	38444	7	13	0	5	2	1	1	0	0	10	0	0
21	0	35603	1	9	0	2	2	0	0	0	0	11	0	0
24	0	588484	1	9	0	13	0	1	0	594	0	40	0	0
62	2	191118	1	9	1	3	1	1	0	0	0	40	0	0
70	2	88638	1	9	1	3	4	1	1	0	0	8	0	0
61	0	27086	1	9	3	12	2	1	0	0	0	40	0	0
63	0	184319	3	10	1	4	1	1	0	0	0	24	0	0
31	0	307375	3	10	0	4	2	4	1	0	0	40	0	0
17	0	93511	0	7	0	10	0	1	1	0	0	15	0	0
23	0	32950	3	10	0	13	0	1	0	0	0	40	0	0
40	0	313945	3	10	1	6	1	1	0	0	0	40	0	0
47	1	275517	3	10	3	7	2	1	1	0	0	72	0	0
55	0	132145	12	5	1	10	1	1	0	0	0	45	0	0
37	3	377798	3	10	3	6	2	1	0	0	0	50	0	0
48	0	198000	7	13	0	10	5	1	1	0	0	38	0	1
67	0	166591	1	9	3	11	3	0	1	1848	0	99	0	0
72	3	117030	3	10	1	4	1	1	0	0	0	40	0	0
31	1	275369	3	10	0	2	2	0	0	0	0	40	0	0
24	0	300584	3	10	1	6	1	1	0	0	0	45	0	0
27	1	230997	7	13	0	5	2	1	1	0	0	45	0	0
32	0	73199	13	8	0	1	0	2	0	0	0	40	8	0
61	0	362068	2	12	1	8	1	1	0	0	0	50	0	1
34	0	162604	1	9	0	6	5	0	0	0	0	40	0	0
40	0	86143	11	11	1	13	0	2	0	0	0	40	8	0
39	0	116477	11	11	3	9	2	1	1	0	0	40	0	0
49	3	102308	5	15	1	5	1	1	0	15024	0	35	0	1
57	6	199067	6	4	1	8	1	1	0	0	0	90	37	1
47	0	205100	3	10	1	10	1	1	0	0	0	45	0	1
38	0	127493	2	12	2	10	3	1	1	0	0	35	0	0
77	3	34761	6	4	1	1	1	1	0	0	0	40	0	0
20	0	221480	3	10	0	9	3	1	1	0	0	8	0	0
37	3	216473	4	6	1	6	1	1	0	0	0	30	0	0
43	6	147206	2	12	0	8	2	1	0	27828	0	45	0	1
50	0	162868	1	9	3	4	2	1	1	0	0	45	0	0
68	3	335701	6	4	2	4	2	1	1	0	0	40	0	0
55	0	250322	1	9	3	7	2	1	1	0	0	40	0	0
52	1	182856	8	14	0	5	2	1	0	10520	0	45	0	1
24	0	97743	1	9	0	4	2	1	0	0	0	37	0	0
42	0	227065	7	13	0	7	2	1	0	0	0	60	0	0
51	0	59840	1	9	3	13	2	1	0	2174	0	40	0	0
26	0	140446	1	9	1	13	4	1	1	0	0	40	0	0
32	4	86150	7	13	1	8	4	2	1	0	1977	40	0	1
51	0	147876	3	10	0	7	0	1	1	0	0	40	0	0
26	0	219199	1	9	0	13	2	1	0	0	0	40	0	0
46	0	28497	3	10	1	10	1	1	0	0	0	8	0	0
27	0	405177	1	9	0	7	0	1	1	0	0	35	0	0
29	0	320451	7	13	5	10	5	2	0	0	0	40	1	0
71	3	30661	6	4	1	1	1	1	0	6514	0	40	0	1
30	1	38268	1	9	4	4	3	1	0	0	0	40	0	1
42	0	199900	3	10	1	6	1	1	0	0	0	52	0	0
39	6	172538	1	9	1	8	1	1	0	0	0	60	0	1
17	0	194517	0	7	0	1	0	1	1	0	0	18	0	0
20	0	129024	3	10	0	7	0	1	1	0	0	35	0	0
37	0	203828	1	9	3	0	3	1	0	0	0	40	0	0
40	0	146659	2	12	0	5	2	1	0	0	0	40	0	0
27	0	29261	2	12	0	4	5	1	0	0	0	42	0	0
19	0	366109	4	6	0	4	5	1	0	0	0	40	0	0
29	0	212091	3	10	3	2	2	1	0	0	0	40	0	0
42	0	202872	1	9	1	7	4	1	1	0	0	36	0	1
31	0	373903	7	13	1	7	1	1	0	0	0	40	0	1
41	0	289403	1	9	3	9	2	0	0	0	0	40	1	0
21	0	60552	1	9	0	7	0	1	1	0	0	40	0	0
46	0	188325	3	10	1	0	1	1	0	0	0	50	0	1
21	2	398480	3	10	0	3	0	1	1	0	0	40	0	0
37	4	254202	8	14	0	8	2	1	1	27828	0	50	0	1
41	6	277858	7	13	2	8	2	0	1	0	0	45	0	0
50	0	102346	1	9	3	7	3	1	1	0	0	36	1	0
34	0	226629	13	8	4	10	3	1	1	0	0	34	0	0
47	0	219632	14	2	2	0	3	1	0	0	0	40	4	0
21	0	449101	1	9	0	8	2	1	1	0	0	40	0	0
49	0	330535	9	16	3	8	3	1	0	0	0	40	0	1
38	0	202937	8	14	0	8	2	1	1	0	0	40	0	1
43	4	269733	8	14	1	8	1	1	0	0	0	40	0	1
40	3	355856	7	13	5	8	2	2	0	0	0	40	0	0
48	6	275100	1	9	1	8	1	1	0	0	0	70	37	1
30	5	136997	1	9	3	8	3	1	1	0	0	40	0	0
38	0	136931	2	12	0	7	2	2	1	0	0	38	9	0
31	2	346736	1	9	0	3	5	1	1	0	0	45	0	0
30	1	264936	7	13	4	5	3	1	1	0	0	40	0	0
37	0	269722	1	9	0	7	0	1	0	0	0	38	0	0
28	0	251905	8	14	0	10	2	1	0	0	0	42	0	0
57	0	180636	3	10	1	6	1	1	0	0	0	40	0	0
25	0	116915	3	10	0	6	5	1	0	0	0	40	0	0
40	3	182516	2	12	1	7	4	1	1	0	0	40	0	0
49	1	199862	1	9	1	0	1	1	0	0	2179	40	0	0
44	0	127482	3	10	1	9	1	1	0	7688	0	40	0	1
44	0	142968	1	9	2	4	3	1	1	0	0	40	0	0
18	0	115258	4	6	0	6	3	1	0	0	0	40	0	0
45	0	190822	1	9	1	4	1	1	0	0	0	31	0	0
50	1	68898	9	16	1	8	1	1	0	0	0	55	0	1
17	6	151999	13	8	0	7	0	1	1	0	0	16	0	0
28	3	236471	1	9	1	6	1	1	0	0	0	40	0	0
38	1	29075	3	10	1	7	4	4	1	5013	0	40	0	0
43	5	186990	1	9	1	6	1	1	0	0	0	37	0	0
48	0	210369	1	9	0	6	0	1	0	0	0	40	0	0
57	2	179644	11	11	1	3	4	1	1	0	0	5	0	0
28	0	119128	2	12	1	0	1	1	0	0	0	40	0	0
46	0	188386	1	9	3	4	0	1	0	0	0	40	0	0
28	0	120645	1	9	0	0	0	0	1	0	0	40	0	0
58	1	303176	1	9	3	6	2	1	0	0	0	40	0	0
23	0	358434	7	13	0	5	3	0	1	0	0	40	0	0
57	0	36091	1	9	4	4	3	4	1	0	0	40	0	0
48	0	250648	8	14	1	5	1	1	0	0	0	35	0	1
49	0	131918	3	10	1	0	1	1	0	0	0	50	0	1
40	3	151504	3	10	1	6	1	1	0	0	0	60	0	1
41	0	161880	1	9	4	0	2	0	0	0	0	50	0	0
45	0	123681	1	9	1	13	1	1	0	0	0	40	0	0
27	0	94090	3	10	1	0	1	1	0	0	0	50	0	0
22	2	129980	3	10	0	3	2	1	0	0	0	25	0	0
50	0	237258	8	14	0	8	2	1	0	27828	0	48	0	1
65	3	147377	8	14	1	5	1	1	0	0	0	16	0	0
36	4	253627	3	10	1	7	1	1	0	0	0	40	12	1
63	2	528618	4	6	1	3	1	1	0	0	0	40	0	0
22	0	27881	1	9	1	1	1	1	0	0	0	45	0	0
28	0	79874	11	11	0	0	2	1	0	0	0	40	0	0
18	0	156981	0	7	0	10	0	1	1	0	0	20	0	0
46	1	195418	7	13	1	5	1	0	0	0	0	40	0	1
37	0	175185	0	7	0	0	2	1	0	0	0	40	0	0
46	0	273796	1	9	1	12	1	1	0	0	0	65	0	1
37	5	373699	5	15	1	5	1	1	0	0	0	60	0	1
31	0	82508	3	10	0	7	2	1	0	0	0	40	0	0
38	0	162551	1	9	0	8	2	2	1	0	0	35	36	0
24	0	166297	7	13	0	5	0	2	0	0	0	25	0	0
25	1	100125	7	13	0	7	2	1	1	0	0	40	0	0
30	0	175690	3	10	0	7	3	0	1	0	0	40	0	0
45	0	184441	6	4	0	0	3	1	1	0	0	42	0	0
28	6	167737	8	14	1	10	1	1	0	5178	0	40	0	1
58	0	186121	7	13	3	8	2	1	0	0	0	40	0	0
44	3	177851	5	15	1	5	1	1	0	0	0	60	0	0
35	0	106961	1	9	1	10	1	1	0	0	0	60	0	0
54	0	419712	1	9	1	12	1	0	0	0	0	40	0	0
40	1	208875	8	14	3	5	2	1	1	0	0	50	0	0
24	0	373628	7	13	0	10	0	1	1	0	1504	40	0	0
26	0	331861	7	13	0	6	2	1	0	0	0	50	21	0
29	0	249948	7	13	0	7	2	1	1	0	0	50	0	0
50	0	99316	11	11	1	5	1	1	0	0	0	40	0	0
22	0	252570	3	10	1	8	4	1	1	0	0	40	0	0
17	0	89160	13	8	0	11	0	1	1	0	0	18	0	0
25	0	49092	1	9	1	12	1	1	0	0	0	50	0	0
35	0	87757	7	13	0	8	2	1	0	0	0	40	0	0
42	0	806552	3	10	1	8	1	1	0	0	0	50	0	1
45	3	70754	5	15	1	5	1	1	0	7298	0	60	0	1
28	0	150437	1	9	0	4	2	1	1	0	0	60	0	0
71	2	46836	6	4	4	3	2	0	0	0	0	15	0	0
34	5	117186	1	9	1	2	1	1	0	0	0	40	0	1
49	0	239625	8	14	1	8	1	1	0	0	0	40	0	1
39	0	128483	3	10	1	4	4	1	1	0	0	60	0	0
17	0	53367	13	8	0	4	5	1	1	0	0	25	0	0
20	0	358355	12	5	0	0	3	1	1	0	0	40	0	0
53	0	139522	1	9	1	4	4	1	1	0	1573	40	24	0
26	0	93017	11	11	1	13	1	1	0	0	0	40	0	0
49	0	101320	7	13	0	9	2	1	1	0	1564	40	25	1
57	6	105582	7	13	1	8	1	1	0	0	2415	40	0	1
40	0	121718	7	13	3	8	2	1	0	0	0	55	0	1
19	0	111836	1	9	0	12	0	1	0	0	0	35	0	0
58	0	96840	1	9	2	6	3	1	1	0	0	37	0	0
62	1	176839	8	14	1	5	1	1	0	0	0	10	0	0
41	1	193553	3	10	1	2	1	0	0	0	0	64	0	1
46	0	168232	1	9	5	13	2	1	0	0	0	40	0	0
53	3	146325	1	9	1	6	1	1	0	0	0	40	34	1
33	0	111567	7	13	0	10	0	1	0	0	0	40	0	0
58	0	478354	7	13	1	8	1	1	0	99999	0	50	0	1
30	0	209768	11	11	1	0	1	1	0	0	0	40	0	1
27	0	188909	1	9	0	13	3	0	1	0	0	40	0	0
32	3	321313	1	9	0	6	0	0	0	0	0	40	0	0
19	2	264228	3	10	0	3	0	1	1	0	0	12	0	0
22	0	345066	4	6	0	4	3	0	1	0	0	40	0	0
56	3	32855	3	10	1	1	1	1	0	0	0	50	0	0
33	6	287372	3	10	1	8	1	1	0	0	0	50	0	1
36	0	214807	1	9	3	4	3	1	1	0	0	40	0	0
29	1	275110	3	10	1	2	0	0	0	0	0	40	0	0
32	0	352089	1	9	3	7	2	1	1	0	0	38	0	0
33	5	110171	7	13	3	5	2	1	1	0	1092	40	0	0
20	0	211391	3	10	0	10	2	1	1	0	0	25	0	0
51	0	91506	1	9	1	12	1	1	0	7688	0	40	0	1
52	0	180949	3	10	1	12	1	1	0	0	0	30	0	0
64	6	169072	4	6	1	12	1	1	0	0	0	50	0	0
33	0	264554	7	13	1	5	1	1	0	0	0	45	0	1
38	0	99065	7	13	0	7	2	1	1	0	0	50	0	1
30	0	201122	7	13	1	5	1	1	0	0	0	40	0	1
67	6	323636	1	9	1	6	1	1	0	0	0	15	25	0
37	1	184112	9	16	3	5	2	1	1	0	0	40	0	1
55	0	243367	1	9	3	10	3	1	1	0	0	37	0	0
25	5	149248	3	10	0	4	2	0	0	0	0	40	0	0
41	1	248748	7	13	0	5	3	0	1	0	0	40	0	0
31	0	242616	7	13	3	9	3	1	1	0	0	40	0	0
51	0	207246	3	10	1	7	4	1	1	0	1902	40	0	1
75	3	343631	1	9	1	1	1	2	0	0	0	15	0	0
53	0	403121	1	9	3	7	2	1	1	0	0	30	0	0
36	3	184435	0	7	0	12	2	0	0	0	0	40	0	0
47	3	181405	5	15	1	5	1	1	0	15024	0	40	0	1
67	3	75140	1	9	1	1	1	1	0	0	0	25	0	0
29	3	467936	3	10	0	1	2	1	0	0	0	40	1	0
32	3	181212	3	10	4	1	3	1	1	0	0	65	0	0
42	0	324421	1	9	3	10	2	1	0	0	0	20	0	0
41	0	344624	7	13	1	8	1	1	0	7688	0	50	0	1
46	0	98735	7	13	4	5	3	1	1	0	0	50	0	0
48	1	186172	2	12	1	2	1	1	0	0	0	40	0	1
55	4	107157	1	9	1	2	1	1	0	0	0	40	0	0
68	2	353871	1	9	2	3	2	1	1	0	0	40	0	0
49	3	175958	3	10	0	4	2	1	0	0	0	20	0	0
62	0	252134	6	4	3	13	2	1	1	0	0	40	22	0
30	0	95923	2	12	5	7	3	1	1	0	0	45	0	0
56	1	203250	3	10	1	2	1	1	0	0	0	40	0	0
37	0	296212	1	9	4	13	2	1	0	0	0	48	0	0
22	0	333838	3	10	0	4	2	1	0	0	0	40	0	0
56	0	345730	1	9	1	13	1	1	0	0	0	40	0	0
53	4	128141	7	13	4	7	2	0	0	0	0	40	0	0
53	0	249347	11	11	3	6	2	1	0	0	0	40	22	1
51	0	171914	12	5	2	6	2	1	0	0	0	30	0	0
41	0	344519	1	9	3	8	2	1	1	13550	0	60	0	1
34	6	196385	1	9	1	8	1	1	0	0	0	50	0	0
24	0	87546	3	10	1	7	4	1	1	0	0	40	0	0
40	3	85668	1	9	1	6	1	1	0	0	0	40	0	0
23	0	126613	7	13	0	7	0	1	1	0	0	40	0	0
28	0	239753	1	9	0	4	2	1	1	0	0	40	0	0
53	0	162796	1	9	1	0	1	4	0	0	0	40	0	0
52	4	197189	3	10	1	7	1	1	0	0	0	44	0	1
33	5	25806	9	16	1	5	1	2	0	0	0	20	1	0
28	0	89813	1	9	3	13	2	1	1	0	0	40	0	0
45	5	142167	8	14	3	7	2	0	1	0	0	40	1	0
40	0	171589	7	13	1	7	1	1	0	0	0	40	0	1
60	0	203985	3	10	1	4	1	1	0	0	0	40	0	1
24	0	394191	13	8	0	12	0	1	0	0	0	55	7	0
50	0	155433	7	13	2	5	3	1	1	0	0	40	0	0
44	0	39581	7	13	4	9	3	0	1	0	0	40	0	0
19	0	305834	1	9	0	4	2	1	1	0	0	40	0	0
36	6	200220	1	9	0	8	2	1	0	0	0	55	0	0
33	0	229732	2	12	0	9	2	1	0	0	0	40	0	0
52	0	190333	4	6	1	0	1	1	0	0	0	50	0	0
51	0	155983	1	9	1	6	1	1	0	0	0	50	0	0
44	0	211351	3	10	1	10	4	1	1	4386	0	40	0	1
19	2	505168	12	5	0	3	5	1	1	0	0	40	0	0
49	0	256417	1	9	1	8	1	1	0	5013	0	40	4	0
17	2	165069	4	6	0	3	0	1	0	0	1721	40	0	0
20	0	249385	3	10	0	6	0	1	1	0	0	20	0	0
53	0	168723	2	12	1	9	1	1	0	0	0	40	0	1
25	0	165866	11	11	0	1	2	1	0	0	0	20	0	0
48	0	48553	3	10	0	8	2	1	0	0	0	72	0	0
27	0	244751	1	9	0	7	0	3	0	0	0	40	0	0
21	0	228230	3	10	0	4	0	1	1	0	0	15	0	0
29	0	152951	1	9	1	13	1	1	0	0	0	40	0	0
47	5	29023	9	16	1	5	1	2	0	0	0	40	17	1
48	3	136455	3	10	1	4	4	1	1	0	0	60	0	0
38	2	245372	3	10	1	3	1	1	0	0	0	75	0	1
19	2	155863	3	10	0	3	0	1	1	0	1602	30	0	0
37	0	126675	3	10	2	0	5	1	0	0	0	40	1	0
37	0	184659	1	9	1	0	1	1	0	5013	0	44	0	0
39	4	33289	1	9	2	5	3	1	1	0	0	60	0	0
35	0	111377	1	9	4	12	2	1	0	0	0	40	0	0
33	0	103651	1	9	3	4	2	1	0	0	0	60	0	0
56	0	53481	1	9	1	0	1	1	0	0	0	40	0	0
23	0	238917	10	3	0	13	5	1	0	0	0	40	11	0
25	0	167495	3	10	0	7	3	1	1	0	0	40	0	0
47	4	114222	2	12	1	7	1	1	0	0	0	55	0	1
32	0	182323	1	9	1	5	1	1	0	7688	0	40	0	1
24	0	137589	1	9	0	7	0	1	1	0	0	30	0	0
32	0	181091	7	13	0	10	0	1	0	13550	0	35	0	1
41	0	156580	7	13	0	7	2	1	1	0	0	35	5	0
32	0	210926	1	9	3	7	2	1	1	0	0	38	0	1
37	3	255503	5	15	0	5	2	1	0	0	0	55	0	1
39	0	116546	3	10	1	10	1	1	0	0	0	50	0	1
66	3	34218	1	9	1	12	1	1	0	0	0	50	0	1
18	2	305327	3	10	0	3	0	3	1	0	0	25	0	0
23	0	107882	7	13	0	8	2	1	1	0	0	40	0	0
44	0	858091	1	9	0	4	3	0	1	0	0	40	0	0
45	0	79646	3	10	1	12	1	1	0	0	0	70	0	0
42	0	103089	3	10	4	5	3	1	1	1506	0	40	0	0
40	3	145441	3	10	3	8	3	1	0	0	0	30	0	0
20	5	117210	3	10	0	9	0	1	0	0	0	40	0	0
26	0	379246	3	10	0	4	2	1	1	0	0	40	0	0
25	0	130018	0	7	0	0	5	1	0	0	0	40	0	0
40	0	121466	1	9	3	7	2	1	0	0	0	40	0	0
54	0	339518	2	12	5	0	3	2	1	0	0	40	8	0
33	0	388672	11	11	1	6	1	1	0	0	0	60	0	0
56	3	190091	11	11	5	10	2	1	0	0	0	46	0	0
27	0	197918	0	7	0	6	3	0	0	0	0	47	0	0
31	0	361497	6	4	0	1	5	1	0	0	0	60	26	0
61	2	451327	7	13	1	3	1	3	0	0	0	24	0	1
22	0	340217	3	10	0	10	2	1	1	0	0	20	0	0
32	3	63516	1	9	3	4	3	1	1	0	0	45	0	0
29	0	269786	1	9	1	6	1	1	0	0	0	40	0	0
34	1	63338	1	9	0	7	0	1	1	0	0	40	0	0
56	0	179127	4	6	1	6	1	1	0	0	0	35	24	0
35	0	124090	11	11	1	12	1	1	0	0	0	99	0	0
25	0	215188	1	9	1	7	4	1	1	0	0	40	0	0
22	0	482082	0	7	1	0	2	1	1	0	0	40	4	0
19	0	234725	13	8	0	0	0	1	0	0	0	40	0	0
35	0	289890	0	7	1	0	1	1	0	0	0	40	0	0
35	0	232036	1	9	1	0	1	1	0	0	0	40	0	0
48	1	195416	1	9	3	4	2	1	1	0	0	35	0	0
52	0	22154	3	10	1	10	1	1	0	0	0	40	0	0
39	0	103734	7	13	1	5	1	1	0	0	0	43	0	1
32	1	32587	1	9	3	4	2	4	0	0	0	40	0	0
27	0	190303	1	9	1	6	1	1	0	0	0	40	0	0
34	0	270488	7	13	0	5	0	1	1	0	0	40	0	0
31	0	104509	3	10	4	4	3	1	1	0	0	35	0	0
47	3	132589	3	10	1	1	1	1	0	0	0	72	0	0
37	0	112812	7	13	3	8	2	1	1	0	0	40	0	0
47	0	126441	3	10	5	9	2	1	0	0	0	40	0	0
47	6	123075	8	14	1	10	1	1	0	0	0	50	0	1
45	0	207955	10	3	5	4	2	1	0	0	0	40	33	0
51	0	43705	3	10	1	6	1	1	0	0	0	40	0	0
24	0	116968	7	13	0	5	2	1	0	0	0	40	0	0
59	3	182142	9	16	1	5	1	1	0	0	0	40	0	0
27	0	74056	11	11	1	6	1	1	0	0	0	48	0	0
33	3	132565	0	7	1	6	1	1	0	0	0	40	0	0
55	0	256796	1	9	4	7	2	1	1	0	0	40	0	1
62	6	191520	9	16	1	5	1	1	0	99999	0	80	0	1
37	3	33394	1	9	1	1	1	1	0	0	0	70	0	0
45	1	45501	7	13	0	5	2	1	1	0	0	50	0	0
25	0	74389	7	13	0	8	2	2	1	0	0	40	0	0
34	0	201874	1	9	1	8	1	1	0	0	0	40	0	0
50	0	143804	1	9	0	6	0	1	0	0	0	55	0	0
29	1	95471	7	13	1	8	1	1	0	0	0	55	0	0
32	0	267458	2	12	1	1	1	1	0	0	0	40	0	0
48	0	70668	4	6	0	11	5	1	1	0	0	40	0	0
34	1	260782	3	10	1	13	1	1	0	0	0	52	0	1
50	0	299215	1	9	1	7	1	0	0	0	0	40	0	0
38	0	99156	1	9	3	10	3	1	0	0	0	46	0	0
52	4	53905	1	9	3	7	2	1	1	0	0	40	0	0
41	0	94210	1	9	3	13	3	1	0	0	0	48	0	0
31	0	116508	1	9	1	0	1	1	0	0	0	48	0	0
31	0	176711	1	9	0	6	2	1	0	0	0	40	0	0
50	3	118058	7	13	1	8	1	1	0	15024	0	55	0	1
23	5	89285	3	10	0	2	2	3	1	99999	0	40	0	1
52	0	91093	3	10	3	10	2	0	1	0	0	40	0	0
33	0	204577	1	9	1	0	1	1	0	0	0	40	0	0
32	0	162041	3	10	3	4	3	1	1	0	0	30	0	0
48	0	175615	3	10	1	13	4	1	1	0	0	40	16	0
40	0	99679	8	14	1	10	1	1	0	3103	0	43	0	1
22	0	263398	3	10	0	9	2	1	0	0	0	50	0	0
55	0	147653	1	9	0	4	2	1	1	0	0	24	0	0
58	2	32521	0	7	5	3	2	1	1	0	0	20	0	0
43	6	198871	11	11	1	1	1	1	0	0	0	88	0	0
34	0	127651	8	14	1	8	1	1	0	0	0	55	0	1
19	0	143608	1	9	0	0	0	1	0	0	0	40	0	0
50	1	50048	8	14	1	5	1	1	0	0	0	52	0	1
73	2	378922	1	9	5	3	2	1	1	0	0	20	25	0
27	0	292883	1	9	1	0	1	0	0	0	0	40	0	0
62	0	190491	9	16	1	5	1	1	0	15024	0	45	0	1
57	5	132145	8	14	1	8	1	1	0	7298	0	45	0	1
34	0	126853	8	14	1	8	1	2	0	0	0	40	23	1
22	0	59184	1	9	0	0	2	1	0	0	0	30	0	0
22	0	663291	3	10	1	0	1	1	0	2105	0	40	0	0
29	1	76978	3	10	0	8	2	0	1	0	0	50	0	0
34	3	196512	1	9	3	8	3	1	1	0	2472	35	0	1
17	2	103851	0	7	0	3	0	1	1	0	0	45	0	0
35	0	241126	7	13	0	5	2	1	0	0	0	50	0	0
65	0	266828	7	13	1	10	1	1	0	0	0	24	0	1
27	0	204984	3	10	1	7	1	1	0	0	1579	40	0	0
46	0	188950	7	13	1	6	1	1	0	0	0	50	0	1
35	0	226528	9	16	5	5	2	3	0	0	0	60	21	1
38	0	268893	11	11	1	12	1	1	0	0	0	70	0	0
36	0	165473	7	13	3	7	3	0	1	0	0	40	0	0
49	0	447554	7	13	1	8	1	1	0	7688	0	40	0	1
54	6	304955	1	9	1	8	1	1	0	0	0	30	0	0
30	0	198265	7	13	1	5	1	1	0	0	0	40	0	1
26	0	395206	3	10	0	12	2	1	0	0	0	40	0	0
32	0	312667	7	13	5	8	2	1	0	2174	0	55	0	0
23	0	117767	1	9	0	7	0	1	0	0	0	36	0	0
40	0	170482	7	13	0	9	2	1	1	14344	0	45	0	1
29	0	309778	1	9	1	6	1	1	0	7298	0	40	0	1
28	0	289991	1	9	1	6	1	1	0	0	0	40	0	1
41	4	255543	3	10	1	7	1	1	0	0	0	40	0	1
34	0	119079	0	7	1	0	0	0	0	0	0	40	0	0
37	0	318168	1	9	0	0	2	0	0	1055	0	20	0	0
39	0	67317	3	10	1	12	1	1	0	0	0	40	0	0
29	0	337953	1	9	1	10	1	1	0	0	0	40	0	1
55	0	451603	1	9	3	6	3	1	0	0	0	40	0	0
30	0	455995	3	10	1	8	1	1	0	0	0	50	0	1
33	5	209768	9	16	0	5	2	1	0	0	0	40	0	0
55	4	27385	11	11	1	6	1	1	0	0	0	40	0	0
33	5	226296	1	9	0	12	5	1	0	0	0	40	0	0
47	0	285335	3	10	1	6	1	1	0	0	0	50	0	1
28	0	376700	7	13	0	10	0	0	0	6849	0	50	0	0
33	0	150324	1	9	3	0	2	1	0	0	0	49	0	0
62	0	96460	1	9	4	5	2	1	1	0	0	40	0	0
49	2	188141	3	10	2	3	3	1	1	0	0	60	0	0
42	0	163985	1	9	4	12	2	1	0	0	0	27	0	0
63	0	85420	3	10	1	10	1	1	0	5013	0	15	0	0
21	0	416103	1	9	0	0	0	1	0	0	0	40	0	0
65	6	224357	1	9	1	10	1	1	0	0	0	40	0	0
28	4	116062	2	12	1	7	1	4	0	0	0	40	0	0
51	3	194259	8	14	1	5	4	1	1	15024	0	55	1	1
33	0	460408	7	13	1	5	1	1	0	0	0	40	4	0
67	3	178878	6	4	1	1	1	1	0	0	0	12	0	0
36	0	416745	0	7	1	0	1	1	0	0	0	40	0	0
19	0	292136	3	10	0	9	2	1	1	0	0	30	0	0
60	0	176731	1	9	1	9	1	1	0	0	0	40	0	0
26	0	104097	7	13	0	8	2	1	0	0	0	40	0	0
35	0	203482	12	5	1	6	1	1	0	0	0	40	0	0
28	0	360224	1	9	1	12	1	1	0	0	0	50	0	0
67	0	23580	2	12	3	9	2	1	1	0	0	40	0	0
31	3	195891	1	9	1	6	0	1	0	0	0	40	0	0
49	0	182862	3	10	1	6	1	1	0	7688	0	40	0	1
64	0	148956	1	9	1	5	1	1	0	0	0	30	0	0
24	2	95862	1	9	0	3	2	1	1	0	0	40	0	0
19	2	48393	3	10	0	3	0	1	0	0	0	32	0	0
40	0	132633	3	10	3	10	3	1	1	0	1741	40	0	0
35	1	182074	1	9	4	2	2	1	0	0	0	42	0	0
19	5	136848	3	10	0	7	0	1	1	0	0	8	0	0
53	0	197054	3	10	1	6	1	1	0	0	0	40	0	0
57	5	243033	3	10	2	10	2	1	1	0	0	40	0	0
47	6	154174	1	9	1	6	1	1	0	0	0	60	0	1
47	0	59380	3	10	3	7	3	1	1	0	0	42	0	0
38	4	122240	1	9	1	7	1	1	0	0	0	55	0	1
38	0	193945	1	9	0	12	2	1	0	0	0	40	0	0
35	0	350103	7	13	1	7	1	1	0	0	0	40	0	0
58	0	32365	3	10	1	6	1	1	0	0	0	50	0	0
56	0	94345	7	13	1	10	1	1	0	0	0	40	0	1
24	2	166437	7	13	0	3	2	1	1	0	0	40	0	0
36	0	149653	1	9	3	4	3	1	1	0	0	40	0	0
57	0	157271	0	7	3	4	2	0	0	0	0	54	0	0
60	0	164599	3	10	1	8	1	1	0	7298	0	40	0	1
81	6	104443	1	9	2	10	2	1	1	0	0	40	1	0
46	0	411595	10	3	2	0	3	1	1	0	0	40	4	0
18	0	198368	0	7	0	4	0	1	0	594	0	10	0	0
42	3	115932	1	9	1	10	1	1	0	0	0	40	0	0
26	0	158397	1	9	0	13	0	1	0	0	0	40	0	0
31	0	101345	7	13	0	10	2	1	1	0	0	40	0	0
26	4	48853	8	14	0	9	2	1	1	0	0	40	22	0
39	0	38145	3	10	1	0	1	1	0	0	0	60	0	0
31	0	127651	2	12	1	8	1	1	0	0	1902	38	0	1
28	0	185896	3	10	0	13	2	4	0	0	0	47	4	0
34	5	92531	1	9	3	6	2	1	0	0	0	40	0	0
53	0	195904	1	9	1	12	1	1	0	0	0	45	0	0
41	5	153095	1	9	0	6	2	1	0	0	0	50	0	0
34	3	581025	12	5	0	4	0	0	0	0	0	38	0	0
61	1	202384	7	13	1	5	4	1	1	0	0	30	0	0
46	1	122177	7	13	1	5	1	1	0	0	0	60	0	0
34	0	405713	3	10	3	0	2	1	1	0	0	40	0	0
67	0	212185	1	9	1	4	1	1	0	0	0	10	0	0
36	0	266347	1	9	0	6	2	1	0	0	0	43	0	0
31	0	49469	5	15	0	5	2	1	0	0	0	50	0	0
35	3	210830	1	9	0	4	2	1	1	0	0	40	0	0
37	1	188612	8	14	1	8	1	1	0	0	0	50	0	1
27	0	104017	3	10	1	7	4	1	1	0	1902	30	0	1
23	0	154785	3	10	0	7	5	2	1	0	0	40	0	0
20	0	39477	3	10	0	10	0	1	1	0	0	20	0	0
72	0	99554	6	4	1	13	4	1	1	0	0	10	19	0
61	0	255978	1	9	2	10	2	1	0	0	0	50	0	0
41	1	98823	7	13	1	5	1	1	0	0	0	50	0	0
45	4	109598	1	9	0	4	2	0	1	0	0	40	0	0
24	0	266971	7	13	0	10	2	1	1	0	0	40	0	0
22	2	334593	3	10	0	3	2	1	0	0	0	40	0	0
20	2	41035	1	9	0	3	0	1	0	0	0	60	0	0
35	5	238591	3	10	4	12	2	0	0	0	0	40	0	0
44	1	117012	8	14	1	5	4	1	1	0	1887	40	0	1
30	0	192002	3	10	1	6	1	1	0	0	0	40	0	0
64	0	137135	1	9	1	0	1	1	0	0	0	48	0	0
69	0	150600	1	9	1	10	1	1	0	0	0	35	0	0
70	0	117464	1	9	1	4	1	1	0	0	0	16	0	0
42	3	111971	1	9	1	12	1	1	0	0	0	45	0	0
22	0	290044	7	13	0	4	2	1	1	0	0	35	25	0
17	0	197186	4	6	0	10	0	1	1	0	0	24	0	0
51	3	61127	1	9	1	1	1	1	0	0	0	50	0	1
30	0	236379	0	7	0	12	3	1	0	0	0	30	0	0
31	0	207100	7	13	0	8	0	0	1	0	0	40	0	0
50	6	288630	8	14	1	8	1	1	0	0	0	50	0	1
30	0	203181	11	11	0	8	0	1	0	0	0	36	0	0
43	0	146770	1	9	5	7	3	1	1	0	0	40	0	0
22	0	191789	7	13	0	7	0	1	1	0	0	40	0	0
32	0	453983	1	9	1	13	1	1	0	0	0	44	0	0
32	3	106014	3	10	0	4	2	1	0	0	0	50	0	0
37	0	218955	1	9	0	1	0	1	0	0	0	35	0	0
62	0	115771	11	11	2	10	3	1	1	0	0	33	0	0
36	0	305379	7	13	3	5	2	1	0	0	0	50	0	1
29	0	53063	7	13	0	5	2	1	0	0	0	40	0	0
19	0	139466	3	10	0	10	0	1	1	0	0	25	0	0
64	5	152537	7	13	1	8	1	1	0	0	0	45	0	0
32	0	400535	3	10	1	0	1	1	0	0	0	40	0	0
30	0	330802	1	9	0	7	0	1	1	0	0	40	0	0
24	0	117789	7	13	0	5	0	1	1	0	0	40	0	0
20	0	330836	0	7	0	6	0	1	0	0	0	40	0	0
33	0	323985	7	13	1	7	4	1	1	0	0	5	0	1
50	1	282701	1	9	1	0	1	1	0	4386	0	48	0	1
45	0	180695	8	14	0	8	2	1	1	0	1408	40	0	0
38	0	314007	3	10	1	12	1	1	0	5178	0	40	0	1
51	7	124963	2	12	1	10	1	1	0	0	0	45	0	0
47	0	380922	8	14	1	8	1	1	0	15024	0	50	0	1
53	1	222381	8	14	1	8	1	1	0	0	0	40	0	1
33	3	656488	11	11	3	9	3	0	0	0	0	50	0	0
38	0	98776	3	10	1	7	1	1	0	0	0	40	0	1
47	0	143050	8	14	3	8	2	1	1	0	0	50	0	0
17	0	118792	0	7	0	10	5	1	1	0	0	24	0	0
21	0	154964	1	9	3	0	5	0	1	0	0	40	0	0
41	0	163847	7	13	1	1	1	1	0	0	0	45	0	1
28	0	282398	3	10	3	6	2	1	0	0	0	35	0	0
47	0	78954	0	7	3	10	3	1	1	0	0	28	0	0
38	3	203988	9	16	1	5	1	1	0	99999	0	55	0	1
54	0	111130	3	10	1	5	1	2	0	0	0	50	0	1
45	0	149388	3	10	1	6	1	1	0	0	0	48	0	1
45	0	39464	1	9	3	7	3	1	1	0	0	40	0	0
29	1	94064	8	14	1	5	1	1	0	0	0	50	0	0
44	5	342510	9	16	1	5	4	1	1	7688	0	40	0	1
66	3	163726	1	9	1	1	1	1	0	0	0	10	0	0
35	0	194496	7	13	1	10	1	1	0	0	0	55	0	0
66	3	298045	7	13	1	8	1	1	0	0	0	30	0	0
24	0	42100	3	10	0	7	3	1	1	0	0	20	0	0
30	0	77143	3	10	0	7	2	0	0	0	0	25	0	0
38	0	233197	3	10	3	7	2	0	0	0	0	40	0	0
17	0	295120	0	7	0	7	0	1	0	0	0	20	0	0
20	0	85021	1	9	0	4	0	1	1	0	0	40	0	0
54	2	191659	10	3	1	3	1	1	0	0	0	40	0	0
45	3	244194	2	12	1	10	1	1	0	5178	0	40	0	1
32	1	287229	3	10	3	4	2	1	1	0	0	30	16	0
18	0	324046	4	6	0	4	0	1	1	0	0	12	0	0
33	5	65018	8	14	1	5	1	2	0	0	0	20	27	0
37	0	421633	11	11	3	13	3	0	1	0	0	40	0	0
28	0	93235	3	10	0	10	2	1	0	0	0	40	0	0
60	1	227232	1	9	2	8	3	1	1	0	0	40	0	0
30	2	121775	11	11	0	3	2	1	0	0	0	30	0	0
36	0	65382	1	9	1	6	1	1	0	0	0	50	0	0
19	0	179422	1	9	0	4	2	1	1	0	0	35	0	0
53	4	276868	3	10	1	8	1	1	0	0	0	40	0	1
57	0	87317	4	6	2	7	2	1	1	0	0	8	0	0
32	0	108247	3	10	1	6	1	1	0	3103	0	40	0	1
32	0	197505	1	9	0	7	0	1	1	0	0	40	0	0
35	3	127493	4	6	1	4	4	1	1	0	0	2	0	0
51	0	75640	1	9	1	10	1	1	0	0	0	50	0	0
38	2	320811	3	10	1	3	1	1	0	0	0	40	0	0
46	1	247053	8	14	1	5	1	1	0	0	0	40	0	1
31	0	119735	12	5	0	0	3	1	0	0	0	40	4	0
29	0	157950	3	10	1	7	4	1	1	0	0	40	0	1
40	0	113732	1	9	3	13	3	0	1	0	0	40	0	0
52	6	224763	1	9	1	10	1	1	0	0	0	50	22	0
42	3	40024	3	10	1	1	1	1	0	0	0	66	0	0
42	3	296594	8	14	1	8	1	1	0	0	0	50	0	1
