43	4	53956	1	9	1	7	1	1	0	0	0	55	0	1
38	6	71009	7	13	1	8	4	2	1	7298	0	40	1	1
34	0	191834	1	9	1	12	1	1	0	0	0	40	0	0
27	0	107236	8	14	0	5	2	1	0	0	0	50	0	0
47	0	231284	1	9	0	1	2	3	0	0	0	40	12	0
31	5	203488	3	10	0	13	2	1	0	0	0	40	0	0
20	0	41721	3	10	0	0	2	1	0	0	0	40	0	0
48	0	205100	7	13	1	10	1	1	0	99999	0	80	0	1
57	0	75673	3	10	2	7	3	2	1	0	0	40	0	0
28	2	105598	0	7	0	3	2	1	0	0	1762	40	39	0
63	3	177832	1	9	1	1	1	1	0	0	0	80	0	0
24	0	478457	0	7	0	5	2	0	1	0	0	30	0	0
28	1	194759	3	10	0	10	2	1	0	0	1669	90	0	0
64	3	30310	6	4	1	1	1	1	0	0	0	60	0	0
29	0	130010	8	14	1	8	1	1	0	0	0	40	0	1
23	0	170302	1	9	2	8	3	1	0	0	0	38	0	0
46	0	120080	7	13	1	7	4	1	1	0	0	40	0	1
77	0	183781	1	9	2	6	3	1	1	0	0	5	0	0
31	0	422836	10	3	1	6	1	1	0	0	0	40	11	0
46	0	266860	2	12	1	8	1	1	0	0	0	60	0	1
25	0	393456	1	9	0	0	3	0	1	0	0	40	0	0
20	5	318382	1	9	0	7	2	1	0	0	0	40	0	0
35	0	354520	7	13	0	8	2	1	1	0	0	50	0	1
47	0	123425	1	9	0	8	0	1	0	0	0	41	0	0
52	0	123989	7	13	1	8	1	1	0	0	0	40	0	1
31	0	175778	7	13	0	5	0	1	1	0	0	40	0	0
28	5	73928	7	13	0	7	0	2	1	0	0	40	0	1
31	0	33731	1	9	1	8	1	1	0	7688	0	40	0	1
41	0	557349	1	9	1	6	1	1	0	0	0	40	0	1
23	0	255252	3	10	0	7	2	1	0	0	0	30	0	0
40	0	219164	8	14	1	5	1	0	0	5178	0	40	0	1
21	1	129050	3	10	0	5	0	1	1	0	0	35	0	0
61	0	111797	11	11	3	7	2	0	1	0	0	32	0	0
34	0	192900	3	10	0	9	0	1	0	0	0	40	0	0
44	0	56651	1	9	1	1	1	1	0	0	0	40	0	0
26	0	51961	3	10	0	2	2	0	0	0	0	55	8	0
37	0	141584	2	12	1	4	1	1	0	0	0	47	0	0
18	0	421350	0	7	0	13	0	1	0	0	0	20	0	0
52	0	24740	1	9	1	12	1	1	0	0	1740	55	0	0
31	1	498267	1	9	4	4	0	0	0	0	0	40	0	0
21	0	117583	1	9	0	6	0	1	0	0	0	40	0	0
22	0	191455	3	10	1	9	4	3	1	0	0	15	0	0
22	0	135716	1	9	1	13	1	1	0	0	0	40	0	0
40	0	27766	8	14	1	10	1	1	0	0	0	40	0	0
41	0	323919	6	4	1	6	1	1	0	0	0	40	0	0
73	1	114561	10	3	2	4	5	2	1	0	0	25	8	0
17	0	216137	12	5	0	10	0	1	1	0	0	15	0	0
49	0	165539	1	9	2	8	2	0	1	0	0	35	0	0
42	0	32016	11	11	1	9	1	1	0	7298	0	40	0	1
35	0	89040	1	9	1	13	1	1	0	0	0	40	0	1
45	0	264514	7	13	3	7	2	2	1	0	0	40	8	0
50	0	24790	1	9	1	6	1	1	0	0	0	40	0	0
38	0	181139	7	13	0	10	2	1	1	0	0	42	0	0
18	0	168514	4	6	0	10	3	1	1	0	0	25	0	0
17	0	354493	0	7	0	10	0	1	0	0	0	6	0	0
33	0	206707	1	9	3	6	0	1	0	0	0	40	0	0
43	0	230684	1	9	1	0	1	1	0	0	0	40	0	1
43	1	192381	7	13	0	4	0	1	0	0	0	40	0	0
37	0	397752	1	9	5	1	5	1	0	0	0	12	4	0
52	5	120173	6	4	1	4	1	1	0	0	0	40	0	0
22	0	228394	1	9	0	4	2	1	1	0	0	50	0	0
83	0	186112	3	10	0	8	2	1	1	0	0	40	0	0
21	0	272237	3	10	0	4	0	1	0	0	0	35	0	0
45	4	169711	2	12	1	2	1	1	0	15024	0	72	0	1
40	3	172560	1	9	1	6	1	1	0	0	0	40	0	0
61	0	213700	7	13	1	10	1	1	0	0	0	32	0	1
23	0	181820	7	13	0	7	0	1	0	0	0	40	0	0
19	0	120361	1	9	0	13	0	0	0	0	0	40	0	0
47	1	169324	8	14	1	5	4	0	1	4386	0	35	0	1
32	0	262092	7	13	1	5	1	1	0	7298	0	50	0	1
24	0	143436	7	13	0	5	0	3	1	0	0	10	1	0
43	0	147099	7	13	1	5	4	1	1	0	0	30	0	1
55	0	138594	9	16	1	5	1	1	0	0	0	56	0	1
58	3	100606	1	9	1	10	1	1	0	0	0	50	0	0
25	0	350850	6	4	1	1	1	1	0	0	0	50	0	1
23	0	66432	3	10	4	10	3	0	1	0	0	35	0	0
44	1	229148	3	10	1	13	1	0	0	0	0	40	0	0
20	0	236601	3	10	0	10	2	1	0	0	0	20	0	0
46	0	144844	1	9	1	12	1	1	0	0	0	42	0	0
19	0	366088	12	5	0	0	0	1	0	0	0	40	0	0
37	0	162164	1	9	1	6	1	1	0	0	0	40	0	0
22	0	442478	3	10	0	10	0	1	0	0	0	20	0	0
25	0	181814	0	7	1	7	0	1	1	0	0	40	0	0
49	0	175109	1	9	1	7	1	1	0	5178	0	40	0	1
34	6	152109	1	9	1	6	1	1	0	0	0	40	0	0
47	0	246891	7	13	1	10	1	1	0	15024	0	45	0	1
30	0	164802	7	13	0	8	2	3	1	8614	0	40	17	1
21	0	57711	1	9	0	11	2	1	1	0	0	40	0	0
22	1	117789	3	10	0	5	2	1	1	0	0	20	0	0
67	0	120900	6	4	2	4	2	1	1	0	0	12	0	0
28	0	114673	8	14	0	5	3	4	1	0	0	40	0	0
45	0	78529	1	9	3	0	2	1	0	0	0	50	0	0
46	0	282165	1	9	3	7	3	0	1	0	0	40	0	0
48	0	149337	3	10	3	0	2	1	0	0	0	40	0	1
56	0	250517	11	11	1	6	1	1	0	0	0	45	0	0
65	2	76131	1	9	0	3	3	2	1	0	0	40	0	0
40	0	352971	8	14	1	8	1	1	0	0	0	60	0	1
20	2	243981	1	9	0	3	0	0	1	0	0	40	0	0
55	2	421228	8	14	1	3	4	1	1	0	0	40	0	1
56	0	94156	1	9	1	7	1	1	0	0	0	50	0	0
35	0	306868	3	10	0	10	2	1	0	0	0	65	0	0
43	0	187164	1	9	1	12	1	1	0	0	0	50	0	0
32	0	179415	4	6	1	13	5	1	0	0	0	40	0	0
64	0	45776	1	9	3	4	2	1	1	0	1762	79	0	0
62	0	256723	3	10	3	1	2	1	0	0	0	40	0	0
53	0	31909	11	11	1	7	1	1	0	0	0	45	0	1
68	0	90526	13	8	1	1	1	1	0	0	0	35	0	0
35	2	127306	3	10	3	3	3	1	1	0	0	40	0	0
24	0	179423	7	13	0	5	5	1	1	0	0	40	0	0
39	0	140169	4	6	4	4	3	1	1	0	0	40	4	0
29	0	37359	7	13	1	0	1	1	0	7298	0	40	0	1
24	0	125813	1	9	1	8	4	4	1	0	0	45	0	0
33	0	209415	4	6	3	2	2	1	1	0	0	32	0	0
41	0	206619	1	9	3	4	2	1	1	0	0	40	0	0
48	0	283737	8	14	3	8	2	1	0	0	0	40	0	0
47	0	162187	7	13	1	10	1	1	0	0	0	45	0	1
30	6	191571	3	10	0	8	2	1	1	0	0	40	0	1
59	0	33725	12	5	1	8	1	1	0	0	0	40	0	1
34	0	236543	3	10	0	8	2	1	0	0	1590	40	0	0
26	4	73047	3	10	1	8	1	1	0	0	0	32	0	0
20	0	230574	6	4	0	0	0	1	0	0	0	40	4	0
32	0	178109	7	13	0	6	2	1	0	0	0	36	0	0
58	0	282023	7	13	1	8	1	1	0	0	0	50	0	1
31	1	101761	7	13	0	5	2	1	1	0	0	40	0	0
33	0	98168	1	9	1	6	1	1	0	0	0	30	0	1
22	0	287681	0	7	0	1	5	1	0	0	0	40	4	0
39	2	265685	3	10	3	3	2	1	0	0	0	65	12	0
38	5	91670	3	10	3	5	0	2	1	0	0	40	0	0
30	5	61989	3	10	0	5	2	1	1	0	0	5	0	0
23	0	138513	1	9	0	13	2	1	0	0	0	40	0	0
27	3	95423	3	10	1	6	1	1	0	0	0	60	0	0
31	4	30917	3	10	1	2	1	1	0	0	0	72	0	0
20	2	316304	3	10	0	3	0	1	0	0	0	40	0	0
58	0	102791	1	9	3	4	0	1	1	0	0	40	0	0
42	0	416506	2	12	0	9	2	1	0	14084	0	36	0	1
20	6	245611	3	10	0	6	0	1	0	0	0	20	0	0
47	4	655066	7	13	1	8	1	3	0	0	0	40	2	1
57	3	87584	9	16	3	5	2	1	1	0	0	25	0	0
47	3	304223	3	10	1	10	1	1	0	0	0	40	0	0
49	1	40690	7	13	0	5	3	1	0	0	0	60	0	1
18	0	348131	0	7	0	7	0	0	1	0	0	20	0	0
64	0	191477	10	3	2	11	3	0	1	0	0	4	0	0
29	0	115438	1	9	4	6	3	1	0	0	0	35	0	0
47	4	176917	3	10	1	7	1	1	0	0	0	48	0	1
40	2	104196	1	9	4	3	0	1	0	0	0	45	0	0
28	0	202182	3	10	1	0	1	1	0	0	0	40	0	1
24	0	308239	7	13	0	10	0	1	0	0	0	4	0	0
34	0	163581	1	9	0	4	2	1	0	10520	0	40	12	1
34	1	211239	7	13	3	5	3	1	1	6497	0	40	0	0
31	0	121321	0	7	1	10	1	1	0	0	0	51	0	0
23	5	120172	1	9	0	9	2	1	0	0	0	48	0	0
20	0	190916	1	9	0	4	0	1	1	0	1721	20	0	0
25	0	340288	12	5	1	13	1	1	0	0	0	40	0	0
32	0	426431	3	10	3	10	2	1	0	0	0	40	0	0
44	6	226027	3	10	1	8	1	1	0	0	0	60	0	0
28	0	278736	13	8	0	13	3	1	0	0	0	40	4	0
48	0	168462	1	9	1	12	1	1	0	0	0	40	0	0
18	2	379070	3	10	0	3	0	1	0	0	0	40	0	0
43	0	214541	8	14	3	5	2	1	0	0	0	40	25	0
52	6	29887	5	15	1	5	1	1	0	0	0	60	0	1
53	3	138022	0	7	3	6	2	1	0	0	0	60	0	0
57	6	208018	1	9	1	6	1	1	0	0	0	40	0	1
45	0	126876	1	9	3	6	0	1	1	0	0	40	0	0
45	0	182703	8	14	3	7	2	4	1	0	0	36	0	0
34	0	161153	4	6	1	1	1	1	0	0	0	35	0	0
44	3	168443	1	9	1	10	1	1	0	0	0	60	0	0
25	0	335522	12	5	0	13	2	1	0	0	0	40	4	0
27	0	220104	7	13	0	10	2	1	0	0	1876	50	0	0
28	2	162312	3	10	0	3	0	2	0	0	0	40	14	0
36	0	104772	1	9	1	6	1	1	0	0	0	40	0	1
61	0	161472	1	9	1	6	1	1	0	0	0	40	0	1
52	0	91506	1	9	1	13	1	1	0	0	0	45	0	0
19	0	186717	3	10	0	10	0	1	0	0	0	40	0	0
53	0	77927	10	3	0	13	5	2	1	0	0	50	8	0
55	0	140063	1	9	3	7	2	1	1	0	0	40	0	0
37	6	317580	1	9	1	6	1	1	0	0	0	40	0	0
51	0	122533	7	13	1	8	1	1	0	0	0	40	0	1
29	0	57423	1	9	1	13	1	1	0	0	0	45	0	0
45	0	103331	3	10	1	4	1	1	0	0	0	40	0	0
64	5	417543	9	16	2	5	2	0	0	8614	0	50	0	1
56	0	253854	3	10	1	5	1	1	0	0	0	40	0	1
56	0	106850	3	10	2	4	2	1	1	0	0	40	0	0
38	6	314007	1	9	1	10	1	1	0	0	0	78	0	0
23	0	494371	1	9	0	13	0	1	0	0	0	40	0	0
29	1	270421	8	14	0	5	2	1	0	0	0	50	0	0
33	0	203488	7	13	1	8	1	1	0	0	1672	40	0	0
35	0	167691	1	9	0	13	0	1	1	0	0	20	0	0
25	0	198318	1	9	1	0	1	1	0	0	0	50	0	0
37	0	319831	1	9	1	12	1	1	0	0	0	55	0	1
28	0	70240	8	14	0	10	0	2	1	0	0	36	8	0
67	0	227113	8	14	1	5	1	1	0	0	2457	40	0	0
22	0	168997	11	11	0	8	2	1	0	0	0	40	0	0
23	5	231929	13	8	0	4	2	1	0	0	0	20	0	0
22	0	207969	3	10	0	8	0	0	0	0	0	35	0	0
68	0	192656	3	10	2	6	2	1	0	0	0	10	0	0
31	0	187215	1	9	0	11	2	1	1	0	0	40	11	0
51	6	119570	7	13	1	6	1	1	0	0	0	50	0	0
64	0	188659	8	14	1	8	1	1	0	0	0	20	0	1
35	0	110013	7	13	3	4	0	1	1	0	0	40	0	0
26	0	55860	8	14	0	5	2	0	1	0	0	40	0	0
42	6	282069	1	9	1	6	1	1	0	0	0	40	0	0
20	4	26585	1	9	0	4	2	4	1	0	0	25	0	0
46	6	218890	1	9	3	4	2	1	1	0	0	60	0	0
35	0	211154	1	9	1	10	1	1	0	0	0	45	0	0
51	0	230095	4	6	2	4	2	1	1	0	0	40	0	0
34	0	737315	5	15	1	5	1	1	0	0	0	65	0	1
50	0	144084	7	13	3	7	2	1	1	0	0	40	0	0
48	3	48384	7	13	3	10	2	1	0	0	0	60	0	0
51	0	541755	1	9	1	6	1	1	0	0	0	40	0	0
27	0	178778	7	13	0	9	2	1	0	0	1340	40	0	0
28	0	436198	3	10	1	5	1	1	0	0	0	30	0	0
37	0	82521	3	10	1	5	1	1	0	4064	0	46	0	0
39	0	367020	7	13	0	8	0	1	0	0	0	40	0	0
22	0	174461	7	13	0	7	2	1	1	0	0	40	0	0
28	0	162501	1	9	0	7	0	1	0	0	0	40	0	0
38	0	193026	1	9	0	8	2	1	0	0	0	40	0	0
41	0	218172	7	13	5	8	2	1	1	13550	0	60	0	1
41	0	110318	8	14	3	4	3	1	1	0	0	30	0	0
36	0	126675	0	7	1	8	1	1	0	0	1579	40	0	0
24	0	116788	3	10	1	4	1	1	0	0	0	40	0	0
24	0	161092	7	13	0	8	2	1	0	0	0	40	0	0
28	0	159109	0	7	4	4	2	1	0	0	0	40	0	0
28	0	213191	1	9	1	4	1	1	0	0	0	50	0	0
49	0	240629	1	9	0	4	2	1	0	0	0	38	0	0
17	0	227960	0	7	0	4	0	1	0	0	0	10	12	0
54	0	151580	7	13	1	7	1	1	0	0	0	40	40	1
41	0	160893	2	12	0	7	2	1	1	0	0	45	0	0
35	1	184117	8	14	0	5	0	1	1	0	0	25	0	0
18	0	32059	0	7	0	4	0	1	0	0	0	23	0	0
42	0	361219	0	7	1	4	1	1	0	0	0	40	0	0
60	0	334984	1	9	3	7	3	1	1	0	2231	40	0	1
49	3	33300	1	9	1	1	1	1	0	0	0	84	0	0
57	0	199713	1	9	1	0	1	1	0	0	0	55	0	0
43	0	401134	2	12	3	4	3	1	1	0	2238	40	0	0
37	0	132702	7	13	5	8	2	1	1	0	0	40	0	0
28	2	306693	3	10	1	3	5	1	1	0	0	20	0	0
20	0	286166	1	9	0	10	2	1	0	0	0	60	0	0
57	0	123515	11	11	0	0	2	1	1	0	0	40	0	0
24	0	132053	2	12	0	7	0	1	1	0	0	35	0	0
20	6	266400	3	10	0	13	0	1	1	0	0	40	0	0
42	1	335248	11	11	3	5	2	1	1	0	0	36	0	0
81	0	36147	5	15	1	1	1	1	0	10605	0	2	0	1
21	0	266467	1	9	0	6	0	1	0	0	2205	40	0	0
43	0	143809	1	9	1	9	1	1	0	0	0	40	0	0
39	0	334366	7	13	4	5	3	1	1	0	0	50	0	1
41	0	347653	8	14	1	5	1	1	0	0	0	40	1	1
32	0	386806	10	3	1	6	1	3	0	0	0	45	4	1
48	0	202322	14	2	1	13	1	1	0	0	0	40	11	0
50	0	594521	12	5	3	7	3	1	1	0	0	40	0	0
26	0	174267	3	10	0	13	2	1	0	0	0	64	0	0
18	2	169542	13	8	0	3	2	1	1	0	0	30	0	0
54	0	227392	8	14	1	5	1	1	0	0	0	40	0	0
59	4	99131	1	9	0	8	5	1	1	0	0	40	0	0
38	6	225860	1	9	3	8	3	1	0	0	0	40	0	0
53	0	287317	1	9	3	4	2	0	0	0	0	40	0	0
42	0	46091	7	13	3	8	3	1	1	0	0	40	0	0
53	0	170050	3	10	0	8	2	1	0	0	0	40	0	0
18	5	352317	3	10	0	4	0	1	1	0	0	20	0	0
56	0	225267	3	10	3	10	2	1	0	14084	0	60	0	1
28	0	217545	1	9	3	6	3	1	0	0	0	40	1	0
33	0	183778	1	9	1	8	1	1	0	0	0	40	0	1
43	0	210013	1	9	1	6	1	1	0	0	0	40	0	0
36	0	49115	2	12	1	8	1	1	0	7688	0	44	0	1
31	0	310429	1	9	4	13	2	1	0	0	0	70	0	0
33	0	114691	1	9	1	6	1	1	0	0	0	50	0	0
46	0	124356	2	12	1	9	1	1	0	0	0	40	0	1
31	0	51284	1	9	1	0	4	1	1	0	0	36	0	0
47	2	294443	11	11	3	3	2	1	1	0	0	40	0	0
41	0	200009	4	6	3	13	3	1	1	0	0	40	0	0
28	0	258862	11	11	1	0	4	1	1	0	0	18	0	0
35	0	37778	1	9	1	6	1	1	0	0	0	50	0	0
28	0	402771	1	9	5	7	0	1	1	0	0	40	0	0
42	4	201520	8	14	1	8	1	1	0	0	1902	43	0	1
47	1	55237	3	10	1	2	1	1	0	0	0	44	0	0
63	2	52750	7	13	1	3	1	1	0	0	0	40	0	0
63	1	197189	7	13	2	5	2	1	1	4650	0	48	0	0
39	0	96564	1	9	3	13	2	1	1	0	0	40	0	0
23	0	334105	2	12	0	9	0	1	1	0	0	40	0	0
41	0	115323	3	10	1	10	1	1	0	0	0	40	0	1
31	0	157289	7	13	0	5	2	1	0	0	0	52	0	0
52	0	320877	1	9	1	0	1	0	0	0	0	40	0	1
64	3	198186	8	14	0	5	2	1	1	0	0	30	1	0
62	0	195543	7	13	1	10	1	1	0	0	0	20	0	1
48	0	103406	7	13	1	9	1	1	0	0	0	35	0	1
22	2	320451	3	10	0	3	0	2	0	0	0	24	1	0
18	0	23940	3	10	0	4	2	4	0	0	0	40	0	0
46	0	45857	1	9	3	10	2	1	1	0	0	33	0	0
29	0	195557	2	12	3	13	2	1	1	0	0	40	0	0
44	0	229148	1	9	0	13	2	0	0	0	0	35	0	0
21	2	152328	7	13	0	3	0	1	0	0	0	40	0	0
47	0	186157	1	9	1	13	1	1	0	0	0	40	0	0
60	0	127712	11	11	2	0	2	1	1	0	0	45	19	0
24	0	254351	3	10	0	10	0	1	0	0	0	35	0	0
61	0	182163	3	10	1	5	1	1	0	0	1902	40	0	1
34	0	442656	0	7	0	10	3	1	1	0	0	65	3	0
30	0	111363	3	10	1	8	1	1	0	0	0	40	0	0
36	1	491000	2	12	0	5	0	0	0	0	0	40	0	0
45	5	156065	7	13	3	7	2	1	1	0	0	40	0	0
45	0	243743	7	13	1	8	1	1	0	0	0	60	0	1
47	3	173938	5	15	0	5	2	1	0	0	2258	20	0	0
37	0	86308	7	13	1	5	4	2	1	0	0	40	8	1
35	0	216068	2	12	3	9	3	1	1	0	0	40	0	0
23	0	237432	13	8	0	4	2	1	0	0	0	60	0	0
34	0	177216	1	9	0	0	0	1	1	0	0	40	0	0
27	0	212895	3	10	0	6	2	1	0	0	0	40	0	0
44	3	122749	1	9	1	6	1	1	0	0	0	35	7	0
44	0	254303	8	14	0	5	2	1	0	0	0	40	35	1
20	0	73679	1	9	0	12	0	1	1	0	0	35	0	0
30	0	455995	1	9	0	6	0	1	0	0	0	40	0	0
33	0	214288	1	9	1	0	1	1	0	0	1848	48	0	1
28	0	228075	10	3	0	6	2	1	0	0	0	40	36	0
35	0	412017	4	6	3	10	3	1	1	0	0	38	0	0
41	0	236900	1	9	3	6	2	1	0	0	0	40	0	0
33	0	289442	1	9	0	7	2	1	0	0	0	40	0	0
33	1	237298	3	10	3	7	3	0	1	0	0	40	0	0
36	5	47072	1	9	2	4	3	1	1	0	0	8	0	0
25	0	197036	3	10	1	10	1	1	0	0	0	50	0	0
19	5	175507	1	9	0	4	2	1	1	0	0	18	0	0
53	0	350131	7	13	1	5	4	1	1	0	0	48	0	1
35	0	150057	1	9	1	0	1	1	0	4386	0	48	0	0
40	6	190650	7	13	1	10	1	2	0	0	0	45	14	1
27	0	430672	7	13	0	5	2	1	0	0	0	55	0	0
50	0	99316	1	9	3	12	2	1	0	0	0	50	0	0
47	2	191776	3	10	1	3	4	1	1	0	0	8	0	0
33	0	97723	1	9	1	12	1	1	0	0	1887	50	0	1
28	2	197288	0	7	0	3	3	0	1	0	0	30	0	0
36	0	239409	1	9	3	1	2	1	0	0	0	50	0	0
48	0	195554	6	4	3	4	2	1	0	0	0	40	0	0
48	3	76855	3	10	3	12	3	1	1	0	0	53	0	0
43	0	281315	3	10	3	10	2	1	0	0	0	42	0	0
76	1	224058	4	6	3	12	2	0	0	0	0	20	0	0
23	0	232799	1	9	0	4	2	0	1	2977	0	55	0	0
29	0	174163	8	14	0	5	2	1	1	0	0	40	0	0
57	0	47178	10	3	3	4	2	1	1	0	0	40	0	0
62	3	97950	7	13	1	6	1	1	0	0	0	6	0	0
26	0	342765	1	9	0	7	0	1	0	0	0	50	0	0
42	1	209818	7	13	3	5	5	1	1	0	0	55	0	0
36	0	349534	2	12	1	5	4	1	1	0	0	31	0	1
43	6	170214	3	10	1	8	1	1	0	0	0	75	0	0
28	0	145284	3	10	0	7	2	1	0	0	0	40	0	0
33	0	124161	1	9	3	6	2	1	0	0	0	50	0	0
48	0	105357	1	9	0	10	3	1	1	0	0	40	0	0
32	0	355700	5	15	6	5	4	1	1	99999	0	60	0	1
30	0	99928	7	13	0	10	2	1	1	0	0	40	0	0
18	0	308739	1	9	0	7	0	1	1	0	0	20	0	0
58	6	179781	7	13	1	10	1	1	0	0	0	70	0	1
52	4	297906	9	16	1	5	1	2	0	0	0	40	1	1
25	0	189663	8	14	0	5	0	1	1	0	0	40	0	0
39	3	339029	7	13	1	8	1	1	0	0	0	50	0	0
39	3	87076	1	9	1	1	1	1	0	0	0	45	0	1
18	0	109928	1	9	0	7	0	0	1	0	0	40	0	0
55	0	218456	1	9	3	10	3	1	1	0	0	40	0	0
26	1	176756	1	9	1	9	1	1	0	0	0	75	0	1
69	2	214923	5	15	1	3	1	1	0	0	0	35	0	1
21	0	191789	3	10	0	7	0	1	1	0	0	10	1	0
19	0	238383	4	6	0	1	0	1	0	0	0	40	0	0
21	0	315476	3	10	0	6	0	1	0	0	0	25	0	0
36	0	195148	7	13	0	8	0	1	0	0	0	40	0	0
49	2	174274	1	9	2	3	2	1	1	0	0	80	0	0
42	0	143208	6	4	3	4	3	1	1	0	0	40	1	0
40	0	30201	11	11	3	13	2	1	1	0	0	35	0	0
35	6	200352	7	13	1	9	1	1	0	0	0	45	0	1
31	0	117028	0	7	0	4	0	1	0	0	0	30	19	0
45	0	44489	1	9	2	1	3	1	0	0	0	65	0	0
52	0	236222	1	9	3	8	2	1	1	0	0	40	0	0
23	0	496856	2	12	0	10	0	1	1	0	0	35	0	0
29	0	132675	0	7	4	4	0	0	1	0	0	40	0	0
42	0	89226	11	11	1	12	1	1	0	0	0	45	0	1
36	2	112660	1	9	0	3	0	1	0	0	0	40	0	0
61	4	294466	3	10	3	7	2	0	1	0	0	40	0	0
58	0	201011	6	4	4	4	2	1	1	0	0	24	0	0
47	0	27624	1	9	0	10	2	1	1	0	0	65	0	1
31	0	385959	7	13	0	7	2	1	0	0	0	50	0	0
53	0	214691	7	13	1	5	1	1	0	0	0	80	0	0
34	0	196253	3	10	3	7	3	1	1	0	0	40	0	0
62	1	242341	3	10	3	5	2	4	0	0	0	40	0	0
23	0	195016	3	10	0	5	2	3	1	0	0	35	0	0
47	0	174794	8	14	0	5	2	1	1	0	0	40	21	1
59	3	134470	1	9	1	1	1	1	0	2635	0	60	0	0
17	0	166360	4	6	0	6	0	1	1	0	0	30	0	0
40	1	26671	7	13	3	5	3	4	1	0	0	40	0	0
38	3	589838	1	9	1	6	1	1	0	0	0	47	0	0
45	0	149169	3	10	3	6	2	1	0	0	0	50	0	0
46	0	287920	1	9	1	6	1	1	0	5013	0	40	0	0
57	0	56080	1	9	1	4	1	1	0	0	0	60	0	0
22	5	211798	11	11	0	7	0	1	0	0	0	10	0	0
30	0	415266	1	9	1	9	1	1	0	0	0	40	0	1
42	0	147110	7	13	1	4	1	1	0	0	0	40	0	0
32	0	228873	0	7	1	12	1	1	0	7298	0	60	0	1
40	0	305348	12	5	0	6	5	0	0	0	0	40	0	0
50	4	189831	1	9	1	9	1	1	0	7298	0	50	0	1
45	0	247379	3	10	1	8	1	1	0	0	0	50	0	0
38	4	198841	3	10	4	13	2	1	0	0	0	40	0	0
29	0	364986	7	13	1	8	1	1	0	0	1628	47	0	0
31	0	203488	3	10	1	10	1	1	0	0	0	44	0	1
31	0	141118	1	9	4	4	3	1	1	0	0	24	0	0
49	3	155862	1	9	1	1	1	1	0	0	0	50	0	1
46	0	324550	1	9	1	6	1	1	0	0	0	40	0	0
55	0	174353	1	9	1	12	1	1	0	0	0	35	0	0
82	3	181912	1	9	3	8	2	1	0	0	0	12	0	0
45	0	168191	3	10	1	9	1	1	0	15024	0	37	0	1
35	2	216068	2	12	1	3	4	1	1	5178	0	12	0	1
41	0	125461	3	10	1	8	1	1	0	0	0	60	0	1
21	0	162688	1	9	0	0	0	1	0	0	0	40	0	0
19	0	234406	13	8	0	10	0	1	1	0	0	30	0	0
41	5	114537	1	9	4	13	3	1	0	0	0	40	0	0
40	0	68111	1	9	3	6	2	1	0	0	0	45	0	0
44	0	322799	1	9	4	0	0	0	0	0	0	40	0	0
21	0	479296	1	9	0	4	5	1	0	0	0	40	0	0
39	0	323385	3	10	1	8	1	1	0	0	0	70	0	0
63	0	162772	1	9	1	12	1	1	0	0	0	35	0	1
53	0	27166	1	9	5	12	2	1	0	10520	0	40	0	1
55	2	142642	1	9	5	3	3	0	1	0	0	40	0	0
19	0	162954	3	10	6	13	4	1	1	0	0	40	0	0
45	4	90533	7	13	0	8	2	1	1	0	0	45	0	0
52	0	234286	3	10	3	12	2	1	0	0	0	84	0	0
17	0	355559	13	8	0	5	0	1	0	0	0	18	0	0
35	0	32528	3	10	1	0	1	1	0	0	0	40	0	0
45	0	132847	7	13	0	10	2	1	1	0	0	50	0	0
46	0	279724	1	9	0	0	2	1	0	0	0	45	0	0
50	0	30827	7	13	1	10	1	1	0	0	0	45	0	1
25	0	179772	1	9	0	10	3	1	1	0	0	40	0	0
39	0	112264	1	9	1	6	1	1	0	0	0	40	0	0
51	0	93690	1	9	1	8	1	1	0	0	0	40	0	1
52	1	178983	1	9	1	5	1	1	0	0	0	40	0	0
55	2	194740	4	6	2	3	2	1	1	0	0	45	0	0
48	1	283037	7	13	1	5	1	1	0	0	0	40	0	0
27	0	312485	1	9	0	13	0	1	0	0	0	32	0	0
30	0	202450	1	9	0	6	0	1	0	0	0	40	0	0
29	1	272569	4	6	0	1	2	1	0	0	0	40	0	0
53	0	231865	13	8	1	6	1	1	0	0	0	40	0	1
26	0	195693	1	9	0	7	3	0	1	0	0	40	32	0
27	0	108574	1	9	0	4	0	1	1	0	0	40	0	0
58	3	605504	1	9	1	10	1	1	0	0	0	40	0	1
19	3	140985	1	9	0	6	0	1	0	0	0	40	21	0
22	5	160369	3	10	0	4	0	0	0	0	0	20	0	0
29	0	303440	11	11	0	8	2	1	1	0	0	40	0	0
44	0	263871	1	9	1	6	1	1	0	0	0	40	0	0
55	0	28338	11	11	3	5	2	1	1	0	0	40	0	0
36	6	298624	3	10	1	8	1	1	0	0	0	30	0	1
41	0	139126	3	10	1	8	1	1	0	0	1902	40	0	1
57	0	197994	1	9	0	4	5	0	1	0	0	32	0	0
34	1	241259	1	9	0	2	2	1	0	0	0	40	0	0
80	3	248568	1	9	1	1	1	1	0	0	0	30	0	0
59	3	304779	7	13	1	8	1	1	0	0	0	35	0	0
58	0	143266	1	9	1	4	1	1	0	0	0	40	0	0
51	0	169719	3	10	1	7	1	1	0	0	0	38	0	0
34	0	257128	1	9	3	6	2	1	0	0	0	40	0	0
45	0	78507	11	11	1	6	1	1	0	0	0	40	0	1
28	0	490332	7	13	1	5	1	1	0	3103	0	40	0	1
32	0	244200	3	10	3	8	2	1	0	0	0	50	12	0
44	3	95298	9	16	1	5	1	1	0	0	0	70	0	1
23	0	329174	1	9	0	7	2	1	0	0	0	40	0	0
33	0	107142	13	8	0	6	3	1	0	0	0	40	0	0
39	5	33975	7	13	0	5	2	1	0	0	0	45	0	0
26	0	201579	3	10	0	6	3	1	0	0	0	40	4	0
39	3	122852	1	9	1	12	1	1	0	0	0	45	0	1
35	0	272742	1	9	3	10	2	1	0	27828	0	60	0	1
53	0	161691	8	14	3	8	2	1	1	4865	0	40	0	0
41	1	223410	7	13	1	5	1	1	0	7688	0	40	0	1
90	0	250832	1	9	1	12	1	1	0	2414	0	40	0	0
44	1	282069	11	11	1	1	1	1	0	0	0	40	0	0
19	0	369164	1	9	0	6	0	1	0	0	0	40	0	0
81	3	218521	6	4	1	1	1	1	0	0	0	21	0	0
19	0	136405	11	11	0	4	0	1	1	0	0	20	0	0
40	0	199018	7	13	1	7	1	1	0	0	0	40	0	1
28	1	299249	1	9	3	2	2	1	1	0	0	40	0	0
50	0	235567	1	9	1	8	4	1	1	0	0	52	0	0
51	3	73493	3	10	4	8	2	1	1	0	0	60	0	0
54	0	320012	3	10	1	7	4	1	1	0	0	40	0	0
37	6	183898	3	10	1	8	1	1	0	0	0	40	0	1
31	5	190027	3	10	0	4	0	0	1	0	0	40	0	0
31	0	87891	1	9	1	0	1	1	0	0	0	40	0	0
38	0	304001	1	9	1	6	1	1	0	0	0	40	0	1
40	0	171424	8	14	0	5	2	1	0	0	0	50	0	0
19	0	123807	1	9	0	7	5	1	1	0	0	40	0	0
22	2	210802	3	10	0	3	0	0	1	0	0	24	0	0
25	0	80220	13	8	1	12	1	1	0	0	0	40	0	0
19	0	216413	3	10	0	4	0	1	1	0	0	20	0	0
23	0	423453	1	9	0	10	0	0	1	0	0	16	0	0
30	0	178835	3	10	1	10	1	1	0	0	0	55	0	0
35	0	304001	3	10	1	6	1	1	0	0	0	40	0	0
35	0	167482	7	13	1	8	1	1	0	0	0	60	0	0
32	0	26543	3	10	4	5	2	1	0	0	2231	40	0	1
52	0	176409	7	13	3	7	2	1	1	0	0	40	0	0
46	5	87018	7	13	0	8	3	1	1	0	0	40	0	0
24	0	251603	1	9	0	7	0	1	1	0	0	40	0	0
44	1	366180	7	13	0	5	2	1	0	0	0	50	0	0
42	0	186916	8	14	1	8	1	1	0	0	2415	55	0	1
30	3	164461	0	7	3	10	3	1	0	0	653	40	0	0
42	0	54102	3	10	3	7	3	1	1	0	0	40	0	0
48	3	199058	7	13	0	5	2	1	0	0	0	35	0	1
22	0	293324	1	9	0	8	2	1	0	0	0	40	0	0
47	0	96798	7	13	1	5	1	1	0	0	0	40	0	1
65	3	132340	1	9	1	0	1	1	0	0	0	3	0	0
45	0	175925	7	13	3	0	2	1	0	0	0	40	0	0
17	3	33230	0	7	0	1	0	1	0	0	0	15	0	0
20	1	298871	1	9	0	4	0	2	0	0	0	10	0	0
26	0	142760	11	11	0	10	2	0	0	0	0	50	0	0
30	0	200700	3	10	0	10	2	1	0	0	0	40	0	0
48	0	117310	7	13	3	7	3	1	1	0	0	60	1	0
44	0	238188	2	12	1	10	1	1	0	0	0	40	0	0
29	0	354496	8	14	0	5	2	1	1	0	0	40	0	0
18	0	416541	12	5	0	13	0	1	0	0	0	16	0	0
52	0	42902	12	5	4	4	2	0	0	0	0	40	0	0
30	0	180317	11	11	3	0	2	1	0	0	0	40	0	0
50	0	378581	13	8	0	2	5	0	0	0	0	40	0	0
45	1	213620	7	13	3	5	2	1	1	0	0	50	0	1
58	0	186905	1	9	3	7	3	1	1	99999	0	40	0	1
47	0	182054	1	9	0	0	2	1	0	0	0	40	0	0
64	1	189634	3	10	2	8	2	1	0	0	0	50	0	0
25	1	170070	7	13	0	5	2	1	1	0	0	50	0	1
42	0	445382	2	12	3	6	2	1	0	0	0	40	0	0
46	6	168211	1	9	1	8	1	1	0	0	0	75	0	1
22	0	341760	7	13	0	8	0	1	1	0	0	40	0	0
26	0	152452	1	9	1	6	1	1	0	0	0	40	0	0
49	0	558752	3	10	3	7	2	1	1	3674	0	40	0	0
28	0	153813	3	10	0	8	3	1	1	0	0	38	0	0
54	0	81859	1	9	1	7	1	1	0	0	0	40	0	1
47	3	51664	0	7	1	1	1	1	0	0	0	60	0	0
46	0	334421	7	13	3	10	3	2	1	0	0	40	27	0
35	0	239415	1	9	1	6	1	1	0	0	0	42	0	0
57	1	62701	3	10	2	8	2	1	0	6849	0	40	0	0
37	6	347491	3	10	1	8	1	1	0	0	0	50	0	1
54	1	108739	0	7	2	2	3	0	1	0	0	40	0	0
34	0	340917	1	9	4	0	2	1	0	2174	0	45	0	0
54	4	160636	1	9	0	7	3	1	1	0	0	40	4	0
49	0	116927	7	13	1	10	1	1	0	0	0	60	0	0
24	0	179423	7	13	0	7	0	1	1	0	0	20	0	0
18	0	347829	0	7	0	4	0	1	1	0	0	4	0	0
62	3	56317	9	16	1	5	1	1	0	0	0	50	1	1
37	6	347189	1	9	1	8	1	1	0	0	0	55	0	1
42	0	201520	3	10	1	6	1	1	0	0	0	50	0	0
43	0	43533	10	3	4	4	5	1	1	0	0	40	11	0
20	0	313786	1	9	0	8	3	0	1	0	0	40	0	0
36	0	367216	3	10	5	4	0	1	1	0	0	28	0	0
23	0	408988	3	10	0	7	3	1	1	0	0	38	0	0
48	0	175662	1	9	2	7	3	1	1	0	0	24	0	0
77	3	161552	15	1	2	8	2	1	1	0	0	60	0	0
26	0	311743	1	9	4	4	3	1	1	0	0	39	0	0
25	0	323229	7	13	1	12	1	1	0	0	0	40	0	0
38	0	163204	1	9	1	12	1	1	0	0	1740	40	0	0
25	0	201481	7	13	0	8	2	1	1	0	0	40	0	0
27	0	154210	2	12	1	12	1	2	0	0	0	40	1	0
36	1	247547	1	9	4	7	3	0	1	0	0	40	0	0
51	6	254230	3	10	1	8	1	1	0	0	1977	58	0	1
33	0	156464	7	13	0	10	2	1	0	0	0	50	0	1
31	0	108322	3	10	6	6	1	1	0	0	0	28	0	0
33	0	213179	3	10	1	0	1	1	0	0	0	40	0	1
24	0	160122	7	13	0	9	2	1	0	0	0	20	0	0
64	2	80392	1	9	2	3	2	1	1	0	0	4	0	0
36	1	254202	5	15	3	5	3	1	1	0	0	24	7	0
26	5	232914	3	10	0	7	2	1	1	0	0	40	0	0
31	1	206609	7	13	0	2	2	1	0	0	1876	40	0	0
33	0	44623	1	9	1	8	1	1	0	0	0	45	0	0
22	2	199005	2	12	0	3	0	1	0	0	0	40	0	0
37	0	403344	1	9	1	6	1	1	0	0	0	40	0	0
37	0	118577	1	9	1	7	4	1	1	0	0	25	0	1
37	0	122889	9	16	1	5	1	2	0	7298	0	40	23	1
23	0	196508	3	10	0	7	0	0	1	0	0	24	0	0
26	0	40915	7	13	0	7	2	1	1	0	0	40	0	0
37	0	143774	1	9	3	8	3	1	1	0	0	50	0	0
22	0	173004	1	9	0	0	5	0	0	0	0	1	0	0
49	0	353824	1	9	1	6	1	1	0	0	1887	40	0	1
53	0	171058	3	10	3	13	3	1	1	0	0	40	0	0
40	0	335400	3	10	1	10	1	1	0	0	0	40	5	0
30	1	263650	7	13	0	10	3	0	1	0	0	17	0	0
59	0	187025	1	9	3	7	2	0	0	0	0	40	0	0
49	0	149218	1	9	3	6	3	1	0	0	0	50	0	0
26	0	190916	1	9	1	8	1	1	0	0	0	40	0	0
50	0	240989	14	2	1	1	5	1	0	0	0	40	4	0
47	0	216093	1	9	1	7	1	1	0	15024	0	40	0	1
42	0	111483	7	13	1	10	1	1	0	0	0	60	0	1
24	0	214810	11	11	0	10	2	1	1	0	0	35	0	0
46	0	165402	1	9	1	6	4	1	1	5178	0	40	0	1
50	4	36489	3	10	1	7	1	1	0	0	0	40	0	1
18	0	173923	3	10	0	7	0	1	1	0	0	10	0	0
20	0	273147	1	9	0	0	0	0	0	0	0	40	0	0
18	0	113814	1	9	0	1	0	1	0	0	0	40	0	0
41	0	118768	2	12	0	6	2	1	0	0	0	48	0	0
62	4	34916	3	10	1	5	1	1	0	0	0	40	0	1
36	0	73023	1	9	1	12	1	1	0	0	0	70	0	0
46	5	179869	1	9	1	13	1	1	0	0	0	40	0	0
48	4	259131	3	10	3	7	3	0	0	5455	0	40	0	0
52	0	257756	11	11	3	7	2	1	1	0	0	40	7	0
53	0	448862	1	9	0	12	3	0	0	0	0	40	0	0
31	0	150553	2	12	0	9	2	2	1	0	0	40	0	0
30	0	205152	11	11	1	8	1	1	0	0	0	35	0	1
26	0	220499	1	9	0	13	3	1	0	0	0	40	0	0
19	0	134252	1	9	0	4	0	1	0	0	0	35	0	0
20	0	175808	1	9	0	6	0	1	0	0	0	40	0	0
35	0	185621	7	13	0	8	0	1	1	0	0	40	0	0
24	0	278391	2	12	0	10	0	1	0	0	0	30	0	0
22	3	174907	3	10	0	5	0	1	1	0	0	15	0	0
40	0	175642	7	13	0	5	2	1	1	0	0	60	0	1
24	3	216889	12	5	1	6	1	1	0	0	0	45	0	0
34	0	183557	1	9	4	7	2	1	1	0	0	20	0	0
24	0	196674	7	13	1	5	1	1	0	0	0	40	0	0
20	0	169188	3	10	0	4	2	1	1	0	0	30	0	0
46	0	203785	3	10	1	10	1	1	0	0	0	40	0	1
49	0	196707	7	13	1	8	1	1	0	0	0	45	0	1
37	0	190297	7	13	1	9	1	1	0	0	0	45	0	1
18	0	255595	0	7	0	5	0	1	0	0	0	5	0	0
38	3	374983	3	10	1	6	1	1	0	0	0	55	0	0
21	0	176178	7	13	1	10	5	1	1	0	0	35	0	0
35	0	181165	1	9	3	10	2	1	1	0	0	40	0	0
43	1	212490	11	11	3	7	2	0	1	0	0	40	0	0
61	0	215766	7	13	1	8	1	1	0	0	0	50	0	1
46	0	261688	1	9	3	6	2	1	0	0	0	40	0	0
39	0	123417	7	13	0	8	2	1	0	0	0	60	0	0
29	0	108431	11	11	1	8	1	0	0	0	2415	40	0	1
58	0	32954	3	10	3	7	2	1	1	0	0	40	0	0
47	0	224752	3	10	3	8	2	1	1	0	0	40	0	0
35	0	122353	0	7	0	13	5	1	0	0	0	40	0	0
37	0	176159	7	13	1	8	1	1	0	0	0	40	0	1
28	0	189407	1	9	1	10	1	1	0	0	0	55	0	0
26	0	181772	3	10	1	9	1	1	0	0	0	40	0	0
36	3	109133	1	9	3	6	2	1	0	0	0	40	0	0
49	3	165229	11	11	1	8	1	1	0	0	0	40	0	0
23	5	315449	3	10	0	7	0	0	0	0	0	20	0	0
40	0	37848	1	9	3	5	3	1	1	0	0	40	0	0
37	4	54595	1	9	0	7	3	0	1	0	0	40	0	0
20	2	127914	3	10	0	3	5	1	0	0	0	40	0	0
20	0	121596	3	10	0	4	0	1	1	2907	0	35	0	0
38	0	95336	7	13	1	6	1	1	0	0	0	45	0	0
40	2	299197	1	9	0	3	2	1	0	0	0	23	0	0
58	0	299991	0	7	3	7	2	1	1	3674	0	40	0	0
28	0	70034	12	5	0	0	0	1	0	0	0	40	26	0
30	0	256970	8	14	1	5	4	1	1	0	0	35	0	1
29	0	108706	3	10	1	9	4	1	1	0	0	40	0	0
52	0	227832	7	13	1	5	1	1	0	0	0	50	0	1
26	0	272865	1	9	1	6	1	1	0	0	0	40	0	0
39	0	60070	1	9	3	4	3	1	1	0	0	24	0	0
40	0	223730	8	14	3	8	3	1	1	0	0	38	0	0
51	3	22743	1	9	1	1	1	1	0	0	1740	40	0	0
26	0	195994	7	13	4	10	2	1	1	0	0	40	0	0
19	2	181242	3	10	0	3	0	1	0	0	0	40	0	0
64	0	133169	0	7	2	0	2	1	1	0	0	40	17	0
22	0	99199	3	10	0	7	0	1	0	0	0	50	0	0
40	0	246949	1	9	3	0	0	1	0	0	0	40	0	0
31	0	284889	7	13	2	10	3	1	1	0	0	41	0	0
35	0	150309	3	10	1	12	1	4	0	0	1887	40	0	1
24	0	201799	7	13	0	12	0	1	1	0	0	84	0	0
58	0	52090	5	15	3	9	3	1	0	0	0	40	0	1
83	1	107338	3	10	2	5	2	1	0	0	0	12	0	0
45	0	32356	7	13	1	10	1	1	0	0	0	55	0	1
47	0	50092	7	13	3	8	3	3	0	0	1138	40	0	0
28	0	311446	1	9	3	7	2	1	1	0	0	40	0	0
29	4	128553	11	11	0	7	3	0	1	0	0	40	0	0
23	0	203203	7	13	0	5	2	1	1	0	0	40	0	0
30	3	429281	1	9	0	1	2	1	0	0	0	40	1	0
31	0	192660	11	11	0	7	3	0	1	0	0	30	0	0
30	1	170449	8	14	1	5	1	2	0	0	0	40	0	1
57	2	221417	7	13	1	3	1	1	0	0	0	40	0	1
80	2	156942	14	2	4	3	2	0	0	0	0	15	0	0
21	0	177504	3	10	0	13	0	1	0	0	0	35	0	0
24	0	378546	0	7	0	13	0	1	0	0	0	39	0	0
39	3	33001	1	9	1	6	1	1	0	0	0	40	0	0
30	0	213722	5	15	0	5	2	1	0	0	0	50	0	1
36	0	152307	1	9	1	7	1	1	0	7298	0	55	0	1
61	3	53777	5	15	3	5	2	1	0	0	0	50	0	0
23	0	60668	3	10	0	10	0	1	0	0	0	55	0	0
34	0	132544	3	10	1	10	1	1	0	0	0	99	0	0
53	0	277772	1	9	3	13	3	0	1	0	0	40	0	0
23	0	415755	0	7	0	13	0	1	0	0	0	30	0	0
51	0	136080	1	9	3	10	5	1	1	0	0	31	0	0
29	0	241607	1	9	0	6	2	1	0	2597	0	40	0	0
22	0	180190	3	10	0	6	2	1	0	0	0	40	0	0
19	0	400356	3	10	5	7	0	1	0	0	0	40	0	0
55	4	154274	8	14	0	8	2	1	1	8614	0	40	0	1
48	0	146497	1	9	2	10	3	1	1	0	0	37	0	0
47	0	189498	1	9	1	9	1	1	0	0	0	65	0	1
32	0	65942	1	9	0	4	2	1	1	0	0	56	0	0
27	3	151382	1	9	0	1	0	1	0	0	0	40	0	0
41	0	56651	1	9	1	6	1	1	0	0	0	45	0	0
25	0	164488	2	12	0	8	0	1	0	0	0	45	0	0
27	1	183061	1	9	0	1	0	4	0	0	0	60	0	0
31	0	289228	1	9	1	8	4	1	1	0	0	35	0	0
28	0	38918	7	13	0	5	2	1	0	0	0	50	0	0
23	0	194630	1	9	4	0	0	1	0	0	0	53	0	0
31	0	262848	1	9	3	7	2	1	1	0	0	40	0	0
21	0	157595	1	9	0	4	2	1	0	0	0	35	0	0
26	0	102476	3	10	0	4	0	1	0	0	0	40	0	0
45	1	93663	3	10	3	7	3	1	1	0	0	35	0	0
30	0	202450	1	9	3	6	0	1	0	0	0	40	0	0
45	0	72393	1	9	0	10	0	1	1	0	0	35	0	0
27	0	53147	1	9	0	6	2	0	0	0	0	40	0	0
29	3	337944	0	7	4	12	2	1	0	0	0	60	0	0
31	0	37939	3	10	0	4	2	1	0	0	0	40	0	0
57	0	118993	12	5	1	12	5	1	1	0	0	40	1	0
60	0	772919	7	13	1	4	1	1	0	0	0	25	0	0
26	0	143062	3	10	3	7	0	1	1	0	0	40	0	0
31	1	32593	7	13	0	5	2	1	1	0	0	40	0	0
39	0	167882	13	8	0	4	3	0	1	0	0	48	10	0
52	1	48413	1	9	1	4	1	1	0	0	0	40	0	0
50	0	123429	1	9	1	12	1	1	0	0	0	40	0	1
61	0	244261	1	9	1	6	1	0	0	0	0	40	0	0
37	5	318891	3	10	3	7	3	1	1	0	0	40	0	0
20	0	259788	1	9	0	13	0	0	0	0	0	40	0	0
42	3	248876	3	10	3	6	3	1	0	0	0	55	0	0
63	4	334418	14	2	1	7	1	0	0	0	0	40	12	0
38	3	166497	5	15	0	5	2	1	0	0	0	60	0	1
54	3	260833	3	10	1	1	1	1	0	0	0	45	0	1
35	0	107477	3	10	0	0	2	1	1	0	0	40	0	0
20	0	37932	1	9	0	4	2	1	0	0	0	45	0	0
58	3	216948	4	6	4	10	5	3	0	0	0	40	22	0
38	0	157473	11	11	1	5	1	1	0	0	0	48	0	0
21	2	117222	3	10	0	3	0	1	0	0	0	40	0	0
27	6	186733	1	9	0	8	2	1	0	0	0	50	0	0
53	0	231472	8	14	1	8	1	1	0	15024	0	50	0	1
31	1	187689	7	13	1	5	1	1	0	0	0	40	0	0
32	0	323985	8	14	0	8	2	1	1	0	0	45	0	0
53	0	270655	13	8	1	9	1	1	0	0	0	45	0	1
36	0	301614	3	10	3	6	2	1	0	0	0	45	4	0
25	0	112754	3	10	1	5	1	1	0	0	0	50	0	0
23	2	35633	3	10	0	3	2	1	0	0	0	40	1	0
30	3	112358	3	10	1	8	1	1	0	0	0	40	0	0
57	3	247337	1	9	1	10	1	1	0	0	0	72	0	0
40	6	115411	2	12	1	8	1	1	0	0	0	65	0	1
42	5	884434	3	10	4	5	3	0	1	0	0	40	0	0
55	0	72812	1	9	4	10	2	1	0	0	0	36	0	0
26	0	192549	3	10	0	6	0	1	0	0	0	40	0	0
43	3	54310	7	13	3	5	3	1	0	0	0	50	0	0
58	3	33386	2	12	1	6	4	1	1	0	0	20	0	0
30	0	233433	1	9	0	10	0	1	1	0	0	45	0	0
24	0	106373	1	9	3	13	3	1	0	0	0	40	0	0
60	0	215591	1	9	1	12	1	1	0	0	0	50	0	0
39	0	184531	1	9	3	4	2	1	1	0	0	40	0	0
40	0	69495	1	9	1	12	1	1	0	0	0	40	0	0
63	3	22228	1	9	1	4	1	1	0	0	0	40	0	1
38	0	55899	7	13	3	7	3	1	1	0	0	40	0	0
50	6	181498	1	9	1	10	1	1	0	0	0	40	0	0
31	5	203572	1	9	3	7	3	1	1	0	0	30	0	0
23	0	120601	11	11	1	6	1	0	0	0	0	40	0	0
36	0	74706	4	6	3	6	3	1	1	0	0	40	0	0
59	2	259673	3	10	1	3	1	3	0	0	0	40	12	0
48	0	126441	14	2	1	4	1	2	0	0	0	45	27	0
25	0	127784	3	10	0	10	3	1	1	0	0	40	0	0
43	0	33658	3	10	5	6	3	1	0	0	3004	40	0	1
36	0	234901	3	10	1	5	1	1	0	0	0	40	0	0
45	0	34307	7	13	3	5	3	1	1	0	0	40	0	0
75	0	124660	1	9	0	7	2	1	1	0	0	40	0	1
29	0	278637	11	11	1	7	1	1	0	0	0	40	0	0
27	0	373545	1	9	0	13	2	1	0	0	0	40	0	0
17	0	172548	12	5	0	10	0	1	0	0	0	8	0	0
46	0	28074	3	10	1	6	1	1	0	0	0	89	0	1
58	3	127539	4	6	1	6	1	1	0	2407	0	25	0	0
25	2	180246	7	13	0	3	2	1	0	0	1408	40	0	0
34	5	377017	8	14	0	5	3	1	0	0	0	40	0	0
41	0	144925	3	10	3	6	2	1	0	0	0	40	0	0
51	2	156877	12	5	4	3	2	1	0	0	0	60	0	0
19	0	153019	1	9	0	8	0	1	0	0	0	40	0	0
47	0	32825	3	10	1	10	1	1	0	0	0	60	0	0
46	0	114120	3	10	3	9	2	1	1	0	0	38	0	0
36	2	92440	3	10	1	3	1	1	0	0	0	40	0	0
42	3	32016	1	9	1	1	1	1	0	0	0	70	0	0
51	0	165953	1	9	4	13	2	0	0	0	0	45	0	0
21	0	96061	3	10	0	4	0	1	1	0	0	10	0	0
50	0	106422	1	9	1	10	4	0	1	0	1485	37	0	1
49	3	167281	1	9	1	10	1	1	0	0	0	40	0	0
21	0	137895	3	10	0	13	0	1	0	0	0	40	0	0
52	0	177487	1	9	1	4	1	1	0	0	0	40	0	0
32	0	344696	3	10	0	0	3	1	1	0	0	40	0	0
66	3	51415	11	11	1	1	1	1	0	4931	0	98	0	0
36	0	134367	7	13	1	9	4	1	1	0	0	32	0	1
40	0	289636	1	9	1	10	1	1	0	0	0	50	0	0
30	0	165115	11	11	3	7	3	1	1	0	0	30	0	0
20	0	206008	1	9	0	4	0	0	0	0	0	40	0	0
22	5	149342	3	10	0	13	0	1	0	0	0	35	0	0
48	3	90042	3	10	1	5	1	1	0	0	0	49	0	0
22	0	495288	1	9	0	7	0	1	1	0	0	38	0	0
22	0	234970	3	10	0	4	0	0	1	0	0	40	1	0
51	3	123011	1	9	3	6	0	1	0	0	0	40	0	0
36	3	260454	1	9	1	6	1	1	0	0	0	30	0	0
19	0	39026	1	9	0	7	0	1	0	0	0	40	0	0
22	0	278021	1	9	0	12	2	1	0	0	0	40	0	0
47	3	159399	11	11	1	4	1	1	0	0	0	45	0	0
34	0	340665	3	10	1	0	1	0	0	0	2057	35	0	0
34	5	392518	1	9	0	4	3	0	1	0	0	40	0	0
24	0	229826	7	13	0	12	0	1	0	0	0	20	0	0
62	0	185503	8	14	1	8	1	1	0	0	0	50	0	1
25	0	399117	10	3	1	4	1	1	0	0	0	40	4	0
45	0	168232	1	9	1	6	1	1	0	0	0	56	0	1
42	0	377322	11	11	1	0	1	0	0	0	0	40	0	0
71	3	141742	1	9	2	1	3	1	0	1731	0	5	0	0
39	0	31964	1	9	1	8	1	1	0	0	0	80	0	1
45	3	29019	1	9	1	4	4	1	1	0	0	55	0	0
67	2	183420	1	9	1	3	1	1	0	0	0	21	0	0
36	0	305319	8	14	1	8	1	1	0	0	0	50	0	1
35	0	182189	8	14	1	5	1	1	0	0	0	50	0	0
39	0	257250	1	9	3	6	2	1	0	0	0	60	0	0
60	3	269485	15	1	3	4	3	1	1	0	0	40	4	0
32	3	182177	1	9	1	6	1	1	0	0	0	40	0	0
38	0	179481	1	9	1	0	1	1	0	0	0	40	19	0
27	0	199118	3	10	0	7	0	1	1	0	0	40	28	0
46	0	33084	1	9	3	6	2	1	0	0	0	40	0	0
53	0	185407	1	9	1	13	1	1	0	0	0	40	0	1
38	3	177907	1	9	1	10	1	1	0	0	0	40	0	0
40	0	145441	1	9	1	8	1	1	0	0	1485	40	0	1
25	0	104830	7	13	0	5	0	1	1	0	0	15	0	0
27	0	247507	1	9	1	6	1	1	0	0	0	40	0	0
71	6	216601	0	7	3	0	3	0	0	0	0	40	0	0
28	1	91670	7	13	0	5	2	2	1	0	0	40	0	0
58	0	106740	1	9	1	6	1	1	0	0	0	40	0	1
57	0	122562	4	6	1	12	1	1	0	0	0	60	0	1
35	0	109133	1	9	4	0	2	1	0	3674	0	52	0	0
35	0	196123	2	12	1	8	1	1	0	0	0	40	0	1
55	0	123436	11	11	1	5	1	1	0	0	0	40	0	1
56	6	42298	12	5	1	8	1	0	0	0	0	40	0	0
44	0	297248	1	9	5	6	3	1	0	0	0	40	15	0
23	0	117363	7	13	0	4	2	1	1	0	0	35	0	0
41	0	79864	11	11	0	7	0	1	1	0	0	40	0	0
51	0	190762	14	2	2	6	2	1	0	0	0	40	4	0
46	0	155509	7	13	4	5	3	0	1	0	0	32	32	0
45	4	163434	1	9	3	7	2	1	0	0	0	40	0	0
35	0	153832	11	11	0	4	2	1	0	0	0	35	0	0
53	4	147629	2	12	1	5	1	1	0	0	0	80	0	1
33	0	488720	10	3	1	13	5	1	0	0	0	40	4	0
49	0	169180	1	9	2	7	2	1	1	0	1876	35	0	0
37	0	188763	7	13	1	5	1	1	0	0	0	45	0	1
37	0	229647	1	9	3	0	2	1	1	0	0	42	0	0
57	3	321456	1	9	1	1	1	1	0	0	0	20	0	0
24	0	199698	2	12	1	13	1	1	0	0	0	48	0	0
32	0	226010	1	9	1	6	1	1	0	0	0	60	0	0
28	0	116298	6	4	0	0	2	1	0	0	0	45	0	0
33	0	130057	2	12	1	10	1	1	0	0	0	45	0	0
27	0	369188	7	13	1	5	4	1	1	0	0	90	0	1
32	0	155193	1	9	4	5	2	1	0	0	0	55	0	0
33	0	159574	4	6	1	12	1	1	0	0	0	40	0	0
51	0	299353	3	10	3	4	3	1	1	0	0	56	0	0
46	1	99971	1	9	1	2	1	1	0	0	0	56	0	1
65	0	190160	7	13	1	8	1	1	0	99999	0	40	0	1
67	0	283416	8	14	0	5	2	1	0	0	0	40	0	0
60	0	224277	7	13	3	8	3	1	1	0	0	40	0	1
30	0	111567	1	9	0	6	0	1	0	0	0	48	0	0
53	0	151411	1	9	1	6	1	1	0	0	0	40	0	1
34	0	346736	2	12	0	8	0	1	1	0	0	50	0	0
26	0	264055	3	10	0	10	3	1	0	0	0	55	0	0
22	0	309620	1	9	0	10	2	3	0	0	0	45	1	0
39	0	224541	2	12	1	6	1	1	0	0	0	40	0	1
46	0	235334	8	14	1	8	1	0	0	99999	0	60	0	1
22	0	296158	4	6	1	6	1	1	0	0	0	40	0	0
25	0	153997	4	6	0	0	2	1	0	0	0	40	0	0
53	0	231482	1	9	1	5	1	1	0	0	0	50	0	0
35	0	278553	7	13	1	5	1	0	0	0	0	38	0	0
56	0	91251	1	9	1	4	1	2	0	0	0	20	27	0
47	3	192053	6	4	1	8	1	1	0	0	0	55	0	1
47	0	207120	1	9	4	0	2	1	0	0	0	44	0	0
46	6	125892	7	13	1	5	1	1	0	0	1977	60	0	1
34	0	186824	7	13	1	5	1	1	0	0	0	40	0	0
45	0	200471	3	10	1	10	1	1	0	0	2415	40	0	1
22	0	117779	7	13	0	8	2	1	0	0	0	50	0	0
23	0	44793	1	9	0	13	2	1	0	0	0	50	0	0
33	0	37646	7	13	1	7	1	1	0	0	0	60	0	0
45	0	174127	3	10	0	0	0	1	0	0	0	40	0	0
26	0	110103	1	9	0	4	2	1	1	0	1762	40	0	0
20	0	74631	3	10	0	10	5	1	1	0	0	40	0	0
32	0	211239	3	10	6	8	4	1	1	0	0	40	0	1
26	2	157008	1	9	3	3	2	1	1	0	0	40	0	0
35	3	90406	1	9	0	4	3	1	1	0	0	60	0	0
27	0	199998	1	9	3	6	3	1	1	0	0	32	0	0
73	0	132350	6	4	2	0	2	1	1	0	0	18	0	0
61	0	233427	7	13	1	5	1	1	0	0	0	30	0	0
52	1	71489	1	9	1	6	1	1	0	0	1579	40	0	0
34	6	119411	3	10	0	12	3	1	0	0	0	40	0	0
35	0	351772	3	10	1	10	1	1	0	0	0	60	0	1
27	1	34254	7	13	1	2	1	1	0	0	0	40	0	0
51	0	178693	7	13	1	10	1	1	0	0	0	50	0	1
47	0	168262	3	10	1	8	1	1	0	0	0	60	0	1
58	0	34169	3	10	1	10	1	1	0	3103	0	25	0	1
31	0	328118	3	10	0	4	2	1	1	0	0	20	0	0
39	6	122353	7	13	1	8	1	1	0	7688	0	50	0	1
18	0	37315	3	10	0	7	0	1	0	0	0	50	0	0
27	0	181916	3	10	0	0	0	1	0	0	0	40	0	0
21	0	55465	2	12	0	4	5	1	0	0	0	15	0	0
45	0	192203	1	9	1	6	1	1	0	15024	0	49	0	1
26	0	91683	3	10	1	12	1	1	0	0	0	40	0	0
18	0	39302	13	8	0	4	0	1	1	0	0	12	0	0
27	0	171356	2	12	0	6	0	1	0	0	0	40	0	0
53	6	197189	1	9	1	10	1	1	0	0	0	72	0	1
47	0	112362	4	6	1	10	1	1	0	0	0	40	0	0
21	0	228326	1	9	0	7	0	1	0	0	0	40	0	0
32	0	307353	1	9	3	7	2	0	1	0	0	40	0	0
44	0	172160	0	7	3	0	3	0	1	0	0	40	0	0
62	6	234738	7	13	1	8	1	1	0	5013	0	50	0	0
34	0	33117	1	9	3	0	2	1	0	0	0	40	0	0
64	3	217380	5	15	3	5	2	1	0	0	2559	60	0	1
36	0	157954	1	9	3	7	3	1	1	0	0	40	0	0
53	0	164299	7	13	1	7	1	1	0	0	1887	65	0	1
61	3	224981	4	6	2	6	5	1	0	0	0	18	4	0
25	0	281209	1	9	1	12	1	1	0	0	0	40	0	0
41	3	200479	1	9	0	6	2	1	0	0	0	48	0	0
28	0	132750	1	9	3	4	3	0	1	0	0	20	0	0
22	0	21154	1	9	0	4	2	1	1	0	1590	32	0	0
34	5	189843	3	10	1	2	1	1	0	0	0	40	0	0
21	0	116657	1	9	0	10	5	1	0	0	0	40	0	0
52	0	113522	1	9	0	0	2	1	0	0	0	45	0	1
53	0	176185	1	9	1	6	1	1	0	0	0	40	0	0
90	0	227796	2	12	0	8	2	1	0	6097	0	45	0	1
24	0	194891	11	11	0	8	2	1	1	0	0	40	0	0
51	0	197189	1	9	1	8	1	1	0	0	0	40	0	0
30	0	182191	7	13	0	5	2	1	1	2202	0	38	0	0
47	0	242559	3	10	3	0	2	0	1	0	1408	40	0	0
90	3	122348	5	15	1	5	1	1	0	20051	0	45	0	1
44	0	40024	1	9	1	6	1	1	0	0	0	40	0	0
43	1	225978	3	10	1	6	1	0	0	0	0	40	0	1
18	0	407436	1	9	0	6	0	1	0	0	0	30	0	0
60	3	119471	2	12	1	8	1	2	0	0	0	40	16	0
33	0	249409	8	14	1	5	1	0	0	0	0	35	0	0
38	2	217409	3	10	1	3	4	1	1	0	0	40	0	0
48	0	148995	3	10	1	6	1	1	0	0	0	60	0	0
50	0	200046	8	14	1	8	1	1	0	0	0	50	0	1
37	0	215618	7	13	1	8	1	1	0	0	0	40	0	1
21	0	280081	3	10	0	10	0	1	1	0	0	40	0	0
46	6	340651	7	13	1	4	1	0	0	0	1977	60	0	1
39	0	111000	8	14	0	4	3	1	1	0	0	35	0	0
26	0	135521	11	11	0	13	5	1	0	0	0	28	0	0
24	3	194102	7	13	0	8	0	1	0	0	0	40	0	0
35	3	295127	3	10	3	1	3	1	0	0	0	50	0	0
60	2	102310	2	12	3	3	2	1	1	0	0	45	25	0
48	0	240175	0	7	4	4	3	0	0	0	0	22	0	0
41	0	145441	1	9	1	0	1	1	0	0	0	40	0	1
61	3	243019	15	1	1	6	1	1	0	0	0	40	0	0
33	0	215596	12	5	1	6	1	3	0	0	0	40	4	0
25	5	31350	3	10	0	4	2	1	0	0	0	40	0	0
23	0	246965	3	10	0	0	0	0	0	0	0	40	0	0
28	0	99838	7	13	0	8	2	1	0	0	0	38	1	0
40	0	340797	3	10	0	0	2	0	1	0	0	40	0	0
51	2	29937	1	9	2	3	2	4	1	0	0	20	0	0
38	1	30056	3	10	1	4	1	1	0	0	0	40	0	0
32	0	309903	4	6	0	4	3	1	1	0	0	25	0	0
55	5	256984	3	10	1	4	1	0	0	0	0	40	0	0
22	0	181723	3	10	1	1	1	1	0	0	0	30	7	0
37	0	101020	7	13	4	8	2	1	0	4787	0	55	0	1
44	3	106900	7	13	3	6	2	1	0	0	0	40	0	0
24	0	195770	3	10	0	8	0	1	0	0	0	40	0	0
49	0	102737	11	11	3	6	2	1	0	0	0	40	0	0
35	1	191779	3	10	1	6	1	1	0	0	0	40	0	1
56	3	99479	3	10	1	10	1	1	0	5013	0	46	0	0
62	0	196891	7	13	1	8	1	1	0	0	0	40	0	1
19	2	208066	3	10	0	3	0	1	1	0	0	40	0	0
31	0	54341	1	9	1	13	1	1	0	0	0	45	0	0
21	0	140001	3	10	0	13	0	1	0	0	0	30	0	0
26	0	248220	1	9	1	7	1	1	0	0	0	40	0	0
53	0	172962	5	15	1	5	1	1	0	0	0	40	0	1
37	0	88215	8	14	0	5	2	2	1	0	0	40	27	0
18	0	110142	0	7	0	10	0	1	1	0	0	15	0	0
41	3	136986	3	10	0	6	2	1	0	0	0	40	0	0
52	5	206775	1	9	1	12	1	1	0	0	0	40	0	0
50	0	53497	1	9	0	8	2	1	0	0	0	40	0	0
22	0	238534	3	10	1	10	4	1	1	0	0	20	12	0
38	0	143123	1	9	1	6	1	1	0	0	0	40	0	0
36	3	60269	7	13	1	10	1	1	0	0	0	40	0	1
33	0	82623	1	9	1	6	1	1	0	4386	0	48	0	1
40	1	99666	1	9	1	12	1	1	0	0	0	55	0	0
61	0	95680	3	10	1	0	1	2	0	0	0	40	0	1
44	5	208163	11	11	4	2	3	1	0	0	0	40	0	0
41	0	369781	1	9	1	8	1	1	0	0	0	55	0	0
17	0	311288	0	7	0	8	0	1	1	0	0	24	0	0
42	3	152889	3	10	1	6	1	1	0	0	0	52	0	0
38	0	160086	7	13	0	5	2	1	1	0	0	32	0	0
34	0	117963	8	14	1	5	1	1	0	0	0	43	0	1
33	0	186884	1	9	5	7	2	0	0	0	0	40	0	0
41	0	313830	1	9	0	5	2	1	1	0	0	40	0	0
31	2	212529	3	10	0	3	0	0	0	0	0	40	0	0
41	6	124330	3	10	1	10	4	1	1	0	0	30	0	0
53	0	104501	7	13	0	8	2	1	0	0	0	42	0	0
41	0	43501	3	10	1	9	1	1	0	0	0	40	0	1
24	0	83774	1	9	0	6	3	1	0	0	0	40	0	0
37	0	216845	15	1	1	1	1	1	0	0	0	40	4	0
45	1	168191	1	9	1	12	1	1	0	0	0	40	0	0
62	3	166894	1	9	1	6	1	1	0	0	0	60	0	0
31	0	110083	1	9	4	8	3	1	1	0	0	40	0	0
55	0	194371	1	9	1	10	4	1	1	0	0	40	25	1
36	4	125933	7	13	0	5	0	1	0	0	2258	40	0	0
22	0	444554	7	13	0	8	2	1	0	0	0	50	0	0
34	0	190228	3	10	0	7	0	1	0	0	0	40	0	1
27	0	604045	7	13	0	10	2	1	0	27828	0	40	0	1
36	0	241126	3	10	3	9	3	1	0	0	0	40	0	0
38	0	168355	1	9	1	6	1	1	0	0	0	48	0	0
48	5	158451	7	13	4	5	3	1	1	914	0	40	0	0
50	0	141608	1	9	4	4	3	1	1	0	0	45	0	0
36	0	33157	3	10	1	8	1	1	0	0	0	50	0	1
45	0	187563	1	9	1	6	1	1	0	5013	0	45	0	0
33	0	26252	2	12	0	4	3	4	1	0	0	40	0	0
32	1	318647	1	9	1	2	1	1	0	0	0	36	0	0
47	0	152572	1	9	0	4	3	1	1	0	0	40	12	0
30	0	77634	1	9	1	8	1	1	0	0	0	40	0	0
40	0	199513	8	14	3	8	2	1	0	0	1408	50	0	0
19	0	260327	3	10	0	4	0	1	1	0	0	18	0	0
23	0	437940	1	9	1	0	1	1	0	0	0	40	0	0
54	0	137069	5	15	1	8	1	2	0	0	0	40	17	0
34	1	32587	3	10	1	8	1	4	0	0	0	40	0	0
47	6	193960	3	10	1	10	1	1	0	7298	0	45	0	1
33	0	170651	7	13	1	8	4	1	1	0	1977	38	0	1
68	2	186163	14	2	2	3	3	0	1	0	0	40	0	0
39	0	114544	3	10	1	8	1	1	0	0	0	55	0	1
28	0	159724	7	13	5	10	2	1	1	0	0	50	0	0
63	0	697806	1	9	1	12	1	1	0	0	0	60	0	0
34	0	140011	1	9	0	6	0	1	0	0	0	45	0	0
53	4	411700	1	9	1	7	1	1	0	7298	0	40	0	1
26	5	179633	3	10	0	2	0	1	0	0	0	40	0	0
57	1	317690	8	14	1	8	1	1	0	7688	0	60	0	1
45	1	213334	8	14	0	5	2	1	1	0	0	45	0	0
41	0	165304	3	10	1	6	1	1	0	0	0	50	37	0
57	0	192325	1	9	2	4	3	1	1	0	0	42	0	0
53	3	385183	3	10	1	4	1	1	0	0	0	60	0	0
33	0	232650	7	13	1	10	1	1	0	0	0	40	0	1
47	3	182474	1	9	1	8	4	1	1	0	0	36	0	0
37	0	119992	4	6	1	1	1	1	0	0	0	40	0	0
26	0	376016	1	9	0	4	2	1	1	0	0	30	0	0
39	0	144638	8	14	3	5	2	1	1	0	0	45	0	1
48	4	113612	7	13	1	5	1	1	0	0	0	40	0	1
65	2	106161	2	12	1	3	1	1	0	0	0	40	0	0
36	3	48160	7	13	1	8	1	1	0	0	0	40	0	0
30	3	55176	1	9	1	6	1	1	0	0	0	30	0	0
21	0	291232	3	10	0	4	2	1	0	0	0	40	0	0
55	0	250149	3	10	1	5	1	1	0	0	0	40	0	1
62	2	221064	3	10	1	3	1	1	0	0	0	40	0	0
27	3	87745	11	11	1	1	1	1	0	0	0	70	0	0
35	0	97136	3	10	0	4	3	0	1	0	0	37	0	0
18	0	632271	3	10	5	7	5	1	1	0	0	40	2	0
18	0	295607	4	6	0	12	0	1	0	0	0	40	0	0
84	2	163443	6	4	2	3	2	1	0	0	0	3	0	0
78	3	213136	1	9	2	8	2	1	0	0	0	24	0	0
23	0	107882	7	13	0	9	0	1	1	0	0	50	0	0
35	0	214378	1	9	0	7	0	1	1	0	0	40	0	0
24	0	236427	3	10	1	7	1	1	0	0	0	40	0	1
28	0	34292	1	9	0	6	0	1	0	0	0	40	0	0
33	0	204780	3	10	1	7	4	1	1	15024	0	40	0	1
22	0	161508	3	10	0	5	0	1	0	0	0	40	0	0
80	0	151959	1	9	2	4	2	0	0	0	0	15	0	0
41	0	196001	1	9	1	10	4	1	1	0	0	20	0	0
27	3	211259	8	14	0	5	2	1	0	0	0	40	0	1
45	0	35136	7	13	1	9	1	0	0	0	0	40	0	1
52	0	288353	7	13	1	10	1	1	0	99999	0	48	0	1
48	1	93449	5	15	1	5	1	2	0	99999	0	40	8	1
17	0	40432	4	6	0	7	0	1	1	0	0	4	0	0
60	0	180632	13	8	3	1	2	1	0	0	0	40	0	0
76	0	204113	1	9	2	2	2	1	1	7896	0	18	0	0
22	0	336101	3	10	0	4	2	1	1	0	0	30	0	0
34	0	235062	1	9	0	6	2	1	0	0	0	45	0	0
49	2	312552	1	9	1	3	1	1	0	0	2002	70	0	0
39	0	226947	6	4	4	4	5	1	0	0	0	40	11	0
40	0	29393	1	9	0	6	0	1	1	0	0	40	0	0
38	2	115376	3	10	1	3	4	0	1	0	0	40	0	0
52	6	146574	5	15	1	5	1	1	0	0	0	40	0	1
28	5	175389	2	12	0	7	0	1	1	0	0	40	4	0
26	6	316688	3	10	0	10	5	1	0	0	0	40	0	0
63	3	187919	7	13	1	10	1	1	0	0	0	40	0	1
41	2	188436	1	9	1	3	1	1	0	0	0	20	25	0
41	0	80666	3	10	1	5	1	1	0	0	0	50	0	1
59	3	381965	1	9	1	10	1	1	0	0	1740	80	0	0
31	0	192039	2	12	3	5	0	1	1	0	0	40	0	0
34	3	181091	3	10	0	1	0	1	0	0	0	50	0	0
40	0	50191	12	5	3	6	3	1	0	5455	0	40	0	0
29	0	155256	7	13	0	9	2	0	1	0	0	40	0	0
42	0	104973	1	9	1	6	1	1	0	0	0	40	0	0
35	0	348771	1	9	1	1	1	1	0	0	0	40	25	0
55	0	96415	1	9	2	4	3	0	1	0	0	35	0	0
77	0	213136	9	16	2	8	3	1	0	0	0	40	0	0
59	6	155259	3	10	1	8	4	1	1	0	0	20	0	0
47	0	95155	7	13	1	8	1	1	0	0	0	43	0	1
56	0	178787	1	9	1	13	1	1	0	0	0	40	0	0
34	0	361497	0	7	1	12	1	1	0	0	0	40	0	0
61	5	254890	1	9	1	12	1	1	0	0	0	40	0	0
36	0	296478	1	9	1	10	1	1	0	0	0	40	0	1
61	0	179791	1	9	0	10	0	1	1	0	0	40	0	0
25	6	110010	1	9	3	10	0	1	0	0	0	40	0	0
35	0	89622	1	9	1	12	1	1	0	0	0	40	0	0
56	5	118614	1	9	3	7	2	1	1	0	0	40	0	0
30	5	35683	7	13	3	9	2	1	1	0	0	40	0	0
53	1	163815	0	7	1	4	1	1	0	0	2179	41	0	0
49	0	175305	6	4	3	4	3	1	1	0	0	40	0	0
33	6	96245	1	9	1	10	1	1	0	0	0	99	0	0
27	0	201017	9	16	1	5	1	1	0	0	0	80	0	0
48	0	95388	3	10	0	8	2	0	1	0	0	40	0	0
42	0	249332	1	9	1	0	1	1	0	0	0	40	0	1
27	0	194759	2	12	5	6	2	1	0	0	0	50	0	0
61	0	260062	4	6	0	4	0	1	1	4416	0	38	0	0
36	3	166213	1	9	1	12	1	1	0	0	0	40	0	1
42	0	46743	3	10	1	5	4	1	1	0	0	25	1	0
20	0	112387	4	6	0	6	0	1	0	0	0	40	0	0
22	0	324685	12	5	0	10	2	1	1	0	0	32	0	0
34	0	87943	6	4	1	6	4	3	1	0	0	48	1	0
45	4	187510	8	14	1	5	1	1	0	0	0	40	0	1
26	0	188703	8	14	0	5	2	1	1	0	0	40	0	0
38	0	127961	7	13	1	5	1	1	0	7688	0	40	0	1
34	0	200117	1	9	1	6	1	1	0	0	0	40	0	0
40	6	142030	7	13	1	8	4	1	1	0	0	55	0	1
30	0	226296	8	14	1	5	1	1	0	0	0	40	0	1
27	0	239130	5	15	0	5	0	1	0	0	0	40	0	0
24	0	165475	1	9	0	1	2	1	0	0	0	25	0	0
46	6	328216	5	15	1	5	1	1	0	0	1902	45	0	1
21	2	118023	3	10	0	3	0	1	0	0	0	35	0	0
42	3	206066	8	14	0	5	0	1	0	0	0	45	0	0
29	1	141005	3	10	3	4	3	1	1	0	0	24	0	0
28	0	104870	11	11	0	4	2	0	1	0	0	48	0	0
44	3	253250	8	14	1	5	1	1	0	0	0	54	0	0
39	0	497788	2	12	1	10	1	1	0	0	0	50	0	1
42	0	128354	7	13	1	7	4	1	1	0	0	40	0	1
49	0	140782	4	6	3	8	3	1	1	0	0	40	0	0
37	0	216129	1	9	0	6	2	0	1	0	0	45	0	0
65	0	65757	1	9	0	7	3	1	1	0	0	40	0	0
35	2	264758	3	10	1	3	1	0	0	0	0	40	10	0
23	0	245361	3	10	0	1	0	1	0	0	0	35	0	0
48	1	216689	1	9	1	6	1	1	0	0	0	40	0	0
19	2	139517	0	7	0	3	0	1	0	0	0	25	0	0
65	1	188903	1	9	1	13	1	1	0	6418	0	45	0	1
18	0	170094	1	9	0	13	0	1	1	0	0	20	0	0
53	0	108836	12	5	1	12	1	1	0	0	0	40	0	0
27	0	189565	1	9	1	8	0	1	0	0	0	40	0	0
46	0	347993	14	2	3	6	2	1	0	0	0	40	4	0
49	0	187308	3	10	1	4	5	1	0	0	0	35	0	0
27	5	136077	7	13	0	5	2	1	0	0	0	40	0	0
25	5	165457	7	13	0	9	0	2	0	2463	0	40	0	0
49	4	175428	3	10	1	7	1	1	0	0	0	40	0	1
78	2	143574	3	10	2	3	2	1	0	0	0	5	0	0
34	0	349148	5	15	1	5	1	1	0	0	0	40	0	1
72	0	103990	8	14	1	4	1	1	0	0	0	12	0	0
55	6	183884	1	9	1	8	1	1	0	0	0	50	0	1
21	0	464484	1	9	5	7	0	1	1	0	0	40	0	0
41	0	190786	11	11	1	7	1	1	0	7298	0	40	0	1
30	0	348592	1	9	4	4	2	1	0	0	0	40	0	0
25	2	177839	1	9	0	3	0	1	0	0	0	40	0	0
32	0	152156	1	9	4	6	2	1	0	0	0	53	0	0
55	0	141807	1	9	5	6	5	1	0	0	0	40	19	0
47	1	188537	8	14	1	5	4	1	1	0	0	60	0	1
43	0	203233	1	9	1	12	1	1	0	0	0	50	0	1
51	0	28978	3	10	2	4	2	1	1	0	0	40	0	0
53	6	116211	3	10	1	8	1	1	0	0	0	40	0	0
18	2	97683	1	9	0	3	0	1	1	0	0	15	0	0
19	0	283945	1	9	0	4	0	1	0	0	0	35	0	0
43	0	115178	7	13	3	5	3	1	1	0	0	43	0	1
48	5	77102	9	16	1	5	1	1	0	0	0	45	0	1
23	0	132220	1	9	1	13	1	1	0	0	0	40	0	0
53	0	129301	3	10	1	10	1	1	0	0	0	45	0	1
22	0	187592	3	10	0	8	2	1	0	0	0	30	0	0
34	0	312667	8	14	1	5	1	1	0	0	0	45	0	0
36	1	206951	3	10	1	2	1	1	0	0	0	40	0	0
27	0	587310	2	12	1	12	0	1	0	0	0	40	11	0
76	0	328227	7	13	1	7	1	1	0	5556	0	13	0	1
35	0	100634	3	10	3	7	3	1	1	0	0	40	0	0
49	0	274200	1	9	1	8	1	1	0	0	0	72	0	0
18	6	29582	0	7	0	1	0	1	0	0	0	50	0	0
68	0	174812	1	9	0	4	2	1	0	0	0	15	0	0
22	5	138513	7	13	0	5	2	1	0	0	0	15	0	0
37	0	219137	6	4	3	10	3	1	1	0	0	44	0	0
23	0	265148	7	13	0	10	5	1	0	0	0	55	0	0
41	0	302606	1	9	3	8	3	1	1	0	0	40	0	0
18	0	197600	0	7	0	13	0	1	0	0	0	20	0	0
36	0	167415	1	9	3	6	3	1	0	0	0	40	0	0
44	0	13769	3	10	1	8	1	4	0	0	0	40	0	1
26	0	109390	1	9	1	13	1	1	0	0	0	40	0	0
36	0	218188	1	9	3	0	3	1	1	0	0	32	0	0
49	0	167159	3	10	1	0	1	1	0	0	0	40	0	0
72	0	128529	1	9	2	4	3	1	1	0	0	28	0	0
22	0	200973	2	12	0	4	2	1	1	0	0	12	0	0
22	0	118235	1	9	0	10	2	4	0	0	0	55	0	0
23	1	250165	7	13	0	5	0	1	1	594	0	40	0	0
47	0	269620	3	10	1	0	1	1	0	0	0	40	1	0
46	0	212162	10	3	1	4	1	0	0	0	0	40	0	0
25	0	147638	7	13	0	7	0	2	1	0	0	40	17	0
42	0	304605	3	10	1	6	1	1	0	0	0	40	0	0
45	3	165267	12	5	1	12	1	0	0	0	0	40	0	0
28	0	122037	7	13	1	5	1	1	0	0	0	55	0	1
63	6	165611	7	13	1	8	1	1	0	0	0	35	0	0
21	0	262634	6	4	0	1	2	1	0	0	0	36	0	0
46	0	280766	1	9	3	2	2	1	0	0	0	40	22	0
21	0	226668	11	11	0	6	2	3	0	0	0	40	0	0
37	0	130200	1	9	1	8	1	1	0	0	0	70	0	1
17	0	98005	0	7	0	10	0	1	1	0	0	20	0	0
47	0	308857	7	13	3	8	2	1	0	0	0	50	0	0
51	0	108914	1	9	1	13	1	1	0	0	0	40	0	0
64	1	210464	8	14	2	5	3	0	1	0	0	40	0	0
30	0	172748	1	9	1	8	1	1	0	0	0	40	0	0
27	0	192140	1	9	0	7	2	1	1	0	0	20	0	0
21	0	126568	1	9	0	7	5	1	0	0	0	40	0	0
50	0	179339	1	9	3	7	2	1	1	0	0	45	0	0
43	1	31621	3	10	3	7	3	1	1	0	0	20	0	0
39	0	365009	7	13	0	13	0	1	0	0	0	40	0	0
20	0	344698	3	10	0	0	0	1	0	0	0	30	0	0
42	0	159911	1	9	1	4	4	1	1	0	0	24	0	0
25	0	389456	3	10	0	6	0	1	0	0	0	30	0	0
48	0	167472	3	10	3	6	2	1	0	0	0	40	0	0
17	0	201412	4	6	0	1	0	1	0	594	0	5	0	0
26	3	331861	7	13	0	10	2	1	0	0	0	60	0	1
58	0	97541	8	14	1	8	1	1	0	0	0	46	0	1
34	0	71865	12	5	1	0	4	3	1	0	0	40	26	0
29	0	196564	1	9	1	7	1	1	0	0	0	40	0	0
19	0	218956	3	10	0	9	0	1	0	0	0	20	0	0
27	0	37359	7	13	0	5	2	1	0	0	0	40	1	0
41	0	184630	7	13	3	13	2	1	0	4416	0	40	0	0
17	1	161955	0	7	0	7	0	4	1	0	0	30	0	0
24	0	200089	1	9	1	4	1	1	0	0	0	40	3	0
39	3	193026	9	16	1	5	1	1	0	0	0	55	0	1
72	3	336423	10	3	1	1	1	1	0	0	0	40	0	0
52	5	184529	1	9	1	2	1	1	0	0	0	40	0	1
30	0	153876	2	12	0	5	2	1	1	0	0	53	0	0
22	0	269687	3	10	0	10	0	1	0	0	0	35	0	0
27	0	153805	3	10	0	6	3	3	0	0	0	45	33	0
43	0	151504	1	9	1	6	1	1	0	0	0	40	0	0
45	0	330087	2	12	0	1	2	1	0	0	0	40	0	0
59	0	164970	1	9	1	5	1	0	0	0	0	60	0	0
23	0	239539	3	10	0	6	0	2	0	0	0	40	1	1
55	3	50215	11	11	1	4	4	1	1	0	0	42	0	0
51	1	80123	3	10	1	2	1	1	0	0	0	35	0	0
54	2	55139	7	13	1	3	1	1	0	0	0	43	0	0
44	2	276096	3	10	0	3	5	1	0	0	0	45	0	0
41	0	222813	2	12	1	10	1	1	0	0	0	45	0	1
24	0	172232	1	9	1	0	1	1	0	0	0	42	0	0
54	3	386773	3	10	1	8	1	1	0	0	0	60	0	0
38	0	87556	3	10	1	6	1	1	0	0	0	40	0	0
38	5	169926	7	13	1	5	4	1	1	0	0	21	0	1
41	0	104196	8	14	1	8	1	1	0	0	0	50	0	1
34	0	320027	1	9	1	4	1	1	0	0	0	50	0	0
59	0	116637	1	9	1	6	1	1	0	0	0	40	0	0
33	0	307640	11	11	0	8	3	0	1	0	0	40	0	0
69	2	138386	1	9	1	3	1	1	0	1409	0	35	0	0
25	0	269015	1	9	0	4	5	0	1	0	0	40	0	0
30	0	90308	15	1	0	4	3	1	0	0	0	28	11	0
41	1	39581	1	9	4	4	2	0	1	4101	0	40	0	0
49	3	241688	1	9	1	5	1	1	0	0	0	60	22	0
22	1	467759	1	9	3	0	0	1	0	0	0	48	0	0
39	0	303677	3	10	3	8	3	1	1	0	0	15	0	0
56	0	47392	11	11	1	9	1	1	0	0	0	40	0	1
37	0	97925	1	9	3	7	2	1	1	0	0	40	0	0
18	1	243240	3	10	0	4	0	1	0	0	0	15	0	0
29	0	472344	10	3	1	13	2	1	0	0	0	40	4	0
41	0	177054	1	9	3	0	3	1	0	0	0	40	0	0
43	1	212206	11	11	1	7	4	1	1	0	0	40	0	1
34	0	244147	1	9	1	4	1	1	0	0	0	40	0	1
29	0	167336	3	10	1	7	4	1	1	0	0	50	0	0
43	5	135060	8	14	1	8	1	1	0	0	0	50	1	1
49	0	52184	1	9	1	0	1	1	0	0	0	40	0	0
31	0	159187	3	10	1	6	1	1	0	0	0	25	0	0
35	4	22494	7	13	3	5	2	1	1	0	0	50	0	1
36	0	219745	1	9	4	6	2	1	0	0	0	40	0	0
67	0	113323	8	14	3	7	3	1	0	0	0	41	0	0
36	0	181099	9	16	1	8	1	1	0	0	0	40	0	0
26	0	216741	1	9	0	7	2	1	1	0	0	40	0	0
51	1	106365	2	12	3	7	3	1	1	0	0	40	0	0
45	0	124973	3	10	1	6	1	1	0	0	0	30	0	0
37	0	73199	1	9	1	13	1	2	0	0	0	40	0	1
49	4	362679	11	11	1	7	1	1	0	0	0	9	0	1
29	0	197222	7	13	0	8	2	1	1	0	0	40	0	0
56	0	33115	1	9	3	4	3	1	1	0	0	40	0	0
42	4	37997	7	13	1	8	1	1	0	0	0	40	0	0
47	0	162067	8	14	1	7	1	0	0	0	0	40	10	0
35	0	133839	3	10	1	0	1	1	0	0	0	40	0	1
33	3	398874	7	13	0	9	0	1	0	0	0	40	0	0
26	6	289224	7	13	0	8	2	1	0	0	0	40	0	0
19	0	261259	3	10	0	13	0	1	0	0	0	35	0	0
61	0	438587	10	3	1	0	1	0	0	0	0	40	0	0
31	0	271162	0	7	0	8	0	1	0	0	0	40	0	0
66	2	115880	1	9	1	3	1	1	0	0	0	24	0	0
21	0	29810	3	10	0	7	2	1	1	0	0	40	0	0
19	0	277695	15	1	0	1	2	1	0	0	0	50	4	0
35	0	277347	1	9	1	0	1	1	0	0	0	55	0	0
43	2	220445	1	9	2	3	0	0	0	0	0	40	0	0
29	0	231507	1	9	0	6	2	1	0	0	0	35	0	0
28	0	184477	11	11	3	6	2	1	0	0	0	60	0	0
24	0	174714	3	10	0	13	0	1	0	0	0	45	0	0
24	0	118792	3	10	0	10	0	1	1	0	0	12	0	0
46	1	274689	2	12	3	2	2	1	0	0	0	40	0	0
24	0	148315	1	9	0	13	3	1	0	0	0	45	0	0
24	0	99844	8	14	0	5	0	1	0	0	0	60	0	0
36	5	143437	7	13	3	5	2	3	1	0	0	40	0	0
22	0	114357	3	10	0	7	2	1	0	0	0	55	0	0
46	2	427055	3	10	3	3	2	1	0	0	0	40	0	1
68	1	137518	1	9	2	7	2	1	1	0	0	33	0	0
33	0	183125	1	9	0	10	2	1	1	0	0	45	0	0
28	0	269317	1	9	1	0	1	1	0	0	0	42	0	0
46	5	107682	1	9	3	7	2	1	1	0	0	38	0	0
30	0	159589	7	13	1	8	1	1	0	0	1848	50	0	1
50	0	46401	7	13	5	10	2	1	1	0	0	20	7	0
69	3	164754	1	9	1	5	1	1	0	0	0	20	0	0
63	2	109446	1	9	1	3	1	1	0	0	0	40	0	0
33	0	314068	11	11	3	9	3	1	1	0	0	40	0	0
22	0	242138	1	9	1	7	4	1	1	0	0	40	0	0
39	4	203070	3	10	1	7	1	1	0	0	0	40	0	1
39	0	266960	3	10	3	0	2	1	1	0	0	25	0	0
29	3	239511	3	10	4	7	3	1	1	0	0	50	0	0
65	2	244749	1	9	1	3	1	1	0	0	0	20	22	0
23	0	244698	10	3	0	1	5	1	0	0	0	35	4	0
25	0	207258	12	5	0	7	3	1	1	0	0	40	4	0
61	0	111563	0	7	1	12	1	1	0	0	0	27	0	0
50	0	233149	11	11	1	10	1	1	0	0	0	50	0	1
61	0	166789	8	14	1	8	1	1	0	0	2246	50	0	1
54	6	22743	7	13	3	8	2	1	0	99999	0	70	0	1
41	1	180599	8	14	1	5	1	1	0	0	0	50	0	0
38	0	28738	3	10	0	7	2	1	1	0	0	40	0	0
38	0	259846	1	9	1	6	1	1	0	0	0	60	0	1
24	6	158950	7	13	1	10	1	1	0	0	0	45	0	0
23	0	185948	1	9	0	6	3	1	0	0	0	40	0	0
67	2	187553	6	4	3	3	2	1	0	0	0	40	0	0
49	0	169092	3	10	1	8	4	1	1	5178	0	40	25	1
40	0	129298	1	9	1	6	1	1	0	0	0	40	0	0
36	0	120204	1	9	3	9	2	1	1	0	0	40	0	0
49	1	229337	1	9	4	4	2	1	0	0	0	40	0	0
43	0	183674	13	8	5	10	3	1	1	0	0	25	1	0
34	0	538243	3	10	4	9	3	0	1	0	0	40	0	0
38	0	108947	1	9	3	0	2	1	0	2174	0	40	0	0
35	0	128516	1	9	1	8	4	1	1	0	0	45	0	0
28	0	147560	3	10	0	10	0	1	0	0	0	40	0	0
36	0	131808	1	9	1	0	1	1	0	4386	0	40	0	1
33	0	234537	1	9	1	6	1	1	0	0	0	40	0	0
46	1	165160	7	13	1	5	4	1	1	0	0	40	0	1
51	0	90275	1	9	3	10	3	1	1	0	0	45	0	0
26	1	143583	8	14	0	5	2	1	1	0	0	40	0	0
27	3	210020	1	9	1	0	0	1	0	0	0	40	0	0
26	0	135603	8	14	0	8	2	1	0	0	0	48	0	0
59	2	441227	8	14	1	3	1	0	0	7298	0	50	0	1
38	0	341943	1	9	3	8	3	1	1	0	0	40	0	0
64	0	38274	6	4	1	1	1	1	0	0	0	40	0	0
35	0	327435	3	10	4	5	3	1	1	0	0	45	0	1
27	4	175262	3	10	0	0	0	1	0	0	0	40	0	0
24	0	376474	1	9	1	13	1	1	0	0	0	65	0	0
38	0	171150	6	4	1	6	1	1	0	3781	0	78	0	0
32	0	459465	1	9	1	6	1	1	0	0	0	40	11	0
37	1	188391	2	12	3	4	3	1	0	0	0	60	0	1
37	0	196373	1	9	1	6	1	1	0	0	0	40	0	1
28	0	122913	1	9	1	10	1	1	0	0	0	40	0	1
35	5	37314	9	16	0	5	2	1	0	0	0	55	0	0
37	0	198492	1	9	0	13	0	1	0	0	0	40	0	0
47	3	20946	7	13	3	4	2	1	1	0	0	40	0	0
20	0	281608	3	10	0	10	2	1	1	0	0	50	0	0
31	3	213643	8	14	3	5	2	1	0	0	1590	60	0	0
18	0	39222	0	7	0	13	0	1	0	0	0	30	0	0
23	0	208238	4	6	0	10	0	1	1	0	0	20	0	0
53	0	261207	1	9	1	4	1	1	0	0	0	40	2	0
36	0	131192	1	9	1	0	1	1	0	0	0	40	0	1
75	0	148214	1	9	2	7	2	1	1	0	0	25	0	0
54	3	155965	1	9	1	1	1	1	0	0	0	56	0	0
25	0	269004	11	11	0	6	0	1	0	0	0	40	0	0
47	3	97883	1	9	3	4	2	1	1	0	0	48	24	0
52	0	177942	1	9	1	7	4	1	1	0	0	40	0	1
38	1	360494	5	15	0	5	2	1	0	0	0	50	0	0
45	3	45136	5	15	1	5	1	1	0	99999	0	60	0	1
28	0	173483	7	13	1	5	4	1	1	5013	0	20	0	0
19	0	205953	1	9	0	13	2	0	0	0	0	20	0	0
41	0	169823	5	15	1	5	1	1	0	0	0	46	0	1
18	0	99591	0	7	0	4	0	1	1	0	0	16	0	0
42	0	32627	1	9	1	12	1	1	0	0	0	40	0	0
30	0	378009	1	9	0	0	0	1	0	0	0	40	0	0
48	0	233511	1	9	1	6	1	1	0	0	0	40	0	1
51	0	173987	1	9	1	6	1	1	0	0	0	40	0	1
45	0	162302	1	9	3	8	3	1	1	0	0	30	0	0
24	0	192812	8	14	0	5	0	1	1	0	0	40	0	0
65	0	217661	1	9	1	12	1	1	0	0	2246	40	0	1
61	0	353031	1	9	1	12	1	1	0	0	0	60	0	0
21	0	155483	3	10	0	6	2	1	0	0	0	40	0	0
41	3	274158	3	10	1	0	1	1	0	0	0	30	0	0
35	1	26987	7	13	0	5	2	1	1	0	1876	45	0	0
49	0	68493	1	9	5	6	3	0	0	0	0	40	0	0
19	2	257421	3	10	0	3	0	0	1	0	0	15	0	0
26	0	38257	1	9	0	4	3	1	1	0	0	20	0	0
22	1	175586	1	9	0	12	0	0	1	0	0	20	0	0
49	0	316323	1	9	1	12	1	0	0	0	0	48	0	1
36	0	117802	11	11	1	5	1	1	0	0	0	40	0	0
18	3	454950	3	10	0	7	0	1	1	0	0	40	0	0
17	0	284277	0	7	0	4	0	1	0	1055	0	20	0	0
32	5	90409	3	10	0	6	0	1	0	0	0	20	0	0
43	0	248094	1	9	1	0	1	1	0	0	0	44	0	1
29	0	138692	1	9	3	6	2	1	0	0	0	40	0	0
46	0	173938	8	14	1	5	1	1	0	15024	0	50	0	1
65	2	146722	13	8	1	3	1	1	0	0	0	10	0	0
31	0	145439	1	9	1	7	1	4	0	0	0	40	0	0
24	0	324445	1	9	0	0	2	1	1	0	0	40	0	0
32	0	176410	1	9	0	7	0	1	1	0	0	38	0	0
25	0	129275	1	9	0	13	2	1	0	0	0	40	0	0
28	0	399123	1	9	0	13	2	0	0	0	0	40	0	0
51	0	76044	8	14	3	5	3	3	0	4787	0	35	4	1
28	0	87632	3	10	1	10	1	1	0	0	0	43	0	0
33	0	269605	1	9	0	8	2	1	0	0	0	32	0	0
46	0	37718	2	12	1	9	1	1	0	0	1977	50	0	1
70	2	162659	6	4	1	3	1	1	0	0	0	8	0	0
45	3	277434	7	13	1	8	1	1	0	0	0	50	0	0
28	0	209205	3	10	0	7	2	1	0	0	0	44	0	0
75	2	34235	1	9	2	3	2	1	1	2964	0	14	0	0
41	0	141186	1	9	5	7	3	1	1	0	0	40	0	0
48	0	123681	3	10	1	12	1	1	0	0	0	40	0	1
31	0	174215	1	9	1	8	4	1	1	0	0	35	0	0
17	0	96354	0	7	0	4	0	1	0	0	0	40	0	0
64	2	109108	1	9	3	3	2	1	1	0	0	20	0	0
37	0	107302	3	10	1	10	1	1	0	0	0	50	0	1
51	1	250054	3	10	2	4	3	1	1	0	0	40	0	0
51	0	50459	8	14	1	5	1	1	0	0	1740	40	0	0
57	1	22975	8	14	1	8	1	0	0	0	0	40	0	1
29	0	97189	11	11	0	7	0	1	1	0	0	40	0	0
28	0	238859	1	9	0	13	5	1	0	0	0	20	0	0
26	5	239303	7	13	1	7	1	1	0	3942	0	7	0	0
33	0	310655	8	14	1	5	1	1	0	0	0	45	0	0
42	0	276218	7	13	3	8	3	1	1	0	0	38	0	0
30	0	94235	7	13	1	5	1	1	0	0	1977	50	0	1
45	0	135339	3	10	1	6	1	2	0	0	0	45	0	0
20	0	199703	1	9	1	4	1	1	0	0	0	28	0	0
36	0	52532	1	9	1	12	1	1	0	0	0	40	0	0
64	5	186376	7	13	1	5	1	1	0	5178	0	40	0	1
29	0	229124	1	9	1	7	1	1	0	0	0	48	0	1
18	0	152508	0	7	1	10	4	3	1	0	0	20	0	0
45	0	54260	1	9	0	1	2	1	0	0	0	60	0	0
31	0	48520	1	9	1	12	1	1	0	0	0	30	0	0
66	3	439777	4	6	1	6	1	1	0	0	0	25	0	0
49	0	191389	1	9	3	10	2	1	1	0	0	40	0	0
45	0	118714	11	11	1	6	1	1	0	0	0	40	0	0
22	0	34616	3	10	0	4	3	1	1	0	0	20	0	0
29	2	199074	1	9	0	3	0	1	0	0	0	20	0	0
20	2	112858	1	9	0	3	0	1	0	0	0	2	0	0
22	0	199555	1	9	0	12	2	1	0	0	0	48	0	0
21	2	211013	3	10	0	3	0	1	1	0	0	40	0	0
46	0	107425	1	9	3	10	2	1	1	0	0	40	0	0
62	0	106549	2	12	1	7	4	1	1	0	0	40	0	0
41	5	110556	8	14	1	8	4	0	1	0	0	40	0	0
46	3	265097	1	9	1	6	1	1	0	0	0	40	7	0
41	0	215219	1	9	3	6	2	1	1	0	0	40	0	0
61	3	142988	3	10	1	6	1	1	0	0	0	40	0	0
64	0	239450	8	14	1	5	1	1	0	0	0	45	0	1
18	0	162084	1	9	0	4	0	1	1	0	0	40	0	0
34	0	83066	1	9	1	12	1	0	0	0	0	40	0	0
36	0	181705	3	10	4	12	2	1	0	0	0	40	0	0
80	0	138737	1	9	3	7	5	1	1	0	0	20	0	0
24	4	332194	12	5	0	7	5	0	0	0	0	40	0	0
20	0	291979	1	9	0	10	3	1	0	0	0	35	0	0
64	0	162761	3	10	2	10	2	1	0	2354	0	35	0	0
21	0	153643	1	9	0	4	0	0	0	0	0	70	0	0
52	0	30908	1	9	1	1	1	1	0	0	0	60	0	0
31	0	92179	4	6	3	0	2	1	0	0	0	40	0	0
66	6	50408	13	8	1	10	1	1	0	0	0	20	0	0
50	4	191013	1	9	4	10	5	4	1	0	0	40	0	0
62	0	170969	3	10	1	6	1	0	0	0	0	40	0	1
19	2	302229	1	9	0	3	0	0	0	0	0	10	0	0
49	0	80026	6	4	1	6	1	1	0	0	0	50	0	0
33	0	93056	1	9	1	12	1	1	0	0	0	40	0	0
38	1	414791	1	9	1	12	1	1	0	0	0	40	0	1
20	0	37894	3	10	0	7	0	1	1	0	1719	30	0	0
31	1	164243	1	9	1	2	1	1	0	0	0	55	0	1
41	3	36651	3	10	1	6	1	1	0	0	0	45	0	1
22	3	26248	1	9	0	4	0	1	1	0	0	50	0	0
41	0	244522	1	9	1	6	1	1	0	7688	0	42	0	1
39	0	183279	7	13	1	10	1	1	0	7298	0	40	0	1
63	0	177063	1	9	1	12	1	1	0	0	0	40	0	0
25	0	220220	1	9	0	13	2	1	0	0	0	47	0	0
58	0	180779	1	9	1	5	1	1	0	0	0	40	0	0
26	0	238787	7	13	1	10	4	1	1	0	0	20	0	0
38	0	32086	3	10	3	7	0	1	0	0	0	52	0	0
35	0	302149	3	10	1	6	1	2	0	0	0	40	18	1
43	3	136986	7	13	1	8	1	1	0	7298	0	50	0	1
47	5	61062	9	16	4	8	0	2	0	2354	0	45	0	0
33	0	260782	6	4	1	6	1	1	0	0	0	40	4	0
21	0	82061	10	3	0	6	2	3	0	0	0	32	4	0
22	0	254351	1	9	1	2	0	1	0	0	0	40	0	0
25	0	128699	7	13	0	7	2	1	1	0	0	45	0	0
59	0	171328	7	13	5	5	5	0	1	2202	0	37	0	0
24	2	152719	3	10	0	3	0	0	1	0	0	15	10	0
42	0	97688	1	9	1	12	1	1	0	7298	0	40	0	1
33	0	199248	3	10	1	5	4	1	1	0	0	40	0	0
25	0	67240	7	13	0	5	0	1	0	0	0	35	0	0
27	0	1490400	3	10	1	8	1	1	0	0	0	40	0	0
36	3	188503	8	14	0	5	2	1	1	0	0	60	0	1
40	0	180206	2	12	1	8	1	1	0	0	0	40	0	1
27	0	201872	7	13	0	8	2	1	0	0	0	40	0	0
36	0	314373	1	9	3	10	2	1	0	0	0	50	0	0
36	0	107737	0	7	1	6	1	1	0	0	0	40	26	0
44	0	209093	7	13	0	5	2	1	0	0	0	40	0	0
48	1	218357	1	9	4	12	3	1	1	0	0	25	0	0
43	0	163434	1	9	1	6	1	1	0	0	0	40	0	1
43	0	326701	10	3	4	6	2	3	0	0	0	40	4	0
41	0	164612	7	13	1	8	1	1	0	0	1887	50	0	1
29	3	37429	1	9	1	4	4	1	1	0	0	30	0	0
31	0	408208	1	9	0	0	2	0	0	0	0	30	0	0
54	0	105638	12	5	1	6	1	1	0	0	0	40	0	0
36	0	81259	2	12	3	5	3	1	1	0	0	36	0	0
37	0	201141	1	9	3	0	3	1	1	0	0	40	0	0
27	0	394927	1	9	0	6	0	1	0	0	0	40	0	0
52	4	165998	5	15	1	14	1	1	0	7298	0	50	0	1
40	0	41888	3	10	1	12	1	0	0	0	2415	70	0	1
24	0	72887	1	9	0	4	2	2	0	0	0	40	0	0
49	0	56551	12	5	3	6	3	1	1	5455	0	45	0	0
22	0	227603	3	10	0	5	3	1	1	0	0	30	0	0
28	0	203776	1	9	1	6	1	1	0	0	0	45	19	0
61	0	202060	1	9	0	7	2	0	1	0	0	34	0	0
59	0	178282	1	9	1	0	1	1	0	7688	0	40	0	1
31	0	57151	3	10	0	6	2	1	0	0	0	40	0	0
35	0	399455	1	9	5	4	3	1	1	0	0	52	0	0
37	0	52630	3	10	1	6	1	1	0	0	0	40	0	0
42	0	124692	7	13	1	8	1	1	0	0	0	45	0	1
21	0	278254	3	10	0	13	0	0	0	0	0	40	0	0
40	0	162098	1	9	3	7	2	1	1	0	0	40	0	0
23	0	304143	3	10	0	7	0	1	1	0	0	10	0	0
37	4	287031	8	14	1	9	1	1	0	0	0	50	0	1
38	0	102478	1	9	0	8	2	1	1	0	0	40	0	0
36	0	172425	1	9	5	5	3	1	1	0	0	40	0	1
48	0	56664	1	9	3	4	2	1	1	0	0	40	0	0
42	0	247514	3	10	1	13	1	1	0	0	0	40	4	1
30	0	307353	1	9	0	4	3	0	1	0	0	35	0	0
37	0	111129	11	11	1	6	1	1	0	0	0	39	0	0
29	0	190539	8	14	0	5	2	1	0	0	0	55	37	1
47	6	224314	7	13	3	10	2	1	1	0	0	45	0	0
47	3	59987	1	9	1	12	1	1	0	0	2002	42	0	0
33	1	111746	1	9	0	2	2	1	0	0	0	48	0	0
24	0	162958	2	12	0	5	2	1	0	0	1980	50	0	0
68	2	129802	1	9	2	3	2	1	1	0	0	12	0	0
43	0	303155	7	13	1	8	1	1	0	0	0	50	0	1
25	0	301634	2	12	0	8	2	1	0	0	0	40	0	0
27	0	156294	1	9	1	8	4	1	1	0	0	40	0	0
50	0	145033	5	15	1	5	1	1	0	0	2415	60	0	1
19	2	768659	3	10	0	3	2	1	0	0	0	60	0	0
32	0	134679	0	7	0	13	0	0	1	0	0	40	0	0
30	0	188798	1	9	0	7	0	1	1	0	0	40	0	0
41	0	122033	3	10	0	8	3	0	1	0	0	99	0	0
21	2	223515	3	10	0	3	0	1	0	0	0	40	0	0
32	0	235124	13	8	3	4	2	1	0	0	0	30	1	0
47	0	341814	7	13	1	5	4	1	1	0	0	45	0	0
34	5	764638	5	15	0	5	2	1	1	4787	0	47	0	1
47	4	303637	7	13	1	5	1	1	0	0	0	60	0	1
31	0	307543	4	6	0	12	0	1	0	0	0	99	22	0
45	1	151267	3	10	1	4	4	0	1	0	0	25	0	0
40	0	157403	3	10	0	6	3	1	0	0	0	38	0	0
31	0	124483	8	14	0	7	2	2	0	0	0	60	17	1
32	0	26803	1	9	1	8	1	1	0	0	0	50	0	1
40	0	131899	3	10	3	8	2	1	0	0	0	40	0	0
37	0	119992	10	3	1	6	1	1	0	0	2603	60	0	0
31	0	198068	5	15	1	5	1	1	0	0	0	50	0	0
31	0	264351	13	8	4	7	0	1	0	0	0	40	4	0
18	2	352430	0	7	0	3	0	1	0	0	1602	30	0	0
61	0	29797	1	9	3	10	5	1	1	0	0	40	0	0
28	0	54670	2	12	0	10	2	1	1	0	0	40	1	0
47	0	192713	1	9	1	10	1	1	0	0	0	50	0	1
55	6	79662	1	9	1	12	1	1	0	0	0	60	0	0
35	0	190023	0	7	0	0	2	1	0	0	0	40	0	0
31	0	301251	1	9	0	6	0	1	0	0	0	40	0	0
36	0	115336	11	11	1	5	4	1	1	0	0	50	0	1
58	3	98015	9	16	1	5	1	1	0	15024	0	32	0	1
33	3	48189	7	13	1	10	1	1	0	0	0	50	0	0
33	0	248754	7	13	1	5	1	1	0	0	0	45	0	0
30	0	195602	13	8	1	1	1	1	0	0	0	44	0	0
45	5	185797	3	10	0	9	2	1	1	3325	0	60	0	0
51	0	192588	7	13	0	5	2	2	1	0	0	35	8	0
44	0	160837	10	3	1	4	1	1	0	0	0	40	12	0
54	1	128378	8	14	1	7	1	1	0	0	0	40	0	0
42	0	335846	7	13	0	8	3	1	1	0	0	50	0	0
19	0	179991	1	9	0	4	0	1	1	0	0	35	0	0
31	0	151763	3	10	1	0	1	1	0	0	0	40	0	0
34	0	127875	7	13	0	7	2	1	1	0	0	20	0	0
27	3	132686	1	9	1	12	1	1	0	0	0	50	0	0
44	6	240900	7	13	1	10	1	1	0	0	0	40	0	1
35	0	65876	11	11	1	6	1	1	0	0	0	42	0	1
46	5	165852	3	10	1	8	1	1	0	0	0	40	0	1
30	3	437458	3	10	1	10	1	1	0	0	0	40	0	1
63	3	261995	3	10	1	8	1	1	0	0	0	40	0	1
37	0	342480	7	13	1	8	1	0	0	0	0	40	0	1
58	0	270131	10	3	2	4	3	1	1	0	0	70	4	0
48	0	216414	7	13	1	8	1	1	0	0	1977	70	0	1
30	0	259425	4	6	0	0	2	1	0	0	0	50	0	0
45	0	144086	1	9	1	6	1	1	0	0	0	40	0	1
63	3	246124	7	13	1	5	1	1	0	0	0	50	0	0
53	0	321865	5	15	0	7	2	1	0	0	0	40	0	1
42	0	32080	1	9	4	0	3	1	1	0	0	40	0	0
31	1	201697	7	13	1	5	4	1	1	0	0	40	0	1
32	1	300687	8	14	0	5	2	0	0	0	0	40	0	0
27	0	307724	3	10	0	7	2	1	1	0	0	40	1	0
60	0	40856	1	9	5	6	2	1	0	0	1741	40	0	0
24	2	115085	1	9	1	3	5	1	0	0	0	40	0	0
37	5	202139	7	13	0	5	2	1	1	0	0	20	0	0
34	0	190151	1	9	4	7	3	1	1	0	0	32	0	0
40	1	208277	7	13	3	5	3	1	1	0	0	35	0	0
19	0	107405	3	10	0	7	2	1	1	0	0	40	0	0
21	0	194096	3	10	0	7	0	1	1	0	0	40	0	0
36	0	162029	1	9	0	7	2	1	1	3325	0	40	0	0
46	0	172155	7	13	1	0	1	1	0	0	0	40	2	0
51	6	114674	3	10	1	8	1	1	0	0	0	55	0	1
27	0	116298	1	9	4	6	2	1	0	0	0	40	0	0
50	1	320510	3	10	1	2	1	1	0	7298	0	56	0	1
31	0	158144	3	10	0	7	2	1	1	0	0	40	0	0
34	0	181651	1	9	3	6	2	1	0	0	0	40	0	0
32	0	51150	13	8	1	4	4	1	1	0	0	40	0	0
41	5	118544	3	10	3	4	0	1	0	0	0	12	0	0
54	0	85423	1	9	1	12	1	1	0	0	0	40	0	1
34	0	56460	7	13	0	10	3	1	1	0	0	41	0	0
28	0	211208	7	13	1	6	1	1	0	0	0	50	0	0
17	0	154337	0	7	0	4	0	1	1	0	0	13	0	0
22	0	125542	0	7	0	1	2	1	0	0	0	40	0	0
47	0	175847	10	3	1	12	4	1	1	0	0	40	4	1
34	0	229731	1	9	5	4	2	1	1	0	0	35	11	0
45	3	40666	11	11	1	1	1	1	0	2885	0	60	0	0
58	4	215900	1	9	0	7	5	4	0	0	0	40	0	0
75	2	186792	1	9	2	3	2	1	1	0	0	16	0	0
18	2	151552	0	7	0	3	5	1	1	0	0	15	0	0
45	0	122002	3	10	3	7	2	0	0	0	0	40	0	0
32	0	32174	1	9	1	4	4	1	1	0	0	40	0	0
34	0	349148	3	10	1	4	1	1	0	0	0	63	0	0
34	0	209691	3	10	3	12	2	1	0	0	0	66	0	0
49	0	163021	1	9	3	8	3	1	1	0	0	40	0	0
18	1	283342	4	6	0	6	0	0	0	0	0	40	0	0
41	2	45186	3	10	1	3	1	1	0	0	0	40	0	0
41	0	175398	1	9	3	0	2	1	1	0	0	45	0	0
30	0	175455	1	9	0	4	0	1	1	0	0	40	0	0
17	0	194946	0	7	0	4	0	1	1	0	0	20	0	0
58	2	183869	1	9	1	3	1	1	0	3411	0	80	0	0
19	2	167428	3	10	0	3	0	1	0	0	0	40	0	0
35	0	227615	1	9	0	6	2	1	0	0	0	50	0	0
44	1	196797	7	13	1	5	4	0	1	0	0	36	0	1
28	1	273051	7	13	0	9	2	1	0	0	0	40	0	0
42	1	27085	3	10	1	7	1	1	0	0	0	40	0	0
45	0	235646	3	10	0	8	2	1	0	0	0	45	0	0
25	2	168358	1	9	0	3	0	1	0	0	0	40	0	0
40	0	167725	1	9	3	0	2	1	0	0	0	40	0	0
20	0	91819	3	10	0	13	0	1	0	0	0	20	0	0
27	0	105830	3	10	0	8	3	1	1	0	0	40	0	0
59	0	201159	13	8	2	0	5	1	1	0	0	48	0	0
18	0	137363	3	10	0	4	0	1	1	0	0	20	0	0
27	3	164725	1	9	1	4	4	1	1	3464	0	35	0	0
47	0	29438	1	9	3	12	2	1	0	0	0	70	0	0
67	0	131656	7	13	1	12	1	1	0	0	2392	24	0	1
33	5	35306	12	5	0	4	0	1	1	0	0	44	0	0
63	0	198206	3	10	3	4	2	1	1	0	0	30	0	0
40	0	103513	8	14	1	10	1	1	0	0	0	40	0	0
30	0	143078	5	15	0	5	2	1	0	0	0	40	0	0
28	0	109494	3	10	1	7	1	1	0	0	1485	40	0	0
28	0	52732	6	4	0	6	0	1	0	0	0	40	0	0
49	3	164495	2	12	1	8	1	1	0	0	0	35	7	0
20	3	105997	3	10	0	10	2	1	1	0	0	25	0	0
49	4	105959	3	10	1	7	1	1	0	0	0	41	0	1
18	0	216540	0	7	0	6	0	1	0	0	0	40	0	0
28	0	159623	1	9	1	6	1	1	0	0	0	40	0	0
45	4	87207	1	9	1	7	4	1	1	0	0	37	0	0
57	0	47621	12	5	1	4	4	1	1	0	0	38	0	0
35	0	190297	7	13	1	10	1	1	0	0	1977	65	0	1
