66	0	48034	1	9	1	12	1	1	0	0	0	16	0	0
47	1	162236	7	13	3	5	2	1	1	0	0	35	0	1
57	0	104724	1	9	1	12	1	1	0	0	0	40	0	1
25	0	129806	1	9	1	0	1	1	0	0	0	48	0	0
35	0	170174	3	10	3	0	2	1	0	0	0	40	0	0
23	1	265148	7	13	0	5	3	1	0	0	0	40	0	0
29	0	192237	3	10	0	10	2	1	0	0	0	40	0	0
18	0	406491	3	10	0	7	2	1	1	0	0	40	0	0
23	0	231866	3	10	0	4	0	1	0	0	0	40	0	0
22	0	292055	11	11	0	10	2	1	1	0	0	37	0	0
30	0	140612	1	9	1	6	1	1	0	0	2051	40	0	0
26	0	191573	2	12	1	5	4	1	1	0	0	40	0	1
52	0	203635	1	9	1	13	1	1	0	0	0	40	0	1
30	0	171483	1	9	0	6	0	1	0	0	0	38	0	0
36	0	68798	1	9	0	4	2	1	0	0	0	30	0	0
34	0	31752	1	9	3	0	5	1	1	0	0	40	1	0
59	2	291856	1	9	1	3	1	1	0	0	0	40	0	0
26	0	135848	7	13	0	10	2	1	0	0	0	10	3	0
22	0	72887	3	10	0	4	0	2	0	0	0	24	0	0
47	0	275163	1	9	1	6	1	1	0	0	0	45	0	0
65	0	29276	1	9	2	4	2	1	1	2538	0	50	0	0
50	0	224207	7	13	1	5	1	1	0	0	0	40	0	1
50	1	237356	3	10	1	2	1	1	0	7298	0	40	0	1
29	0	393829	1	9	1	6	1	1	0	0	0	50	0	1
58	3	193720	1	9	3	0	3	1	0	0	0	20	0	0
56	3	140729	1	9	1	0	1	1	0	0	0	45	0	0
22	0	54560	1	9	1	12	1	1	0	0	0	60	0	0
34	3	214288	1	9	1	12	1	1	0	3411	0	80	0	0
45	6	88500	7	13	1	10	1	1	0	7298	0	40	0	1
30	0	287092	1	9	3	8	2	1	1	2354	0	40	0	0
40	0	225263	3	10	1	8	4	1	1	0	0	45	0	1
52	1	140027	1	9	2	4	2	1	1	0	0	20	0	0
44	0	32000	7	13	1	10	1	1	0	0	0	45	0	0
44	0	228516	1	9	0	4	3	1	0	0	0	20	26	0
27	0	157612	7	13	4	8	2	1	1	0	0	60	0	0
24	0	197200	1	9	0	6	0	1	0	0	0	44	0	0
28	0	89598	7	13	0	8	0	1	1	0	0	45	0	0
40	0	153799	7	13	1	10	4	1	1	0	0	72	1	1
67	2	101761	3	10	1	3	1	1	0	0	0	40	0	1
49	0	225456	7	13	1	8	1	1	0	0	0	40	0	1
36	0	348960	3	10	1	6	1	1	0	0	0	40	0	0
17	1	157111	4	6	0	1	0	1	0	0	0	40	0	0
51	3	85877	1	9	3	8	2	1	1	99999	0	60	0	1
72	3	32819	8	14	1	6	1	1	0	0	0	30	0	0
21	2	517995	1	9	0	3	0	1	0	0	0	20	0	0
59	0	103948	1	9	1	13	1	1	0	0	0	40	0	0
32	0	96016	7	13	0	5	2	1	0	0	0	40	0	0
21	0	60668	1	9	0	0	0	1	0	0	0	50	0	0
29	1	270379	1	9	0	4	3	0	1	0	0	40	0	0
29	0	190756	0	7	1	6	1	1	0	0	0	44	0	0
59	1	221417	1	9	1	2	1	1	0	0	0	40	0	1
23	0	158940	3	10	1	13	1	1	0	0	0	55	0	0
67	5	121395	7	13	1	5	1	2	0	0	0	12	0	0
26	0	196866	1	9	0	10	2	1	1	0	0	38	0	0
35	0	302239	3	10	0	7	2	1	1	0	0	40	0	0
41	0	718736	3	10	2	4	3	1	1	0	0	40	0	0
31	0	178615	7	13	1	5	1	1	0	0	0	40	0	0
29	0	158096	7	13	0	0	2	1	0	0	0	40	0	0
19	2	317988	3	10	0	3	2	1	0	0	0	15	0	0
23	0	325596	7	13	0	9	2	1	0	0	0	40	0	0
31	0	120461	3	10	0	8	2	1	1	0	0	50	0	0
80	2	30680	6	4	1	3	1	1	0	0	0	35	0	0
22	0	125010	7	13	0	5	2	1	1	0	0	30	0	0
67	0	268781	7	13	1	7	1	1	0	0	1510	8	0	0
46	0	36020	7	13	1	7	1	1	0	0	0	40	0	0
35	0	433682	7	13	0	9	2	0	0	0	0	40	0	0
32	1	349148	2	12	1	6	1	1	0	0	0	40	0	1
44	6	148805	1	9	3	4	3	1	1	0	0	33	0	0
24	0	285775	7	13	0	7	2	1	0	0	0	40	0	0
46	1	126524	7	13	1	5	4	1	1	0	1902	40	0	1
52	0	270221	7	13	1	5	1	1	0	15024	0	44	0	1
24	0	117222	1	9	3	13	0	1	0	0	0	40	0	0
31	0	118941	1	9	0	7	0	1	1	0	0	35	0	0
59	0	172667	1	9	1	12	1	1	0	0	0	40	0	0
35	0	241306	1	9	1	0	1	1	0	5013	0	40	0	0
33	5	292317	12	5	1	1	1	1	0	0	0	40	0	0
34	0	182918	7	13	1	10	1	1	0	7298	0	46	0	1
76	3	106430	12	5	1	1	1	1	0	0	0	40	0	0
41	2	119207	1	9	3	3	2	1	0	0	0	40	0	0
33	0	377692	2	12	0	9	2	1	0	0	0	40	0	0
47	0	284907	1	9	1	8	1	1	0	0	0	40	0	0
65	4	190160	3	10	2	7	2	1	0	0	1944	20	19	0
65	6	226215	7	13	0	8	2	1	0	0	0	40	0	0
45	0	169324	12	5	3	4	3	0	1	0	0	40	10	0
22	0	191460	4	6	0	10	3	0	1	0	0	40	0	0
36	3	219155	3	10	1	10	1	1	0	0	0	50	0	1
66	2	52654	0	7	1	3	1	1	0	0	0	32	0	0
64	3	198466	1	9	2	10	2	1	1	0	0	70	0	0
47	0	255965	5	15	1	5	1	1	0	15024	0	50	0	1
38	2	54953	1	9	3	3	2	1	0	0	0	30	0	0
25	0	290441	2	12	0	7	2	0	1	0	0	40	0	0
44	4	206927	7	13	1	8	1	1	0	7688	0	40	0	1
66	6	165609	3	10	1	10	1	1	0	0	0	50	0	0
33	6	206609	1	9	0	6	0	1	0	0	1876	50	0	0
64	0	211846	4	6	1	2	1	1	0	0	0	40	0	0
17	0	102446	13	8	0	13	0	1	0	0	0	35	0	0
26	0	114483	1	9	0	6	0	1	0	0	0	40	0	0
43	0	199657	1	9	4	7	3	1	1	0	0	20	0	0
40	0	192878	4	6	3	0	2	1	0	0	0	40	0	0
43	0	346081	5	15	1	5	1	1	0	15024	0	50	0	1
24	0	26668	7	13	1	7	4	1	1	0	0	40	12	0
72	2	272425	1	9	1	3	1	1	0	3818	0	4	0	0
68	1	159643	1	9	1	7	1	1	0	0	0	15	0	0
51	2	22743	1	9	0	3	0	1	0	0	0	50	0	0
21	0	142875	4	6	1	10	1	1	0	0	0	44	0	0
18	2	256304	1	9	0	3	0	0	1	0	0	30	0	0
36	0	163380	4	6	0	13	0	1	0	0	0	40	0	0
48	0	162187	7	13	1	8	1	1	0	0	0	48	0	1
32	0	153353	1	9	1	6	1	1	0	0	0	40	0	1
75	6	134414	3	10	1	10	1	1	0	0	0	50	0	0
25	0	39212	7	13	1	8	1	1	0	0	0	40	0	0
42	0	344060	1	9	1	10	1	1	0	7298	0	40	16	1
17	1	140240	0	7	0	7	0	1	1	0	0	20	0	0
70	2	210722	5	15	3	3	2	1	0	2538	0	45	0	0
32	0	285946	7	13	0	8	2	1	1	0	0	50	0	0
34	0	216645	1	9	1	0	1	1	0	0	0	40	0	1
54	0	54065	6	4	3	0	2	0	0	0	0	40	0	0
24	0	44159	13	8	0	4	5	3	0	0	0	40	5	0
46	0	188729	2	12	0	6	2	0	1	0	0	50	0	0
44	3	296982	1	9	1	10	1	1	0	0	0	48	1	0
56	1	277203	7	13	1	2	1	1	0	0	0	40	0	1
39	0	153949	1	9	1	4	1	1	0	0	0	30	0	0
46	4	269890	7	13	1	8	1	0	0	0	0	40	0	0
35	4	61518	1	9	1	5	1	1	0	0	0	60	0	0
39	0	176050	3	10	1	8	1	1	0	0	1848	47	0	1
25	0	202700	1	9	0	10	3	1	1	0	0	35	0	0
18	0	477083	0	7	0	10	2	1	0	0	0	30	0	0
50	0	221532	1	9	1	6	1	1	0	0	0	40	0	1
43	0	282155	2	12	3	5	2	1	1	4650	0	40	0	0
38	0	365307	1	9	4	7	2	1	1	0	0	32	0	0
26	0	248776	3	10	0	7	2	1	1	0	0	40	0	0
48	0	166863	8	14	1	8	1	1	0	0	0	40	0	1
42	0	191149	1	9	1	10	4	1	1	0	0	40	0	1
22	0	126822	4	6	0	10	0	1	1	0	0	30	0	0
20	0	281743	3	10	0	4	0	1	0	0	0	50	0	0
27	0	212041	7	13	0	6	2	1	0	0	0	50	0	0
31	0	264351	6	4	0	0	0	1	0	0	0	40	4	0
54	0	117198	1	9	2	7	3	0	1	0	0	40	0	0
38	0	202937	2	12	1	7	4	1	1	0	0	40	0	1
53	2	201062	1	9	1	3	4	0	1	0	0	2	0	0
51	0	96062	1	9	1	12	1	1	0	0	0	40	0	0
54	3	99902	3	10	1	6	1	1	0	0	0	40	6	1
54	0	76268	1	9	2	8	2	1	1	0	0	80	0	0
64	0	200517	1	9	1	7	1	1	0	0	0	39	0	0
48	2	222478	1	9	1	3	1	1	0	0	0	20	0	0
19	2	168471	3	10	0	3	0	1	0	0	0	15	0	0
52	0	403027	1	9	1	10	1	1	0	0	0	50	0	0
34	3	201292	11	11	1	1	1	1	0	0	0	50	0	0
39	3	360814	13	8	1	6	1	1	0	0	0	50	0	0
51	0	155574	1	9	1	6	1	1	0	0	0	40	0	1
48	0	135525	3	10	2	7	3	1	1	0	0	40	0	1
42	3	24763	7	13	3	6	2	1	0	0	0	65	0	0
38	6	184456	1	9	1	10	1	1	0	0	0	55	24	1
40	0	30412	7	13	0	5	2	1	1	0	0	40	0	0
37	5	93225	2	12	1	8	1	1	0	0	0	45	0	0
60	3	359988	3	10	1	4	4	1	1	0	0	12	0	0
60	3	122314	1	9	1	1	1	1	0	0	0	65	0	0
59	4	51662	1	9	2	7	3	1	1	0	0	40	0	0
30	0	137991	11	11	0	4	2	1	1	0	0	41	0	0
47	5	119458	1	9	1	2	1	4	0	0	0	40	0	0
42	0	208068	7	13	1	7	1	3	0	7298	0	40	4	1
32	0	219553	0	7	1	6	1	1	0	0	0	60	0	0
23	0	308924	1	9	1	6	5	1	0	0	0	40	0	0
27	0	169748	1	9	3	13	2	1	0	0	0	40	0	0
55	0	164970	1	9	1	4	1	0	0	0	0	38	0	0
39	0	190987	11	11	3	7	3	1	1	0	0	50	0	0
33	0	250804	7	13	1	8	1	1	0	0	0	50	21	0
30	0	85374	3	10	0	13	2	1	0	0	0	45	0	0
81	0	39667	1	9	1	12	1	0	0	0	0	20	0	0
41	0	84817	11	11	3	5	3	1	1	3887	0	40	0	0
38	0	227615	0	7	1	6	1	1	0	0	0	40	4	0
54	0	155737	7	13	3	10	2	1	1	8614	0	40	0	1
38	0	133935	1	9	1	6	1	1	0	0	0	41	11	1
22	4	316438	1	9	0	5	0	1	0	0	0	35	0	0
44	0	107433	3	10	1	10	1	1	0	0	0	55	0	1
36	5	28572	3	10	0	13	2	1	0	0	0	38	0	0
32	3	291414	9	16	1	5	1	1	0	0	0	35	0	1
22	0	202153	3	10	0	4	0	1	1	0	0	40	0	0
45	0	324655	7	13	0	5	2	1	0	0	0	40	0	0
32	3	27207	0	7	1	1	1	1	0	0	0	80	0	0
30	0	184435	1	9	0	7	2	0	0	0	0	40	0	0
34	0	122749	3	10	1	13	1	1	0	0	0	32	0	0
36	0	181146	8	14	1	5	1	2	0	0	0	40	17	0
21	0	225311	1	9	3	0	2	1	1	0	0	40	0	0
40	3	33474	8	14	1	10	1	1	0	0	0	60	0	0
42	0	126319	1	9	0	7	0	1	1	0	0	35	0	0
52	0	247806	8	14	1	8	1	1	0	15024	0	50	0	1
50	0	85815	11	11	3	5	2	2	0	0	0	38	0	1
48	0	204629	7	13	1	5	1	1	0	0	0	40	0	1
63	0	195540	11	11	3	8	2	0	0	0	1408	40	0	0
27	0	113866	1	9	0	4	2	1	1	0	0	30	0	0
31	0	114691	0	7	0	6	2	1	0	0	0	40	6	0
22	2	227943	3	10	0	3	2	1	0	0	0	44	0	0
45	0	310260	3	10	1	12	1	1	0	0	0	60	0	1
35	0	189922	11	11	1	9	1	1	0	0	0	52	0	1
54	0	249949	3	10	3	0	2	0	1	0	0	40	0	0
23	2	38455	3	10	0	3	2	1	0	0	0	11	0	0
51	0	123429	1	9	1	6	1	1	0	15024	0	40	0	1
71	0	99549	10	3	1	8	1	1	0	0	0	40	0	0
50	0	98954	3	10	1	1	1	1	0	0	0	40	0	1
36	0	49794	1	9	1	6	1	1	0	0	0	45	0	0
47	2	80451	6	4	1	3	1	1	0	0	0	40	0	0
38	0	129764	3	10	3	10	3	1	0	1506	0	50	0	0
29	0	189702	7	13	0	5	2	1	0	10520	0	50	0	1
59	3	78020	6	4	1	8	1	1	0	0	0	40	0	0
27	0	182843	1	9	3	4	3	1	0	0	0	40	0	0
42	0	53956	1	9	1	13	1	1	0	0	0	40	0	0
31	5	223376	7	13	0	7	3	0	1	0	0	40	0	0
44	4	151933	3	10	1	7	1	1	0	0	1485	40	0	1
47	0	100931	8	14	3	5	2	1	0	0	0	45	0	0
23	0	442478	3	10	0	12	0	1	0	0	0	15	0	0
24	0	153082	1	9	0	4	2	1	0	0	0	35	0	0
46	0	182414	9	16	1	5	1	1	0	0	0	55	0	1
35	1	217926	3	10	1	5	1	0	0	0	0	40	0	0
36	0	176536	3	10	4	7	5	4	1	0	0	42	0	0
37	0	237943	11	11	1	6	1	1	0	0	0	50	19	0
20	0	117789	3	10	0	10	0	1	1	0	0	10	0	0
59	0	113838	7	13	2	5	2	1	1	4650	0	37	0	0
17	0	278414	0	7	0	4	0	1	0	0	0	15	0	0
36	0	122493	1	9	1	6	1	1	0	0	0	40	0	0
57	0	110820	1	9	1	6	1	1	0	0	0	40	0	1
28	0	106141	1	9	1	6	1	1	0	99999	0	40	0	1
43	3	215896	3	10	1	0	4	1	1	0	0	50	0	0
49	0	547108	7	13	1	9	1	2	0	15024	0	40	1	1
50	4	169078	1	9	1	8	1	1	0	4386	0	40	0	1
69	3	227906	1	9	1	6	1	1	0	3456	0	30	7	0
57	0	61298	10	3	4	0	5	1	1	0	0	40	33	0
49	0	184285	1	9	1	7	1	1	0	0	0	40	0	1
48	0	64156	3	10	1	8	1	1	0	0	0	45	0	0
61	0	56248	14	2	1	0	1	1	0	0	0	60	0	1
51	0	171275	6	4	3	4	2	3	0	0	0	40	2	0
41	0	123490	11	11	1	9	1	1	0	0	0	40	0	1
60	0	420842	2	12	3	11	5	1	1	0	0	40	1	0
40	0	51233	7	13	3	0	3	1	1	0	0	38	0	0
36	0	353263	7	13	3	7	3	1	1	0	0	40	0	0
17	0	262031	13	8	0	4	5	1	0	0	0	20	0	0
50	0	334421	5	15	0	5	5	2	1	0	1590	25	27	0
24	0	200153	11	11	0	7	0	1	1	0	0	40	0	0
70	2	187972	1	9	1	3	1	1	0	0	0	40	0	0
29	4	360186	1	9	0	4	3	1	0	0	0	40	0	0
20	0	368832	3	10	0	4	2	1	1	0	0	25	0	0
36	0	359131	3	10	0	8	2	1	1	0	0	50	0	0
35	3	295279	7	13	3	10	2	1	0	0	0	37	0	0
34	0	378272	1	9	1	0	1	1	0	0	0	40	0	0
18	0	150817	0	7	0	10	0	1	1	0	0	20	0	0
40	3	145246	3	10	3	5	0	1	0	0	0	40	0	0
51	0	185490	1	9	3	10	2	1	1	0	0	40	0	0
29	0	217424	8	14	0	8	2	1	1	0	0	50	0	1
24	0	190483	1	9	0	7	0	1	1	0	0	40	0	0
50	3	391016	2	12	1	6	1	1	0	0	0	50	0	0
38	0	30509	11	11	1	5	4	1	1	3908	0	50	0	0
28	0	267661	7	13	0	9	2	1	0	0	0	45	0	0
57	0	197369	1	9	1	2	1	1	0	0	0	40	0	0
49	3	393691	3	10	1	5	1	1	0	0	0	40	0	1
46	0	168441	3	10	1	6	1	1	0	0	0	45	0	1
47	6	85109	9	16	1	5	1	1	0	0	0	50	0	0
22	0	190457	4	6	0	4	2	1	1	0	0	35	0	0
37	3	289430	4	6	1	6	1	1	0	0	0	40	4	0
39	0	166697	1	9	0	0	0	1	1	0	0	35	0	0
24	1	310355	7	13	1	5	1	1	0	0	0	20	7	0
31	0	300828	1	9	0	13	2	0	0	0	0	30	0	0
20	0	188923	3	10	0	4	0	1	1	0	0	37	0	0
36	0	167482	3	10	1	6	1	1	0	0	0	40	0	1
29	0	114968	11	11	1	5	1	1	0	0	0	40	0	0
42	0	102988	8	14	1	5	1	1	0	0	0	55	33	1
67	1	330144	11	11	1	2	1	1	0	0	0	18	0	0
47	0	362654	8	14	1	5	1	1	0	0	0	40	0	1
35	0	179481	7	13	1	8	1	1	0	0	0	60	0	1
42	0	204817	7	13	1	4	1	0	0	0	0	35	0	0
32	0	172402	3	10	0	7	3	3	1	0	0	40	0	0
44	0	54611	1	9	1	6	1	1	0	0	0	40	0	0
42	5	179151	3	10	1	1	1	1	0	0	0	40	0	0
17	0	30829	0	7	0	4	0	1	1	0	0	12	0	0
50	0	474229	1	9	3	0	0	1	0	0	0	40	0	0
46	3	246981	7	13	0	5	2	0	0	0	0	23	0	0
39	0	271610	1	9	1	12	1	1	0	0	0	60	0	1
25	0	179138	1	9	1	6	1	1	0	0	0	40	0	0
19	1	268722	3	10	0	10	5	1	1	0	0	20	0	0
46	0	111410	0	7	1	6	1	1	0	0	0	40	0	0
37	1	125550	7	13	1	5	4	1	1	7688	0	40	0	1
24	0	51985	1	9	0	10	0	1	0	0	0	40	0	0
45	0	302584	7	13	3	10	2	1	0	0	0	40	0	0
90	4	311184	8	14	3	5	2	1	0	0	0	99	0	0
45	1	133969	7	13	1	12	1	2	0	0	0	40	9	0
41	1	214242	3	10	1	2	1	1	0	0	1902	72	0	1
29	0	372149	1	9	1	7	1	1	0	0	0	35	0	0
53	0	203967	1	9	0	7	2	1	0	0	0	40	0	0
21	0	147344	1	9	0	12	5	1	0	0	0	60	1	0
45	6	139268	7	13	1	10	1	1	0	0	0	60	0	1
38	0	349198	2	12	1	9	1	1	0	0	0	21	0	1
43	0	222756	2	12	1	8	1	1	0	0	2002	44	0	0
53	1	196395	7	13	1	5	1	0	0	0	0	40	0	1
22	0	316304	3	10	0	1	0	1	0	0	0	50	0	0
44	0	347653	11	11	1	8	1	1	0	0	0	50	7	0
40	0	176063	7	13	1	8	1	1	0	0	1977	60	0	1
67	0	176835	3	10	3	8	2	1	1	0	0	40	0	0
58	0	144092	8	14	1	5	1	1	0	0	0	35	0	1
23	0	148709	7	13	0	7	2	1	1	0	0	38	0	0
31	4	194141	11	11	1	13	1	1	0	0	0	40	0	0
28	6	215423	1	9	0	8	2	1	1	0	0	70	0	0
52	3	128378	0	7	1	6	1	1	0	0	0	40	0	0
23	0	34431	1	9	0	0	2	1	1	0	0	40	0	0
21	0	180690	1	9	0	0	0	1	0	0	0	40	0	0
28	0	142712	7	13	1	8	1	1	0	0	1902	57	0	1
43	5	185619	8	14	1	5	1	4	0	0	0	35	0	1
36	3	358373	7	13	0	5	2	0	1	0	0	30	0	0
27	0	81648	7	13	1	6	1	1	0	0	0	40	0	0
56	0	244580	1	9	1	12	1	1	0	0	0	40	0	1
31	0	184570	1	9	0	7	2	1	1	0	0	40	0	0
39	5	210150	8	14	0	2	2	1	1	0	0	40	0	0
22	1	212213	3	10	0	7	0	0	1	0	0	40	0	0
37	0	182148	7	13	0	4	2	1	0	0	0	39	0	0
29	0	55390	1	9	1	6	1	1	0	0	0	40	0	1
58	0	66788	1	9	4	0	3	1	0	0	0	40	26	0
43	4	265604	1	9	1	6	1	0	0	0	0	40	0	0
21	0	110677	3	10	1	4	5	1	1	0	0	30	0	0
34	0	320077	7	13	3	5	2	1	1	0	0	50	0	1
56	0	201817	1	9	2	0	2	0	1	0	0	40	0	0
43	0	142725	1	9	1	4	1	1	0	0	1887	80	0	1
44	3	53956	3	10	1	1	1	1	0	0	0	45	0	0
45	5	116892	2	12	3	7	3	0	1	0	0	40	0	0
33	0	34572	1	9	1	10	1	1	0	0	0	40	0	0
40	5	287008	1	9	1	2	1	1	0	0	0	40	0	0
66	1	30740	3	10	2	7	2	1	1	0	0	20	0	0
27	0	162104	6	4	0	11	0	1	1	0	0	30	0	0
65	0	237024	14	2	1	4	1	1	0	0	0	35	4	0
20	0	228306	1	9	0	9	0	1	1	0	0	32	0	0
18	0	127388	0	7	0	4	0	1	1	0	0	20	0	0
45	0	72393	7	13	5	5	3	1	1	0	0	38	0	0
55	6	160813	1	9	4	10	2	1	1	0	0	60	0	0
43	0	255586	1	9	3	0	3	1	0	0	0	40	0	0
21	0	342575	3	10	0	10	0	0	1	0	0	35	0	0
28	0	181466	1	9	0	0	0	1	0	0	0	40	0	0
23	0	234108	2	12	0	0	3	1	0	0	0	40	0	0
28	0	66414	7	13	1	5	1	1	0	0	0	40	0	0
21	0	227307	1	9	1	7	4	1	1	0	0	43	0	1
23	0	157145	1	9	4	0	2	1	0	0	0	40	0	0
63	0	252457	1	9	2	8	2	1	0	0	0	40	0	0
60	4	142769	3	10	1	6	1	1	0	0	0	40	0	1
32	0	49539	3	10	0	4	2	1	1	3674	0	40	0	0
33	0	249438	1	9	0	4	0	0	1	0	0	40	0	0
30	0	289293	13	8	1	6	1	1	0	3908	0	40	5	0
68	3	198884	1	9	1	6	1	1	0	0	0	25	0	0
53	1	229259	2	12	1	9	1	1	0	0	0	45	0	1
36	0	289223	3	10	1	7	4	1	1	0	1848	40	0	1
23	0	42401	7	13	0	8	2	1	0	0	0	50	0	0
26	0	295055	1	9	0	0	0	0	0	0	0	40	0	0
42	5	214781	7	13	0	5	3	1	0	0	1876	38	0	0
20	0	95552	1	9	0	10	0	1	0	0	0	40	0	0
53	0	308764	1	9	3	7	2	1	1	0	0	45	0	0
36	0	185394	1	9	0	7	3	1	1	0	0	40	0	0
47	0	358382	3	10	4	5	2	0	0	0	0	40	0	0
35	0	195946	2	12	1	4	1	2	0	0	0	40	9	0
32	0	296897	7	13	0	5	0	0	1	0	0	40	0	0
41	3	230961	5	15	1	5	1	1	0	0	0	45	0	1
22	0	169022	1	9	0	8	2	1	1	0	0	48	0	0
28	0	209301	1	9	1	12	1	1	0	0	1848	40	0	1
42	0	252058	1	9	1	0	1	1	0	0	0	40	0	0
51	3	30012	3	10	1	10	1	1	0	0	0	50	0	1
33	0	202046	7	13	1	8	1	1	0	0	0	45	0	1
22	0	52262	3	10	1	10	1	1	0	0	0	45	0	0
60	0	96660	1	9	3	10	5	1	1	0	0	33	0	0
50	3	200618	8	14	1	8	1	1	0	0	0	60	0	1
58	0	177368	1	9	1	6	1	1	0	3137	0	16	0	0
22	0	311311	3	10	0	4	2	1	0	0	0	60	0	0
47	5	142856	8	14	1	5	1	1	0	0	0	45	0	1
28	0	134890	7	13	0	10	0	1	0	0	1974	50	0	0
38	6	179579	9	16	1	8	1	1	0	0	0	60	0	1
67	5	173623	7	13	1	5	1	1	0	4931	0	30	0	0
76	6	99328	7	13	1	1	1	1	0	6514	0	40	0	1
41	1	224799	8	14	1	5	1	1	0	0	0	55	0	1
57	6	231781	8	14	1	8	1	1	0	0	0	50	0	1
22	0	41763	3	10	0	5	2	1	0	0	0	40	0	0
38	1	51240	7	13	1	5	1	1	0	0	0	45	0	0
30	0	206923	2	12	1	8	4	3	1	0	1977	40	0	1
30	6	132601	7	13	1	6	1	1	0	0	0	40	0	1
27	0	357348	1	9	0	7	2	1	1	2202	0	40	0	0
22	0	150683	1	9	0	12	0	1	0	0	0	20	0	0
40	6	188615	0	7	1	8	1	1	0	15024	0	20	0	1
73	0	159007	7	13	3	1	5	1	1	0	0	12	0	0
23	0	130959	7	13	1	5	1	1	0	2407	0	6	25	0
51	0	158746	7	13	1	8	1	1	0	0	1902	60	0	1
29	0	498833	1	9	1	7	4	1	1	0	0	40	28	0
46	0	193188	8	14	0	8	3	1	0	0	0	40	0	0
29	6	136277	1	9	0	8	2	0	1	0	0	16	0	0
34	0	137991	7	13	0	10	0	1	1	0	0	35	0	0
38	3	187098	8	14	0	5	2	1	1	0	0	48	0	0
62	0	176839	9	16	0	8	2	1	0	0	0	50	0	1
30	5	185384	1	9	3	4	3	1	1	0	0	50	0	0
20	0	87867	3	10	0	9	0	1	0	0	0	40	0	0
40	0	111779	0	7	3	4	3	0	1	0	0	36	0	0
37	1	185556	1	9	4	2	2	1	0	0	1980	35	0	0
56	0	59469	6	4	1	6	1	1	0	0	0	40	25	0
63	0	164435	3	10	1	5	1	1	0	0	0	50	0	0
25	0	259336	1	9	0	4	0	1	0	0	0	40	2	0
40	3	277488	1	9	4	6	0	1	0	0	0	40	0	0
53	0	104258	4	6	1	6	1	1	0	0	0	40	0	0
23	0	141427	7	13	0	8	2	0	1	0	0	40	0	0
32	0	267052	4	6	0	1	3	0	1	0	0	40	0	0
33	0	114764	3	10	3	4	2	1	1	0	0	40	0	0
50	1	151143	1	9	0	7	0	1	1	0	0	40	0	0
37	0	176357	3	10	3	0	2	1	0	0	0	40	0	0
29	0	190303	7	13	3	5	2	1	0	2463	0	15	0	0
28	0	220692	3	10	0	7	0	0	1	0	0	40	0	0
46	0	181970	3	10	1	6	1	1	0	0	0	40	0	1
42	0	263339	1	9	1	6	1	1	0	5178	0	40	0	1
21	3	83704	12	5	0	10	0	1	0	0	0	30	0	0
24	0	324960	2	12	0	7	2	1	0	0	0	30	0	0
53	0	96062	12	5	3	6	2	1	0	0	0	50	0	0
54	0	96678	1	9	1	6	1	1	0	0	0	45	0	0
36	0	33435	11	11	3	10	3	1	1	0	0	40	0	0
52	3	399008	1	9	1	12	1	0	0	5013	0	40	0	0
71	0	159722	1	9	2	7	3	1	1	0	0	25	0	0
36	0	225172	1	9	1	6	1	1	0	0	0	40	0	0
52	0	135033	6	4	1	13	1	1	0	0	0	40	33	0
38	0	179671	1	9	1	2	1	1	0	0	0	48	0	0
56	0	182460	7	13	3	8	2	1	0	0	0	40	0	0
52	0	231196	1	9	1	10	1	1	0	0	0	40	0	1
55	0	181974	3	10	3	7	2	1	1	0	0	40	0	0
31	0	326104	7	13	1	1	1	1	0	0	0	45	0	0
51	6	126850	1	9	1	12	1	1	0	0	0	65	0	0
23	0	33644	7	13	0	4	2	1	1	0	0	50	0	0
40	0	92649	2	12	3	7	3	1	1	0	0	40	0	0
20	0	353696	3	10	0	7	0	1	0	0	0	28	0	0
36	0	238342	3	10	3	7	2	1	0	0	0	40	0	0
22	0	882849	7	13	0	4	0	1	0	0	0	35	0	0
49	6	318280	7	13	1	10	1	1	0	0	0	55	0	1
35	0	151322	7	13	1	8	1	1	0	15024	0	55	0	1
31	6	111567	7	13	1	8	1	1	0	0	0	40	0	0
43	0	279996	1	9	0	6	0	1	0	0	0	20	0	0
48	0	103743	3	10	1	12	1	1	0	0	2002	70	0	0
53	0	30846	1	9	0	13	0	1	0	0	0	40	0	0
26	0	191393	1	9	0	7	3	0	0	0	1380	40	0	0
35	5	140564	3	10	1	9	1	1	0	5013	0	40	0	0
37	4	243177	3	10	0	7	2	0	1	0	0	40	0	0
55	1	104996	1	9	1	6	1	1	0	0	0	15	0	0
27	1	191202	1	9	0	4	0	1	0	0	0	45	0	0
47	0	247379	1	9	0	13	2	1	0	0	0	45	0	0
44	0	96129	7	13	1	8	1	1	0	0	0	40	0	1
47	2	58440	11	11	1	3	1	1	0	0	0	45	0	0
24	0	125031	1	9	1	10	1	1	0	0	0	45	0	0
23	0	183772	2	12	0	7	5	1	1	0	0	70	0	0
37	0	78488	1	9	0	4	2	1	1	0	0	32	0	0
32	3	121058	1	9	1	1	1	1	0	0	0	60	0	0
43	0	84673	8	14	3	8	2	1	1	0	0	38	0	1
30	0	172830	7	13	0	7	2	1	1	3325	0	40	0	0
36	0	307520	7	13	1	8	4	2	1	0	0	40	8	1
21	0	327797	3	10	3	10	2	1	1	0	0	40	0	0
40	0	108945	1	9	3	7	3	1	1	0	0	32	0	0
52	0	164473	1	9	1	4	4	1	1	0	0	38	0	0
40	0	144778	7	13	5	10	2	1	0	0	0	40	0	1
54	0	69477	8	14	1	5	1	1	0	0	1902	60	0	1
45	0	137946	7	13	3	10	2	1	0	0	0	50	0	0
28	0	167737	7	13	2	4	0	1	0	0	1974	50	0	0
30	0	195602	3	10	1	9	1	1	0	0	0	45	1	0
31	0	140206	1	9	1	0	1	1	0	0	0	40	0	1
42	6	272551	7	13	3	9	2	1	1	0	1564	60	0	1
24	0	114939	11	11	1	7	4	1	1	0	0	40	0	0
45	1	265477	8	14	1	5	1	1	0	0	0	40	40	1
51	1	252029	9	16	3	5	2	1	1	0	0	45	0	1
29	6	263786	7	13	0	10	2	1	0	0	0	40	0	1
35	0	397877	1	9	0	12	2	1	0	0	0	40	0	0
24	0	316438	10	3	0	0	5	1	0	0	0	40	4	0
34	1	283921	1	9	1	7	1	1	0	0	0	40	0	0
29	0	199903	1	9	0	4	0	1	1	0	0	20	0	0
42	0	339814	7	13	1	5	1	1	0	0	0	40	0	1
19	2	191140	3	10	0	3	0	1	0	0	0	20	0	0
33	0	174215	7	13	0	8	2	1	1	0	0	55	0	1
32	0	124420	1	9	0	0	2	1	0	0	0	40	0	0
34	0	289228	8	14	1	8	4	1	1	15024	0	45	0	1
27	0	200610	1	9	1	0	1	1	0	2580	0	40	0	0
36	0	140327	1	9	1	10	4	1	1	7298	0	35	0	1
39	1	86643	3	10	1	2	1	1	0	0	0	48	0	0
33	0	226624	1	9	1	0	1	1	0	0	0	40	0	0
48	0	365516	1	9	3	4	2	1	1	0	0	35	0	0
27	0	153288	3	10	1	12	1	1	0	0	0	40	0	0
33	0	235124	3	10	1	7	1	1	0	0	0	40	1	0
28	6	160731	1	9	0	6	2	1	0	0	0	40	0	0
17	0	230999	0	7	0	4	0	1	1	0	0	16	0	0
38	0	453663	1	9	1	6	1	1	0	0	0	44	0	0
28	0	250967	1	9	1	6	1	1	0	2105	0	40	0	0
22	2	96844	3	10	0	3	2	1	1	0	1602	20	0	0
41	4	149102	1	9	0	13	2	1	0	0	1980	40	0	0
42	0	226452	12	5	0	0	5	1	1	0	0	40	4	0
36	0	34378	6	4	0	0	3	1	0	0	0	60	0	0
37	1	177277	8	14	1	5	1	1	0	0	0	40	0	1
38	1	316470	7	13	1	5	1	1	0	0	0	40	0	1
55	1	293104	3	10	1	5	1	1	0	0	0	40	0	0
55	0	380357	7	13	1	10	1	1	0	0	0	60	1	1
36	0	101318	3	10	5	5	2	2	1	0	0	40	27	1
32	2	339099	3	10	0	3	3	0	1	0	0	40	0	0
52	0	131662	7	13	3	7	3	1	1	0	0	45	0	0
20	0	163333	1	9	0	13	0	1	1	0	0	20	0	0
43	0	71738	3	10	1	6	1	1	0	0	0	40	0	1
35	0	141276	1	9	0	0	3	0	1	0	0	40	0	0
61	0	242552	10	3	1	0	4	1	1	0	0	37	29	0
30	0	246439	2	12	1	5	1	1	0	0	0	60	0	0
38	4	81232	7	13	1	5	1	1	0	0	0	40	0	1
31	0	157568	3	10	0	7	2	1	0	0	0	40	0	0
21	0	117476	3	10	0	7	0	1	0	0	0	40	0	0
28	5	198201	1	9	1	2	1	0	0	0	0	40	0	0
57	0	167483	11	11	3	8	3	1	1	0	0	50	0	0
19	6	150384	1	9	0	8	0	1	0	0	0	40	0	0
18	2	96244	3	10	0	3	0	1	0	0	0	45	0	0
34	0	33678	7	13	1	10	1	1	0	4508	0	35	0	0
42	0	180985	11	11	1	6	1	1	0	0	0	52	0	0
36	0	101192	1	9	1	6	1	1	0	0	0	40	0	1
33	0	207561	7	13	0	7	2	0	0	0	0	40	0	0
32	0	105749	5	15	1	5	1	1	0	0	0	40	0	1
41	6	443508	9	16	1	8	1	1	0	99999	0	60	0	1
23	0	249087	7	13	0	9	0	1	1	0	0	40	0	0
31	1	279231	11	11	3	12	2	1	0	0	0	40	0	0
38	0	180477	4	6	0	4	2	1	0	0	0	40	0	0
51	0	144522	1	9	1	6	1	1	0	0	0	40	11	0
36	1	248263	1	9	0	5	2	1	1	0	0	40	0	0
38	2	498411	3	10	1	3	4	1	1	0	0	40	0	0
57	0	102442	3	10	3	7	3	1	1	0	0	40	0	0
20	0	262877	1	9	0	6	2	1	1	0	0	55	0	0
66	3	325537	7	13	1	10	1	1	0	0	0	40	0	1
22	0	161638	1	9	0	0	5	1	1	0	0	40	15	0
46	3	24367	4	6	1	1	1	1	0	0	0	99	0	1
38	0	108140	8	14	1	5	1	1	0	7298	0	50	0	1
63	2	205110	4	6	2	3	2	0	0	0	0	40	0	0
43	6	504423	8	14	1	8	1	2	0	0	0	60	16	1
37	0	264700	1	9	1	9	4	0	1	0	0	35	0	0
22	0	335067	7	13	0	8	2	1	0	0	0	20	0	0
58	0	153551	1	9	3	10	3	1	1	0	0	23	0	0
43	0	186077	1	9	2	12	3	0	0	0	0	40	0	0
55	1	85001	8	14	5	5	2	1	1	0	0	38	0	0
45	3	216999	1	9	1	8	1	1	0	0	0	40	0	0
48	0	107231	7	13	1	8	1	1	0	0	0	55	0	1
36	3	52870	7	13	1	8	1	1	0	4386	0	50	0	1
73	3	228899	6	4	0	7	2	1	1	0	0	99	0	0
29	1	90956	1	9	1	2	1	1	0	0	0	40	0	0
36	0	186934	1	9	1	8	1	1	0	0	0	50	0	1
57	6	37394	7	13	1	5	1	1	0	0	0	50	0	1
25	2	30840	3	10	3	3	3	1	1	0	0	40	7	0
32	0	185177	11	11	4	9	0	1	0	0	1590	40	0	0
34	0	312055	7	13	0	8	2	1	0	0	0	40	0	1
20	0	176262	2	12	0	7	0	1	1	0	0	20	0	0
51	6	161482	1	9	1	10	4	1	1	0	0	40	0	0
51	0	373448	3	10	1	8	1	1	0	0	2002	40	0	0
45	3	277630	3	10	3	8	2	0	0	0	0	48	0	0
68	3	150904	1	9	2	6	2	1	1	0	0	35	0	0
73	0	187334	3	10	1	2	1	1	0	0	0	40	0	0
18	0	328937	6	4	0	4	0	0	0	0	0	20	0	0
35	1	132879	1	9	1	12	1	1	0	0	0	40	0	0
58	0	49159	1	9	1	7	4	1	1	0	0	40	0	1
38	0	133299	1	9	0	1	0	1	0	0	0	55	0	0
62	2	268315	3	10	3	3	2	1	1	0	0	40	0	0
31	0	176430	1	9	1	6	1	1	0	0	0	40	0	0
18	0	211344	1	9	0	0	0	1	0	0	0	40	0	0
35	0	162302	3	10	0	9	0	1	1	0	0	32	0	0
51	0	229225	8	14	3	4	2	0	1	0	0	18	0	1
49	3	77404	3	10	1	10	1	1	0	0	0	44	1	1
51	1	202044	7	13	0	5	2	1	1	0	0	55	0	0
28	0	94128	1	9	0	0	2	1	0	0	0	40	0	0
21	2	189888	2	12	0	3	2	1	0	0	0	48	0	0
32	0	94041	7	13	0	8	2	1	0	0	0	40	0	1
50	5	322840	11	11	1	2	1	1	0	0	0	40	19	1
47	4	746660	7	13	1	8	1	0	0	0	1887	40	0	1
54	0	84587	1	9	1	9	1	2	0	0	0	38	8	0
41	0	33126	11	11	0	4	2	1	0	0	0	45	0	0
29	0	247445	1	9	4	6	2	1	0	0	0	40	0	0
52	3	210377	4	6	1	8	4	0	1	0	0	40	0	0
19	2	239862	3	10	0	3	5	1	0	0	0	40	0	0
33	0	327112	8	14	1	8	1	1	0	0	0	60	0	1
37	3	188563	1	9	1	12	1	1	0	0	0	55	0	0
62	2	189098	3	10	1	3	1	1	0	0	0	15	0	0
27	0	26326	11	11	3	4	3	4	1	0	0	40	0	0
46	0	145636	1	9	1	8	1	1	0	3103	0	50	0	1
45	5	255456	8	14	1	5	1	2	0	0	0	50	17	1
35	0	196373	1	9	1	1	1	1	0	0	1672	40	0	0
32	0	167476	1	9	1	6	1	1	0	0	0	45	0	0
32	5	59083	1	9	1	8	1	1	0	0	0	60	0	1
36	3	186934	3	10	1	10	1	1	0	0	0	55	0	0
62	2	188650	6	4	1	3	1	1	0	0	0	10	0	0
33	4	373043	1	9	0	12	2	0	0	0	0	34	7	0
51	0	250423	3	10	5	12	3	1	0	0	0	40	0	0
29	0	334032	3	10	0	6	2	1	0	0	0	40	0	0
29	5	89487	1	9	1	6	1	1	0	0	0	40	0	0
52	0	230205	3	10	0	7	2	0	1	0	2001	32	0	0
33	0	212980	1	9	3	7	3	0	1	0	0	40	0	0
32	0	351770	3	10	3	1	3	1	1	0	0	40	0	0
35	5	167482	1	9	0	2	0	1	0	0	1980	40	0	0
23	0	42251	7	13	0	5	2	1	1	0	0	40	0	0
56	3	52822	3	10	1	6	1	1	0	0	0	70	0	0
41	0	229472	1	9	0	4	2	1	1	0	0	40	0	0
33	0	93034	11	11	1	6	1	2	0	0	0	40	20	0
35	0	415167	7	13	1	8	1	1	0	0	0	60	0	1
76	3	161182	3	10	2	10	2	1	0	0	0	20	0	0
38	0	166549	1	9	1	0	1	1	0	0	0	50	0	0
42	0	36296	1	9	3	12	2	1	0	0	0	40	0	0
45	0	272442	8	14	1	5	1	1	0	0	0	50	0	1
22	0	366139	3	10	1	9	4	1	1	0	0	40	0	0
30	6	127651	7	13	1	8	1	1	0	15024	0	65	0	1
59	0	158077	3	10	3	7	3	1	1	0	0	40	0	0
33	0	154950	7	13	1	5	1	1	0	0	0	50	0	0
30	1	197886	2	12	0	13	2	1	0	0	0	40	0	0
43	0	211518	1	9	3	7	0	1	1	0	0	40	0	0
26	0	214303	1	9	0	4	3	1	1	0	0	20	0	0
34	0	154120	8	14	1	8	1	1	0	15024	0	60	0	1
53	0	186303	1	9	0	10	2	1	0	0	0	40	0	0
26	0	488459	3	10	0	8	2	1	1	0	0	40	0	0
66	0	423883	1	9	1	6	1	1	0	0	0	40	0	0
34	0	117963	12	5	1	12	1	1	0	0	0	45	0	0
57	3	38430	6	4	2	1	3	1	0	0	0	40	0	0
30	0	176969	1	9	3	0	2	1	0	0	0	40	0	0
18	2	116839	3	10	0	3	2	1	1	0	0	20	0	0
23	0	212407	7	13	0	13	0	1	0	0	0	25	0	0
35	1	110075	8	14	1	5	4	1	1	15024	0	50	0	1
40	0	183096	7	13	0	10	0	1	1	0	0	40	0	0
45	4	126754	8	14	1	5	1	1	0	0	0	45	0	1
28	0	216178	1	9	1	0	1	1	0	0	0	40	0	0
35	0	188391	7	13	1	8	1	1	0	0	0	55	0	1
17	2	27251	0	7	2	3	0	1	0	0	0	40	0	0
51	0	40230	1	9	1	8	4	1	1	0	0	60	0	0
47	0	100009	3	10	3	8	2	1	0	0	0	30	0	0
27	2	222442	3	10	3	3	0	1	0	0	0	25	11	0
24	1	403471	3	10	0	7	0	0	1	0	0	48	0	0
52	0	161482	3	10	3	7	2	1	1	0	0	40	0	0
20	0	83141	1	9	0	0	0	1	0	4416	0	53	0	0
68	6	31661	1	9	1	1	1	1	0	0	0	65	0	0
35	0	101073	3	10	1	12	1	1	0	0	0	45	0	1
53	1	99682	8	14	3	5	2	1	1	2174	0	40	0	0
23	0	215395	3	10	0	6	2	1	0	0	0	40	0	0
35	0	343476	0	7	3	6	3	1	0	0	0	40	0	0
21	0	178363	3	10	0	7	0	0	1	0	0	20	0	0
52	0	95872	8	14	0	5	2	1	1	0	0	55	1	0
49	0	90907	3	10	1	7	1	2	0	0	0	40	39	1
42	0	165309	1	9	0	13	2	1	0	0	0	50	0	0
35	0	208358	7	13	1	8	1	1	0	0	0	37	0	1
42	0	171069	7	13	1	6	1	0	0	15024	0	40	0	1
46	0	53540	3	10	3	5	2	0	1	0	0	40	0	1
48	0	29433	3	10	3	10	3	1	1	0	0	55	0	0
48	3	175622	11	11	1	6	1	1	0	0	0	40	0	1
52	0	231865	1	9	1	7	1	1	0	0	0	46	0	0
51	0	266336	7	13	1	2	1	1	0	0	1902	50	0	1
44	3	190290	3	10	5	8	2	1	0	0	0	80	40	0
74	3	45319	13	8	1	4	1	1	0	1409	0	20	25	0
17	8	131593	0	7	0	3	0	0	1	0	0	20	0	0
24	1	177913	1	9	0	7	2	1	0	0	0	40	0	0
51	0	457357	1	9	1	6	1	1	0	0	0	45	0	0
43	6	253811	5	15	1	5	1	1	0	0	2415	55	0	1
48	0	501671	1	9	3	0	2	0	0	0	0	48	0	0
35	5	227128	1	9	3	6	0	1	0	0	0	40	0	0
40	4	39137	8	14	0	5	2	1	0	0	0	40	0	0
52	3	121038	1	9	2	4	3	0	1	0	0	43	0	0
53	5	119570	7	13	1	8	1	1	0	0	0	45	0	1
29	2	99297	1	9	1	3	2	2	1	0	0	40	18	0
28	3	169460	11	11	1	1	1	1	0	0	0	80	0	0
33	0	261639	3	10	1	7	1	0	0	4064	0	40	0	0
21	0	214542	3	10	0	13	0	1	0	0	0	22	0	0
31	0	141410	3	10	0	12	2	0	0	0	0	40	0	0
39	0	370549	3	10	1	10	4	1	1	0	0	30	0	1
44	3	234767	8	14	1	5	1	1	0	0	0	30	0	1
40	0	104196	7	13	1	8	1	1	0	0	0	60	0	1
22	5	52262	7	13	1	5	1	1	0	0	0	20	21	0
22	2	285775	7	13	0	3	0	1	0	0	0	40	0	0
60	0	235336	3	10	2	8	2	1	1	0	0	70	0	0
49	0	165539	3	10	0	11	2	0	1	0	0	90	32	0
41	0	362815	3	10	4	8	2	1	0	0	0	50	0	0
24	5	292816	11	11	0	7	0	1	1	0	0	40	0	0
26	0	66692	3	10	3	7	2	1	1	0	0	40	0	0
55	0	120910	1	9	4	7	2	1	1	0	0	40	0	0
36	6	116133	1	9	0	8	0	1	0	0	0	41	0	0
49	5	247043	3	10	1	2	1	1	0	0	0	40	0	0
23	0	215616	1	9	0	4	2	1	1	0	0	20	0	0
23	0	131415	1	9	1	4	4	1	1	0	0	35	0	0
64	3	169604	1	9	1	6	1	1	0	0	0	30	0	1
50	0	230858	8	14	1	10	1	1	0	0	0	50	0	1
23	0	73968	3	10	1	6	1	1	0	0	0	50	0	0
28	0	339897	7	13	1	8	1	1	0	0	0	40	0	1
31	0	258406	1	9	1	0	1	1	0	0	0	50	4	0
30	0	180574	3	10	0	7	5	1	1	0	0	40	0	0
44	0	88808	13	8	1	12	1	1	0	0	0	40	0	0
24	0	179627	1	9	0	0	0	1	0	0	0	40	0	0
19	0	149823	3	10	0	4	0	1	0	0	0	20	0	0
20	0	60639	3	10	0	4	2	1	1	0	0	40	0	0
30	0	46492	7	13	1	9	1	1	0	0	1902	40	0	1
36	0	48520	3	10	3	4	3	1	1	0	0	40	0	0
28	0	306538	13	8	0	5	3	1	1	0	0	40	0	0
58	0	204678	7	13	1	9	4	1	1	0	0	40	0	1
48	0	218676	1	9	1	10	1	1	0	0	0	40	0	0
35	1	95455	7	13	0	5	2	1	1	0	0	55	0	0
53	3	335655	1	9	3	10	2	1	0	0	0	30	0	0
55	0	194436	12	5	1	0	4	1	1	0	0	40	0	0
24	0	152724	1	9	0	0	3	0	0	0	0	40	0	0
28	0	242482	1	9	0	13	0	1	0	0	0	40	0	0
31	1	162041	8	14	0	5	2	1	1	0	0	45	0	0
23	0	291854	3	10	0	5	0	1	1	0	0	40	0	0
22	2	48343	3	10	0	3	5	0	1	0	0	40	0	0
77	2	153113	5	15	1	3	1	1	0	1455	0	25	0	0
38	0	80680	4	6	3	10	2	1	1	0	0	40	0	0
20	2	211601	11	11	0	3	0	0	1	0	0	15	0	0
31	6	264554	1	9	1	12	1	1	0	0	1977	40	0	1
29	0	319998	12	5	1	6	1	1	0	0	0	40	0	0
20	0	194228	3	10	1	10	1	1	0	0	0	40	0	0
62	3	236247	1	9	1	4	1	1	0	0	0	20	0	0
28	3	123983	8	14	3	10	2	2	0	0	0	54	14	0
49	0	166215	12	5	1	6	1	1	0	0	0	40	0	0
34	0	178623	7	13	1	5	4	0	1	0	0	35	0	0
51	3	174102	7	13	1	10	1	1	0	0	0	8	0	0
32	0	292217	1	9	1	6	1	1	0	2829	0	40	1	0
44	0	198452	1	9	1	6	1	1	0	0	0	40	0	0
40	0	96497	7	13	1	8	1	1	0	0	0	50	0	1
62	2	194660	1	9	1	3	1	1	0	0	0	40	0	1
37	0	216924	1	9	3	1	0	1	0	0	0	60	0	0
26	0	206721	7	13	0	10	0	1	0	0	0	50	0	0
37	5	49105	1	9	3	7	3	1	1	0	0	25	0	0
62	4	164021	8	14	1	8	1	1	0	0	0	40	0	1
46	0	91608	5	15	1	6	1	1	0	0	0	40	0	0
51	3	323963	1	9	1	12	1	1	0	0	0	60	0	1
42	0	70037	8	14	0	5	2	1	0	0	0	50	0	0
61	0	289950	7	13	1	5	1	1	0	0	0	44	0	1
65	0	213149	1	9	1	9	1	1	0	0	0	40	0	0
44	4	320451	7	13	1	5	1	2	0	15024	0	40	8	1
22	0	351952	3	10	0	7	0	1	1	0	0	38	0	0
50	0	146015	1	9	1	6	1	1	0	0	0	40	0	0
19	0	281704	3	10	0	1	5	1	0	0	0	8	0	0
44	4	786418	1	9	1	12	1	0	0	0	0	60	0	0
29	0	214689	7	13	0	8	2	1	0	0	0	40	0	0
48	0	193188	11	11	1	6	1	1	0	0	0	40	0	1
55	6	142020	1	9	1	8	1	1	0	0	0	80	0	0
78	2	317311	1	9	2	3	2	1	0	0	0	40	0	0
43	0	213416	3	10	1	0	1	1	0	0	0	40	4	0
47	4	326048	1	9	1	6	1	1	0	0	0	40	0	0
22	0	191265	3	10	0	10	2	1	0	0	0	30	0	0
47	0	348986	1	9	1	4	5	2	1	0	0	28	23	0
24	0	126613	7	13	0	10	2	1	1	0	0	50	0	0
26	2	40032	7	13	0	3	2	1	1	0	0	40	0	0
38	0	150057	8	14	1	6	1	1	0	0	0	50	19	0
39	0	113725	8	14	3	8	2	1	1	8614	0	40	0	1
24	0	140500	4	6	0	10	3	1	1	0	0	40	0	0
31	0	113364	1	9	1	12	1	1	0	0	0	40	0	1
65	0	176219	1	9	5	4	2	2	0	0	0	40	14	0
19	0	146189	1	9	0	10	5	4	1	0	0	78	0	0
45	0	83993	2	12	3	8	3	1	1	0	0	56	0	1
33	0	194336	1	9	1	8	1	1	0	5178	0	50	0	1
61	5	349434	7	13	3	8	3	0	1	0	0	40	0	0
55	0	142020	1	9	1	8	1	1	0	0	0	45	0	0
27	0	48894	2	12	0	5	2	1	1	0	0	42	0	0
29	0	226295	1	9	0	13	2	1	0	0	0	36	0	0
40	0	77313	7	13	0	8	2	1	1	0	0	60	0	1
36	0	305935	1	9	3	4	3	0	0	0	0	40	0	0
23	0	287988	7	13	0	8	2	1	0	0	0	30	0	0
49	1	49275	1	9	0	6	2	1	0	0	0	50	0	0
39	0	102865	1	9	1	6	1	1	0	0	0	40	0	0
47	0	209146	8	14	3	10	2	1	0	27828	0	40	0	1
40	0	173001	3	10	1	9	0	1	1	0	1902	40	0	1
40	0	277256	7	13	3	8	2	1	0	0	2559	55	0	1
46	0	20534	8	14	1	4	1	1	0	0	0	20	0	0
35	0	60227	1	9	1	6	1	1	0	0	0	40	0	0
19	5	176936	1	9	0	7	0	1	1	0	0	30	0	0
42	0	49255	8	14	1	5	1	1	0	4386	0	40	0	1
64	2	232787	7	13	1	3	1	1	0	0	0	40	0	0
49	0	235095	0	7	1	12	1	1	0	0	0	40	0	0
44	0	190531	7	13	3	5	3	0	1	0	0	35	0	0
64	7	209291	1	9	1	13	1	1	0	0	0	60	0	1
23	0	109053	1	9	0	13	5	1	0	0	0	60	0	0
22	0	183594	1	9	0	6	0	1	0	0	0	40	0	0
22	0	361608	1	9	0	7	2	1	1	0	0	40	0	0
43	0	257028	2	12	1	4	1	0	0	0	0	40	10	0
34	0	66561	7	13	1	7	1	1	0	0	0	37	0	0
21	0	176486	3	10	0	8	3	1	1	0	0	30	0	0
21	0	565313	1	9	0	4	0	0	0	0	0	40	0	0
34	1	198953	3	10	3	2	3	0	1	0	0	40	0	0
68	5	99106	8	14	3	5	2	1	1	0	0	20	0	0
45	0	213140	8	14	1	5	1	1	0	0	1977	52	0	1
33	0	66384	1	9	1	13	1	1	0	0	0	38	0	0
41	0	483201	7	13	1	10	1	1	0	0	0	40	0	1
19	2	466458	3	10	0	3	0	1	1	0	0	45	0	0
30	0	90446	6	4	1	1	1	1	0	0	0	40	4	0
69	3	165017	5	15	1	5	1	1	0	0	0	40	0	1
25	0	120596	7	13	0	5	2	1	0	0	0	44	0	0
36	0	345310	3	10	3	4	3	1	1	0	0	30	0	0
20	2	94746	3	10	0	3	0	1	0	0	0	40	26	0
38	1	338611	3	10	0	7	0	1	1	0	0	40	0	0
40	6	275366	1	9	1	10	1	1	0	0	0	50	0	1
59	0	188872	1	9	1	9	1	1	0	0	0	40	0	1
36	0	359397	0	7	1	13	1	3	0	0	0	40	0	0
33	0	158800	7	13	1	5	1	1	0	0	0	40	0	1
31	0	31510	2	12	1	6	1	1	0	0	0	40	0	0
51	0	358740	0	7	3	10	3	1	1	0	0	35	0	0
31	0	257148	7	13	2	5	0	1	0	0	0	35	0	0
48	0	174525	14	2	1	7	1	1	0	0	0	52	5	0
52	0	161599	1	9	1	7	5	1	1	0	0	40	0	0
41	0	193494	1	9	1	6	1	1	0	0	0	44	0	0
40	1	231832	8	14	0	5	2	1	1	0	0	40	0	0
53	1	146834	1	9	1	4	1	1	0	0	0	45	0	0
24	0	63927	3	10	0	9	0	1	0	0	0	40	0	0
38	0	278403	7	13	1	7	1	1	0	0	0	48	0	0
53	0	241141	3	10	3	7	3	1	1	0	0	40	1	0
70	1	127463	1	9	1	10	1	1	0	0	0	40	0	0
58	0	175017	0	7	1	7	1	1	0	0	1672	40	0	0
54	0	56741	1	9	1	7	4	1	1	0	0	40	0	0
44	0	107683	11	11	1	6	4	1	1	4386	0	40	0	1
42	0	270324	1	9	1	6	1	0	0	0	0	40	32	0
47	5	304512	8	14	3	8	2	1	0	0	0	50	0	1
34	0	167049	7	13	1	11	4	1	1	0	0	20	0	1
39	6	88973	3	10	1	8	1	1	0	0	0	84	0	1
52	0	210736	1	9	1	9	1	1	0	0	0	40	0	1
21	5	73514	1	9	0	4	0	2	1	0	0	40	0	0
57	3	75785	1	9	1	0	1	1	0	0	0	70	0	0
71	3	137723	1	9	1	0	1	1	0	1455	0	3	0	0
28	0	220043	7	13	1	10	1	1	0	0	0	40	0	1
21	5	132247	3	10	0	5	0	1	1	0	0	35	0	0
38	0	65390	13	8	3	6	2	1	0	0	0	40	0	0
21	2	177144	3	10	0	3	0	2	0	0	0	22	17	0
47	1	358668	7	13	3	5	2	1	0	0	0	48	0	0
85	0	188328	8	14	2	5	2	1	1	0	0	5	0	0
53	0	350510	10	3	1	12	1	1	0	0	0	40	0	0
54	4	72257	1	9	1	0	1	1	0	7688	0	40	0	1
53	0	183668	1	9	1	6	1	1	0	3464	0	34	0	0
46	0	168262	7	13	1	7	1	1	0	0	0	40	0	1
46	0	153536	3	10	1	8	1	1	0	3103	0	40	0	1
36	0	189703	1	9	1	13	1	1	0	0	0	60	0	1
73	1	147703	1	9	2	4	2	1	1	0	0	15	0	0
23	0	173670	7	13	1	8	4	1	1	0	0	45	0	0
42	0	231832	3	10	1	0	4	1	1	0	0	45	0	1
39	0	33223	1	9	1	7	1	1	0	0	0	40	0	1
34	0	130021	1	9	1	12	1	1	0	0	0	48	0	0
57	3	50990	3	10	3	12	2	1	0	0	0	40	0	0
49	3	308241	1	9	1	10	4	1	1	0	0	60	0	0
20	0	254025	3	10	0	13	0	1	0	0	0	40	0	0
45	0	377622	3	10	1	10	1	1	0	0	0	40	0	0
64	0	217802	1	9	2	6	2	1	1	0	0	40	0	0
19	0	39477	1	9	0	13	0	1	0	0	0	40	0	0
19	0	138946	6	4	0	6	0	1	0	0	0	40	0	0
17	0	35603	13	8	0	10	0	1	1	0	0	20	0	0
67	0	142624	1	9	1	4	1	1	0	0	0	40	1	0
22	0	92609	1	9	0	6	3	1	0	0	0	50	0	0
41	3	111232	3	10	1	8	1	1	0	0	0	50	0	0
22	0	203518	7	13	0	10	2	1	1	0	0	45	0	0
38	1	233571	7	13	0	5	2	1	1	0	0	40	0	0
40	3	45093	8	14	1	5	1	1	0	0	0	50	0	0
23	0	175431	1	9	0	0	2	1	0	2174	0	40	0	0
90	0	225063	1	9	1	6	1	2	0	0	0	40	14	0
18	0	391495	3	10	0	10	0	1	1	0	0	25	0	0
31	0	162312	7	13	0	5	2	2	0	0	0	35	8	0
34	3	151733	11	11	1	8	1	1	0	0	0	55	0	0
44	0	172026	1	9	1	10	1	0	0	0	0	40	0	1
17	0	323164	4	6	0	6	0	3	1	0	0	35	11	0
67	2	129824	6	4	2	3	2	1	1	0	0	6	0	0
21	0	203715	1	9	0	12	0	1	0	0	0	40	0	0
57	0	156040	10	3	4	6	2	0	0	0	0	40	0	0
26	0	186168	7	13	0	8	0	1	1	0	0	40	0	0
33	0	154227	3	10	1	0	1	1	0	0	0	40	0	1
43	0	141327	1	9	3	0	2	1	1	0	0	40	0	0
35	0	103925	8	14	0	5	2	1	1	0	0	35	0	0
46	0	118633	1	9	3	5	2	1	1	0	0	80	0	0
48	0	207540	7	13	0	6	2	1	0	99999	0	60	0	1
52	3	106728	2	12	3	10	3	1	0	0	0	40	0	0
28	0	192237	3	10	0	10	0	1	0	0	0	35	0	0
35	0	132879	11	11	1	7	1	1	0	15024	0	40	24	1
17	0	148345	0	7	0	2	0	1	1	0	0	40	0	0
47	3	326292	7	13	1	1	1	1	0	0	0	60	0	1
38	0	33975	7	13	1	9	1	1	0	0	0	45	0	0
34	0	112115	7	13	0	5	2	1	0	0	0	40	0	1
36	0	129357	3	10	3	7	3	1	1	0	0	40	0	0
47	0	175958	3	10	4	4	2	1	0	0	0	21	0	0
58	0	125317	9	16	1	5	1	1	0	0	0	60	0	1
46	0	424934	4	6	2	4	2	1	1	0	0	40	26	0
28	0	204648	1	9	4	4	3	0	1	0	0	20	0	0
46	0	186256	3	10	1	10	1	1	0	0	1902	55	0	1
35	1	126569	1	9	1	6	1	1	0	0	0	40	0	0
27	0	89813	7	13	0	5	2	1	1	0	0	40	0	0
41	0	149576	3	10	1	6	1	1	0	0	0	40	0	1
22	0	220426	7	13	0	7	0	1	0	0	0	40	0	0
20	0	72055	3	10	0	0	2	1	1	0	0	40	0	0
32	0	94939	3	10	1	0	1	1	0	0	0	48	0	0
29	4	104917	3	10	0	13	0	1	0	0	0	44	0	0
23	0	314645	2	12	0	7	2	1	1	0	0	15	0	0
81	3	108604	4	6	1	1	1	1	0	0	0	45	0	0
17	0	153542	4	6	0	10	0	1	1	0	0	20	0	0
40	0	226902	7	13	1	8	1	1	0	0	0	40	0	1
19	0	450200	3	10	0	4	0	1	0	0	0	30	0	0
50	3	279129	8	14	1	8	1	1	0	0	0	20	0	0
42	0	242619	3	10	1	6	1	1	0	0	0	45	0	0
18	6	357223	4	6	0	4	0	1	0	0	0	16	0	0
38	0	206951	3	10	0	6	0	1	0	0	0	40	0	0
67	0	70737	12	5	2	13	3	1	1	0	0	32	0	0
55	0	200939	1	9	1	6	1	1	0	0	0	48	0	1
46	6	192128	5	15	1	5	1	1	0	0	0	45	0	1
31	0	188798	8	14	1	8	4	1	1	0	0	40	0	1
23	2	202920	2	12	0	3	0	1	1	0	0	30	0	0
30	0	205407	1	9	3	13	5	1	0	0	0	40	0	0
23	2	24008	3	10	0	3	0	1	0	0	1719	40	0	0
52	0	172962	3	10	1	6	1	1	0	0	0	40	0	1
63	1	83791	1	9	1	7	4	1	1	0	0	45	0	0
69	0	304838	1	9	1	12	1	1	0	0	0	28	0	0
40	0	165858	2	12	0	10	2	1	0	0	0	80	0	1
33	0	110592	13	8	1	0	1	1	0	0	0	40	0	0
81	0	164416	5	15	1	10	1	1	0	0	0	45	0	1
71	0	345339	11	11	1	0	1	1	0	0	0	28	0	0
26	0	129806	4	6	0	13	0	1	0	0	0	40	0	0
51	1	205100	8	14	1	5	4	1	1	0	0	32	0	1
26	1	250551	1	9	1	6	0	0	0	0	0	40	0	0
56	3	285832	8	14	1	10	4	1	1	0	0	70	0	0
18	0	338717	0	7	0	13	2	3	0	0	0	25	0	0
43	5	187802	3	10	4	6	2	1	0	0	0	37	0	0
46	0	215895	8	14	0	8	2	1	0	4787	0	60	0	1
30	0	100135	7	13	0	10	5	1	1	0	0	40	0	0
34	0	137616	12	5	0	10	3	0	1	0	0	35	0	0
36	0	341672	1	9	5	7	5	2	0	0	0	60	17	0
44	0	322044	3	10	3	0	0	0	0	0	0	40	0	0
38	0	149347	3	10	0	7	2	1	0	0	0	48	0	0
43	3	293809	5	15	1	5	1	1	0	0	0	20	0	0
46	1	93639	7	13	3	5	3	1	1	0	0	40	0	0
22	2	166297	3	10	0	3	0	2	0	0	0	20	0	0
61	0	167840	1	9	1	13	1	1	0	0	2002	38	0	0
31	0	180656	7	13	0	4	2	1	0	0	0	40	1	0
41	3	197176	1	9	1	8	1	1	0	0	0	50	0	0
25	0	207965	7	13	0	4	2	1	1	0	0	60	0	0
34	4	23940	3	10	3	8	2	4	0	0	0	40	0	0
39	0	67433	11	11	0	5	2	1	1	4650	0	32	0	0
20	0	190916	1	9	0	0	0	1	1	0	0	40	0	0
45	0	235892	3	10	3	4	2	1	1	0	0	32	0	0
18	0	240767	1	9	0	4	2	1	1	0	0	30	0	0
27	0	194515	3	10	3	4	3	0	1	0	0	37	0	0
33	0	156464	4	6	0	1	2	1	0	0	0	40	0	0
42	0	117728	1	9	3	6	2	1	0	0	0	50	0	0
49	6	195727	1	9	1	10	1	1	0	0	0	40	0	0
36	0	133454	7	13	1	8	1	1	0	0	0	40	0	0
28	0	191177	11	11	3	5	3	1	1	0	1726	40	0	0
56	5	71075	2	12	3	7	2	1	1	0	0	30	0	0
18	0	233740	0	7	0	10	0	1	1	0	0	18	0	0
65	0	185455	3	10	1	9	1	1	0	0	0	40	0	1
17	0	141445	4	6	0	4	0	1	0	0	0	30	0	0
27	0	131712	7	13	1	8	1	1	0	0	1485	50	0	1
23	0	210338	7	13	0	7	0	0	1	0	0	30	0	0
39	0	465334	0	7	3	1	3	1	0	0	0	1	0	0
46	0	168069	1	9	1	12	1	1	0	0	0	45	0	0
32	0	80557	1	9	1	8	1	1	0	0	0	70	0	0
34	0	110622	7	13	0	7	3	2	1	0	0	40	8	0
26	0	40255	11	11	0	1	0	1	0	0	0	40	0	0
80	2	402748	1	9	2	3	2	1	1	0	0	14	25	0
61	0	97030	4	6	3	7	2	1	1	0	0	36	0	0
19	2	39477	3	10	0	3	5	1	0	0	0	40	0	0
31	3	152351	11	11	1	10	1	1	0	0	0	48	0	0
56	4	229939	1	9	3	5	2	1	0	0	0	40	0	0
23	0	131230	1	9	0	4	0	1	0	0	0	20	0	0
48	0	182211	3	10	1	12	1	1	0	0	0	45	0	0
73	0	57435	3	10	1	10	1	1	0	0	0	20	0	1
29	2	225654	1	9	0	3	2	0	0	0	0	40	0	0
28	0	252424	11	11	0	12	0	0	0	0	0	40	18	0
48	2	155509	0	7	3	3	3	0	1	0	0	10	10	0
41	0	29591	11	11	0	6	2	1	0	0	0	42	0	0
28	0	101774	3	10	1	8	1	1	0	0	1848	50	0	1
37	1	74194	11	11	1	8	1	1	0	0	0	45	0	0
20	0	171156	3	10	0	10	3	1	1	0	0	35	0	0
45	0	145637	11	11	0	10	2	1	1	14344	0	48	0	1
34	0	172714	7	13	1	8	1	1	0	0	0	45	0	1
72	0	188528	11	11	1	7	1	1	0	0	0	45	25	1
54	4	89705	3	10	1	6	1	1	0	0	0	40	0	1
24	0	165107	7	13	0	8	0	1	1	0	0	40	0	0
23	0	347873	2	12	0	5	2	2	1	0	0	30	13	0
21	2	298342	3	10	0	3	0	1	0	0	0	40	0	0
49	1	53482	3	10	3	7	3	0	1	0	0	40	0	0
45	0	162958	1	9	4	4	2	1	1	0	0	35	0	0
41	3	366483	1	9	1	1	1	1	0	0	0	36	4	0
51	4	335481	3	10	4	5	2	0	1	0	0	40	0	1
40	0	197609	3	10	0	8	2	1	1	0	1340	40	0	0
29	5	160731	8	14	1	9	1	1	0	0	0	50	7	0
26	0	210848	12	5	1	6	1	1	0	2635	0	35	4	0
59	0	196126	0	7	1	12	1	1	0	0	0	40	0	0
36	0	201519	3	10	3	4	2	1	1	0	0	40	0	0
48	1	121124	7	13	1	5	1	1	0	0	0	55	0	1
22	5	203518	3	10	0	5	2	1	1	0	0	16	0	0
52	0	254230	12	5	1	12	1	1	0	0	0	45	0	1
39	0	136531	1	9	0	4	2	1	1	0	0	47	0	0
25	0	108505	1	9	0	13	0	1	0	0	0	40	0	0
37	3	31095	11	11	1	1	1	1	0	0	0	60	0	1
37	0	149347	3	10	1	6	1	1	0	0	0	40	0	1
33	3	188246	7	13	3	6	2	1	0	0	1590	60	0	0
48	5	185859	7	13	1	8	1	1	0	0	0	38	0	1
29	0	227879	11	11	0	13	0	1	0	0	0	40	0	0
59	0	75541	1	9	2	6	2	1	1	0	0	40	0	0
48	0	99385	1	9	4	7	2	1	1	0	0	40	0	0
49	0	403061	14	2	0	0	5	1	1	0	0	40	4	0
23	5	82067	11	11	1	2	1	1	0	0	0	40	0	0
26	0	140434	3	10	3	10	2	1	0	0	0	45	0	0
34	0	159268	1	9	1	0	1	1	0	0	0	40	0	0
20	2	162945	3	10	0	3	0	1	0	0	0	40	0	0
39	0	365430	1	9	1	13	1	1	0	0	0	40	0	1
50	3	163678	3	10	1	6	1	1	0	0	0	40	0	0
54	0	230919	1	9	1	12	1	1	0	7688	0	60	0	1
37	0	112264	1	9	1	12	1	1	0	0	0	40	0	0
34	3	192900	3	10	0	1	2	1	0	0	0	35	0	0
23	0	355856	7	13	0	10	0	2	0	0	0	20	0	0
20	2	156916	3	10	0	3	0	0	1	0	0	40	0	0
37	0	172927	3	10	3	12	2	1	0	0	1741	70	0	0
19	2	170125	3	10	0	3	0	1	0	0	0	25	0	0
35	0	305379	7	13	1	8	1	1	0	0	1887	50	0	1
24	0	206974	7	13	0	7	0	1	1	0	0	40	0	0
23	4	482096	2	12	0	7	0	0	0	0	0	20	0	0
23	1	267843	7	13	0	5	0	0	1	0	0	32	0	0
27	0	173927	3	10	0	9	0	3	1	0	0	32	32	0
25	0	225865	1	9	0	4	3	1	1	0	0	50	0	0
27	5	261278	5	15	0	5	2	0	1	0	0	80	1	0
68	2	180082	1	9	1	3	1	1	0	0	0	23	0	0
45	0	115187	11	11	3	0	0	1	1	0	0	40	0	0
55	0	451603	3	10	3	6	2	1	0	0	0	40	0	0
46	0	145041	7	13	3	0	5	1	0	0	2258	50	5	0
31	3	132705	1	9	1	6	1	1	0	0	0	50	0	0
33	1	177695	1	9	1	4	1	4	0	0	0	40	0	0
40	0	197033	3	10	1	6	1	1	0	0	0	50	0	0
23	0	307267	8	14	0	4	2	1	1	0	0	10	0	0
39	3	341643	1	9	4	6	2	1	0	0	1669	50	0	0
32	0	256362	1	9	1	0	1	1	0	0	0	40	0	1
55	3	153484	3	10	1	5	1	1	0	0	0	50	0	0
46	4	308077	3	10	4	8	3	1	1	0	0	50	0	0
29	0	156266	2	12	0	8	0	4	0	0	0	25	0	0
49	6	106634	8	14	0	8	2	1	1	27828	0	35	0	1
59	0	198435	1	9	1	6	1	1	0	0	0	50	0	0
30	0	37210	11	11	1	6	1	1	0	0	0	40	0	0
47	0	237914	1	9	2	6	2	1	0	0	0	40	0	0
58	0	186106	6	4	3	4	2	1	1	0	0	40	0	0
58	0	236731	14	2	1	4	1	1	0	0	0	40	22	0
20	6	465725	1	9	3	13	0	1	0	0	0	25	0	0
43	0	343121	3	10	3	4	2	1	1	0	0	30	0	0
19	0	298435	3	10	0	7	0	1	1	0	2001	40	22	0
40	5	255824	8	14	1	2	1	1	0	0	0	40	0	1
23	1	255252	3	10	0	4	0	1	0	0	0	20	0	0
61	0	184167	13	8	1	6	4	0	1	0	0	40	0	0
54	0	145419	7	13	1	10	1	1	0	0	0	60	0	1
32	0	87310	8	14	1	10	1	1	0	0	0	60	0	1
25	3	55048	1	9	0	6	0	1	0	0	0	36	0	0
30	0	104052	1	9	1	6	1	1	0	0	0	42	0	0
19	0	41163	1	9	0	10	2	1	0	0	0	38	0	0
23	2	502633	7	13	1	3	1	1	0	0	0	40	0	0
65	0	176279	11	11	1	4	1	1	0	0	0	35	0	0
25	0	279833	7	13	0	10	2	1	0	0	1590	44	0	0
21	0	254351	1	9	0	4	2	1	0	0	0	35	0	0
48	0	284916	12	5	1	10	1	1	0	0	0	40	1	0
23	3	188925	1	9	1	13	0	1	0	0	0	40	0	0
24	0	180954	3	10	0	4	2	1	1	0	0	40	0	0
30	0	108023	7	13	1	5	1	1	0	0	0	60	0	0
31	0	197058	8	14	0	5	2	1	1	2597	0	45	0	0
58	0	100303	13	8	1	6	1	1	0	0	0	40	0	0
33	0	473133	9	16	1	5	1	1	0	15024	0	50	0	1
32	5	27051	7	13	1	6	1	1	0	0	0	52	0	1
29	0	163708	7	13	1	7	4	2	1	0	0	45	0	1
61	0	52765	1	9	3	4	5	1	1	0	0	99	0	0
43	6	84924	3	10	1	10	1	1	0	0	0	44	0	1
38	0	181705	11	11	1	8	1	1	0	0	0	40	0	0
17	0	52012	0	7	0	4	0	1	1	0	0	15	0	0
36	0	167691	3	10	1	8	4	1	1	0	0	40	0	1
45	4	182470	3	10	1	9	1	1	0	0	0	40	0	1
62	0	200834	8	14	1	8	1	1	0	0	0	55	0	0
46	5	76075	11	11	3	7	0	1	1	0	0	20	0	0
42	3	200574	5	15	0	5	2	1	0	0	0	38	0	0
31	0	29144	3	10	3	4	2	1	0	0	0	50	0	0
42	3	34722	2	12	1	7	1	1	0	0	0	40	0	0
37	0	177907	7	13	1	5	1	1	0	0	0	40	1	1
51	0	238481	1	9	1	13	1	1	0	0	1902	42	0	1
45	0	182541	3	10	1	6	1	1	0	0	0	40	0	0
73	4	142426	1	9	3	7	2	1	1	25124	0	20	0	1
19	0	216413	1	9	3	9	3	1	1	0	0	55	0	0
29	0	30070	7	13	1	8	1	1	0	0	0	40	0	0
39	0	82699	5	15	3	5	2	0	1	13550	0	70	0	1
32	0	236861	2	12	1	8	1	1	0	0	0	45	0	1
46	0	114328	3	10	3	0	2	1	0	0	0	40	0	0
42	0	198229	5	15	1	9	1	1	0	0	0	65	0	1
24	0	138892	1	9	1	6	1	0	0	0	0	40	0	0
41	1	271927	7	13	1	5	1	1	0	0	0	45	0	1
64	2	220258	1	9	3	3	2	1	1	0	0	24	0	0
28	0	212588	3	10	1	13	1	1	0	0	0	40	0	0
57	0	477867	1	9	1	12	1	1	0	0	0	40	0	0
29	0	394927	4	6	1	12	1	1	0	0	0	45	0	1
35	0	155611	1	9	0	6	3	1	1	114	0	40	0	0
39	0	109351	7	13	1	5	4	1	1	0	0	30	0	1
38	0	206520	1	9	1	6	1	1	0	0	0	40	0	0
40	0	156526	7	13	1	8	1	1	0	0	0	40	0	0
49	0	315437	1	9	4	10	2	1	1	0	0	40	0	0
32	0	181665	1	9	0	7	5	1	1	0	0	50	0	0
40	0	60594	3	10	3	4	3	1	1	0	0	30	0	0
29	0	221233	2	12	3	8	3	1	1	0	0	37	0	0
36	6	176900	3	10	5	7	3	1	1	0	0	25	0	0
47	0	64563	3	10	1	7	1	1	0	7688	0	42	0	1
23	0	99408	3	10	3	7	0	1	1	0	0	40	0	0
41	3	219869	3	10	2	1	3	1	0	0	0	40	0	0
41	1	135056	8	14	0	5	0	1	1	8614	0	50	0	1
18	0	79077	13	8	0	13	0	1	0	0	0	22	0	0
34	0	255830	2	12	3	6	3	0	1	7443	0	40	0	0
38	3	22245	1	9	1	8	1	1	0	0	0	50	0	0
34	0	150154	1	9	1	6	1	1	0	0	0	50	0	1
62	5	342049	1	9	1	12	1	1	0	0	0	40	0	0
66	3	99927	1	9	2	9	2	1	1	0	0	45	0	0
18	0	191784	1	9	0	2	2	1	0	0	0	40	12	0
41	0	175883	1	9	1	6	1	1	0	0	0	40	0	0
42	0	328239	3	10	0	4	0	1	0	0	0	30	0	0
45	0	107231	2	12	1	6	1	1	0	0	0	45	0	0
24	1	155818	7	13	0	5	2	1	1	0	0	60	0	0
60	0	282421	1	9	1	4	1	0	0	0	0	40	1	0
39	0	241998	1	9	0	6	2	1	0	0	0	40	0	0
44	4	55363	7	13	1	5	1	1	0	0	1887	40	0	1
29	0	137240	3	10	3	13	2	1	0	0	0	45	0	0
37	0	361951	7	13	0	10	2	0	0	0	0	48	1	0
21	5	311311	1	9	0	6	0	1	0	0	0	12	0	0
48	0	186299	7	13	1	8	1	1	0	0	0	40	0	1
36	0	168055	7	13	1	8	1	1	0	5178	0	40	0	1
23	0	305423	7	13	0	13	0	1	0	0	0	40	0	0
49	0	393715	7	13	1	8	1	1	0	15024	0	50	0	1
29	0	36440	7	13	0	7	2	1	1	0	0	40	0	0
34	3	106761	3	10	1	6	1	1	0	0	0	40	0	0
72	2	235014	11	11	2	3	2	1	1	0	2465	40	0	0
29	1	249932	0	7	0	13	0	0	0	0	0	40	0	0
45	0	382242	7	13	0	7	3	1	1	0	0	30	1	0
29	0	213152	0	7	3	6	2	1	0	0	0	52	0	0
37	5	26898	2	12	0	7	2	1	1	0	0	40	0	0
42	0	435356	2	12	1	8	1	1	0	0	0	44	0	1
70	2	103963	1	9	2	3	2	1	0	0	0	6	0	0
43	0	185860	7	13	1	5	1	1	0	0	0	40	0	1
63	0	188999	1	9	1	6	1	1	0	0	0	48	0	0
64	3	108654	3	10	1	8	1	1	0	0	1421	35	0	0
38	0	54953	7	13	1	8	1	1	0	0	0	60	0	0
24	0	130620	3	10	0	7	5	2	1	0	0	40	1	0
29	0	273884	1	9	5	12	0	1	0	0	0	30	0	0
30	0	392518	2	12	5	10	2	0	1	0	0	40	0	0
66	3	198766	1	9	2	10	2	1	0	0	0	40	0	0
25	0	66935	7	13	0	8	0	1	0	0	0	40	0	0
39	4	135500	1	9	1	7	1	1	0	0	0	40	0	1
22	1	111697	7	13	0	7	0	1	1	0	0	30	0	0
31	0	141288	3	10	0	7	2	1	1	0	0	40	0	0
29	0	296450	6	4	0	6	2	1	0	0	0	40	0	0
52	0	94448	11	11	1	5	1	1	0	0	0	40	0	0
51	3	138200	2	12	0	1	0	1	1	0	0	40	0	0
40	0	217826	1	9	1	0	1	0	0	0	0	40	10	0
57	2	182836	3	10	1	3	4	1	1	3103	0	40	0	1
64	3	46366	3	10	2	8	2	1	1	0	0	60	0	0
31	0	168275	1	9	3	4	2	1	1	0	0	28	0	0
74	1	214514	6	4	1	2	1	1	0	0	0	40	0	0
43	5	107439	3	10	0	4	2	0	1	0	0	30	0	0
80	6	164909	8	14	1	8	1	1	0	99999	0	54	0	1
28	4	329426	7	13	0	8	2	1	0	0	0	50	0	1
77	1	181974	6	4	2	7	2	1	1	0	0	40	0	0
68	0	176468	1	9	3	11	3	0	1	0	0	24	0	0
51	5	187686	1	9	3	7	2	1	1	0	0	38	0	0
21	0	229769	1	9	0	7	0	1	1	0	0	40	4	0
43	0	45975	13	8	1	10	1	1	0	0	0	40	24	0
42	0	187702	1	9	3	4	2	1	0	0	0	40	0	0
48	0	102585	8	14	3	8	3	1	1	0	0	40	0	0
30	0	327112	0	7	4	10	2	1	0	0	0	40	0	0
34	2	167558	6	4	1	3	4	1	1	0	0	40	4	0
32	0	296538	1	9	1	0	1	1	0	0	0	42	0	0
56	0	169560	1	9	0	10	0	1	0	0	0	40	0	0
50	0	185283	3	10	1	6	1	1	0	0	0	40	0	0
40	0	224793	1	9	0	12	0	0	0	0	1719	40	0	0
23	4	478457	0	7	0	7	3	0	1	0	0	40	0	0
54	0	104413	3	10	4	9	5	0	1	4101	0	40	0	0
28	3	175710	1	9	0	10	0	1	1	0	0	40	1	0
34	0	85632	3	10	1	7	4	1	1	0	0	40	0	1
48	0	102359	9	16	1	5	1	1	0	0	0	60	0	1
56	1	237546	3	10	1	8	1	1	0	0	0	99	0	0
31	0	96245	1	9	1	13	1	1	0	0	0	42	0	0
42	0	91453	7	13	3	10	3	1	1	0	0	50	0	0
36	0	131039	1	9	0	7	2	2	1	0	0	35	38	0
52	0	106176	7	13	3	7	3	1	0	0	3770	40	0	0
55	0	329797	4	6	1	6	1	1	0	0	0	40	0	0
25	0	153932	0	7	1	6	0	1	0	2580	0	30	0	0
35	5	52738	1	9	0	4	5	1	0	0	0	40	0	0
51	0	25932	11	11	1	12	1	1	0	0	0	99	0	1
19	0	78374	3	10	0	7	3	2	1	0	0	40	0	0
59	0	653215	0	7	2	12	3	1	1	0	0	40	0	0
19	0	318061	3	10	0	0	2	1	1	0	0	80	0	0
46	5	260782	8	14	0	5	2	1	1	0	0	40	0	0
32	2	340580	1	9	1	3	1	0	0	0	0	45	0	0
46	3	45564	5	15	1	5	1	1	0	0	0	40	0	1
26	0	209051	3	10	0	13	2	1	0	0	0	25	0	0
55	0	100821	1	9	5	11	2	0	1	0	0	36	0	0
28	0	86268	1	9	0	8	0	1	1	0	0	40	0	0
61	4	95680	2	12	1	8	1	2	0	3103	0	40	0	1
35	0	327164	2	12	1	5	5	1	0	0	0	40	0	1
21	2	117210	3	10	0	3	2	1	0	0	0	40	0	0
52	1	136175	3	10	1	2	1	1	0	0	0	35	0	0
21	0	232591	3	10	0	10	0	1	0	0	0	8	0	0
33	1	29144	11	11	1	6	1	1	0	0	0	40	0	0
38	6	64875	11	11	3	1	2	1	0	0	0	50	0	0
44	0	184011	1	9	3	10	3	1	1	0	0	60	0	0
29	0	244246	7	13	0	10	2	1	0	8614	0	50	0	1
39	0	357173	1	9	4	13	3	1	0	0	0	40	0	0
32	0	203181	1	9	1	4	1	1	0	0	0	60	0	0
47	0	299508	1	9	3	9	3	0	1	0	0	55	0	0
28	0	198493	2	12	0	7	5	1	0	0	0	35	0	0
59	1	358747	3	10	1	6	1	1	0	0	0	55	0	1
38	0	91039	7	13	1	10	1	1	0	5178	0	48	0	1
23	0	34918	7	13	0	7	2	1	1	0	0	15	0	0
44	0	97159	7	13	1	6	1	1	0	0	0	40	0	1
55	4	212600	8	14	3	8	2	1	0	0	0	40	1	1
65	0	90113	7	13	1	8	1	1	0	0	0	60	0	1
19	0	96705	3	10	0	10	0	1	1	0	0	14	0	0
58	0	156873	0	7	1	2	1	1	0	0	0	35	0	0
49	0	136358	8	14	3	10	3	3	1	0	0	20	2	0
44	0	227065	7	13	1	5	1	1	0	99999	0	40	1	1
44	1	193144	1	9	3	7	3	1	1	0	0	35	0	0
33	0	317660	3	10	1	6	1	1	0	0	0	40	0	1
38	3	85492	1	9	0	7	2	1	1	0	0	50	0	0
37	1	203628	1	9	1	2	1	1	0	0	0	54	0	1
30	0	183801	1	9	1	6	1	1	0	0	0	40	0	0
28	0	132686	8	14	1	10	1	1	0	0	0	40	0	0
27	0	50818	8	14	0	9	2	1	0	0	0	55	0	0
49	5	160812	7	13	1	5	4	1	1	0	0	40	0	1
28	0	212286	7	13	0	8	2	1	0	0	0	40	0	0
61	1	77072	0	7	1	8	1	1	0	0	0	40	0	1
41	5	176155	11	11	1	9	1	1	0	0	0	40	0	0
20	5	219211	3	10	0	12	0	1	0	0	0	30	0	0
40	0	356934	5	15	1	8	1	1	0	0	0	50	0	1
57	0	143266	7	13	1	8	1	1	0	7298	0	60	1	1
36	2	194809	7	13	0	3	0	1	1	0	0	50	0	0
62	0	138157	1	9	1	0	1	1	0	0	0	40	0	0
31	0	437825	14	2	1	1	1	1	0	0	0	40	4	0
31	0	165503	0	7	1	4	4	1	1	0	0	40	1	0
68	0	152053	1	9	2	4	2	1	1	0	0	48	0	0
18	0	211273	1	9	0	10	0	1	1	0	0	19	0	0
30	5	576645	7	13	1	2	1	0	0	0	0	40	0	0
42	2	148951	7	13	3	3	2	1	1	0	0	12	33	0
38	0	38145	1	9	1	10	1	1	0	0	0	44	0	0
19	0	66619	1	9	0	4	0	1	0	0	0	37	0	0
22	0	126613	3	10	0	8	0	1	1	0	0	40	40	0
46	5	135854	1	9	1	4	1	0	0	0	0	40	0	0
57	0	132145	10	3	1	6	1	1	0	0	0	40	0	0
65	2	194920	1	9	1	3	1	1	0	0	0	10	0	0
18	0	260387	1	9	1	13	1	1	0	0	0	40	22	0
67	0	176388	1	9	0	8	2	1	1	0	0	45	0	0
28	0	77009	3	10	0	10	5	1	1	0	0	40	0	0
30	0	385177	7	13	1	5	4	1	1	0	0	24	0	1
20	0	510643	1	9	0	12	2	1	0	0	0	40	0	0
32	0	100135	3	10	0	4	0	1	1	0	0	15	0	0
35	0	297697	3	10	1	12	1	2	0	0	0	40	0	0
38	0	179481	1	9	1	8	1	1	0	0	0	50	0	1
23	0	134045	11	11	0	7	3	1	1	0	0	40	0	0
64	3	275034	3	10	1	10	1	1	0	0	0	35	0	0
33	0	127651	7	13	0	10	2	1	0	8614	0	40	0	1
24	0	237262	3	10	0	7	2	1	1	0	0	35	0	0
18	2	274445	1	9	0	3	0	1	0	0	1602	20	0	0
40	2	141583	7	13	0	3	3	0	1	0	0	35	0	0
27	2	294642	1	9	4	3	3	0	1	0	0	40	0	0
51	3	181179	7	13	1	8	4	1	1	0	0	25	0	0
27	0	184493	1	9	4	13	0	1	1	0	1594	25	0	0
48	1	125892	8	14	1	8	1	1	0	0	0	40	0	1
27	1	118235	3	10	1	5	1	3	0	0	0	40	0	0
24	0	119329	7	13	0	10	2	1	1	0	0	60	0	0
31	3	189843	1	9	0	6	2	1	0	0	0	45	0	0
42	0	167357	3	10	3	7	3	1	1	0	213	40	0	0
51	0	103803	1	9	1	0	1	0	0	0	0	50	0	0
41	0	145175	3	10	1	7	1	1	0	3103	0	40	0	1
26	0	158846	7	13	0	13	0	1	0	0	0	44	0	0
69	0	203313	6	4	3	10	2	1	1	0	0	40	0	0
63	0	125954	6	4	1	12	1	1	0	0	0	44	0	1
35	0	102178	3	10	1	10	1	1	0	0	0	48	0	1
35	0	139364	7	13	1	13	1	1	0	0	0	45	0	0
62	3	265007	1	9	1	8	1	1	0	0	0	60	33	0
26	0	61996	1	9	3	7	2	1	1	0	0	62	0	0
63	0	209790	1	9	1	6	1	1	0	0	0	40	0	1
23	0	117779	13	8	0	10	2	1	0	0	0	45	0	0
43	6	173326	1	9	0	5	3	1	1	0	0	35	0	0
44	0	318046	3	10	1	10	1	1	0	0	0	35	0	1
56	1	204021	1	9	1	6	1	1	0	0	0	40	0	1
54	3	236157	8	14	1	10	1	1	0	0	0	40	0	1
32	0	42900	7	13	0	8	2	1	0	0	0	50	0	0
42	0	144002	1	9	1	8	1	1	0	0	0	50	0	1
37	0	126954	1	9	1	10	1	1	0	0	0	40	0	1
24	0	228649	1	9	0	12	0	1	0	0	0	40	0	0
42	0	126094	1	9	1	0	1	1	0	0	0	40	0	0
21	0	113106	1	9	0	10	5	1	1	0	0	19	0	0
30	0	118941	3	10	0	8	2	1	1	0	0	40	0	0
43	4	205675	3	10	1	9	1	1	0	0	0	75	0	1
19	0	89295	3	10	0	0	0	1	1	0	0	35	0	0
30	0	173858	1	9	0	6	2	2	0	2597	0	40	1	0
26	0	168251	1	9	0	4	0	0	0	0	0	40	0	0
38	5	143059	7	13	0	8	2	1	1	0	0	45	0	0
74	2	41737	1	9	1	3	1	1	0	0	2149	30	0	0
54	0	266598	7	13	1	6	1	1	0	0	0	40	0	1
20	0	181796	1	9	1	13	1	1	0	0	0	40	0	0
22	5	214731	3	10	0	7	2	1	1	0	0	15	0	0
40	0	219869	1	9	1	1	1	1	0	99999	0	75	0	1
23	0	211968	3	10	0	4	0	1	1	0	0	20	0	0
22	0	38707	3	10	0	4	0	1	0	0	0	20	0	0
18	3	58700	12	5	0	1	5	3	1	0	0	40	4	0
24	0	160261	8	14	0	5	2	2	0	0	0	20	40	0
30	0	160594	7	13	0	8	2	1	0	0	0	50	0	0
38	0	152307	7	13	0	5	2	1	0	0	0	41	0	1
27	0	100079	1	9	0	4	2	2	0	0	0	60	27	0
21	0	279472	3	10	0	10	2	1	1	0	0	55	0	0
43	0	149102	7	13	1	7	1	1	0	0	0	40	0	1
26	0	177625	1	9	0	9	2	1	0	0	0	40	0	0
38	4	178678	4	6	3	7	3	1	1	0	1380	50	0	0
58	3	21383	1	9	1	0	1	1	0	0	0	40	0	0
17	0	86019	0	7	0	10	2	1	1	0	0	36	0	0
63	0	181153	1	9	1	10	1	1	0	0	0	50	1	1
36	4	223749	7	13	1	5	1	1	0	0	0	40	0	1
21	2	33087	3	10	0	3	0	1	0	0	0	50	0	0
21	0	253190	3	10	0	13	2	1	0	0	0	48	0	0
51	0	165278	11	11	3	10	2	1	0	0	0	46	0	1
51	0	279452	10	3	1	1	1	1	0	0	0	70	4	0
43	0	290660	2	12	1	5	1	1	0	0	0	30	0	0
47	0	274883	1	9	1	12	1	1	0	0	0	65	0	1
68	3	35468	8	14	1	5	1	1	0	0	0	24	0	0
18	0	195318	0	7	0	13	0	1	0	0	0	23	0	0
34	0	256362	1	9	1	7	1	1	0	0	0	40	24	1
49	0	148169	1	9	1	10	1	1	0	5013	0	40	0	0
65	3	538099	7	13	1	1	1	1	0	0	0	30	0	0
19	0	186682	1	9	0	4	3	0	0	0	0	40	0	0
59	3	156797	1	9	2	8	2	1	1	13550	0	60	0	1
29	0	162257	7	13	1	7	1	1	0	0	0	40	0	0
33	0	208881	2	12	1	0	1	1	0	7298	0	60	0	1
39	0	159168	11	11	2	8	3	1	1	0	3004	40	0	1
64	0	172740	3	10	1	10	1	1	0	0	0	12	0	0
48	4	186256	1	9	3	1	5	1	0	0	0	40	0	0
37	4	110861	3	10	1	8	1	1	0	0	0	40	0	0
26	0	128699	1	9	5	7	3	1	1	0	0	40	33	0
31	0	271933	3	10	1	0	4	1	1	0	0	40	0	0
30	0	102320	11	11	4	9	0	1	1	0	0	40	0	0
54	6	117674	7	13	1	10	1	1	0	0	0	40	0	1
62	0	190273	1	9	0	2	2	1	0	0	0	40	0	0
59	0	217747	1	9	1	12	1	0	0	0	0	40	0	1
44	0	99830	3	10	1	6	1	1	0	0	0	65	0	0
40	0	343068	8	14	0	5	2	1	1	0	0	55	0	0
32	5	204052	7	13	1	5	1	1	0	0	0	45	0	1
28	0	267912	1	9	0	6	3	1	0	0	0	40	4	0
31	0	207537	3	10	4	10	2	1	0	2174	0	52	0	0
38	0	256864	1	9	1	12	1	1	0	0	0	50	0	1
39	3	306678	1	9	1	8	1	1	0	0	0	40	0	1
47	0	101204	3	10	1	9	1	0	0	4064	0	40	0	0
43	0	77373	7	13	1	8	1	1	0	0	0	47	0	1
27	0	371103	7	13	0	7	2	0	1	0	0	40	0	0
46	0	316271	10	3	1	6	1	1	0	0	0	55	0	0
56	3	51916	1	9	3	8	2	1	0	0	0	50	0	1
34	0	159008	11	11	1	5	4	1	1	0	0	36	0	1
27	0	153475	2	12	3	8	2	1	1	0	0	45	0	0
19	0	118549	1	9	0	7	0	1	1	0	0	15	0	0
58	0	315081	2	12	1	10	1	1	0	0	0	42	0	1
20	0	122622	3	10	0	1	2	1	1	0	0	40	0	0
23	0	81786	3	10	0	7	3	0	1	0	0	40	0	0
31	0	194752	1	9	0	8	3	0	1	0	0	45	0	0
48	0	208662	1	9	3	7	2	0	1	0	0	37	0	0
28	6	173944	7	13	1	13	1	1	0	15024	0	65	0	1
34	5	49325	7	13	1	5	1	1	0	0	0	40	0	1
38	0	425502	12	5	1	6	1	1	0	0	0	40	0	1
25	1	55360	1	9	0	6	0	0	0	0	0	40	0	0
23	0	432480	7	13	0	8	2	1	0	0	0	60	0	0
48	0	155781	7	13	3	5	2	1	0	0	2231	30	0	1
37	1	216473	1	9	1	2	1	1	0	0	0	48	0	1
36	0	185366	3	10	3	10	2	1	0	0	0	40	0	0
39	0	247515	1	9	1	4	1	1	0	0	0	45	12	0
70	0	210673	4	6	2	7	5	1	0	0	0	20	0	0
32	0	107435	1	9	3	0	2	1	1	0	0	40	0	0
26	2	217300	3	10	0	3	2	1	1	0	0	36	0	0
20	2	39803	3	10	0	3	0	1	0	0	0	40	0	0
42	0	482211	1	9	0	6	5	1	0	0	0	40	0	0
47	4	169549	7	13	1	5	1	1	0	7298	0	60	1	1
23	0	353542	7	13	0	5	2	1	1	0	0	8	0	0
40	0	114200	1	9	5	8	2	1	0	0	0	40	0	0
33	3	245173	2	12	1	5	1	1	0	0	0	40	0	0
29	0	212895	2	12	0	6	2	1	0	0	0	35	0	0
49	2	95636	4	6	3	3	2	1	0	0	0	40	0	0
23	3	271486	1	9	0	6	3	1	0	0	0	40	0	0
37	0	258836	3	10	0	4	3	0	1	0	0	40	0	0
56	0	288530	1	9	1	7	4	1	1	0	0	37	0	1
64	0	47589	3	10	1	8	1	1	0	15024	0	50	0	1
31	0	295099	3	10	3	9	0	0	1	0	0	40	0	0
38	0	275338	3	10	0	10	0	1	1	0	0	45	0	0
52	3	168553	6	4	1	12	1	1	0	0	0	40	0	0
23	0	142766	7	13	0	9	2	1	0	0	0	18	0	0
31	0	72887	7	13	1	5	1	2	0	0	0	47	0	1
35	0	102946	3	10	0	10	2	2	1	0	1669	45	0	0
66	3	244749	10	3	1	12	1	1	0	0	0	50	22	0
36	0	166115	3	10	1	1	1	1	0	0	0	56	0	0
26	0	213383	1	9	0	13	2	1	0	0	0	40	0	0
45	6	107231	1	9	1	10	1	1	0	0	0	55	0	0
17	2	130969	12	5	0	3	0	0	0	0	0	20	0	0
27	0	221977	14	2	5	11	2	1	1	0	0	40	4	0
41	0	43467	7	13	3	4	2	1	1	0	0	99	0	0
52	0	357596	3	10	1	10	1	1	0	0	0	48	0	1
48	0	146497	7	13	1	7	4	1	1	0	0	50	0	1
33	0	317809	7	13	1	5	1	1	0	0	0	40	0	1
22	0	190290	7	13	0	4	0	1	0	0	0	10	0	0
59	0	194573	13	8	1	0	1	0	0	0	0	40	0	1
72	2	144461	2	12	1	3	1	1	0	0	0	16	0	1
52	1	240638	8	14	1	8	1	1	0	0	0	50	0	1
18	0	52776	1	9	0	10	0	1	1	0	0	25	0	0
40	0	50524	13	8	3	6	2	1	0	0	0	40	0	0
54	0	324023	1	9	0	4	0	0	1	0	0	40	0	0
17	0	110916	0	7	0	10	0	1	1	0	0	10	0	0
23	0	203924	1	9	0	10	2	1	0	0	0	70	0	0
53	0	214868	11	11	0	7	5	0	1	0	2001	40	0	0
27	0	275466	4	6	0	13	0	0	0	0	0	40	0	0
27	1	198708	8	14	1	5	1	1	0	0	0	37	0	0
23	0	179241	11	11	0	7	0	1	1	0	0	40	0	0
32	0	154981	1	9	0	12	2	1	0	0	0	65	0	0
29	0	178811	11	11	0	13	2	1	0	0	0	40	0	0
26	0	130018	1	9	0	6	3	1	0	0	0	40	0	0
47	4	87504	7	13	3	9	3	1	1	0	0	50	0	0
29	0	377414	2	12	3	9	2	1	1	0	0	40	0	0
51	0	177927	9	16	1	5	1	1	0	0	0	60	0	1
60	0	137490	10	3	4	13	2	0	0	0	0	40	0	0
25	0	262617	7	13	1	7	1	1	0	0	0	55	0	1
50	0	30682	6	4	0	0	2	1	0	0	0	50	0	0
60	0	119684	3	10	1	0	1	1	0	3103	0	40	0	1
52	0	187938	3	10	3	10	2	1	1	0	0	49	0	0
35	0	122353	1	9	1	8	1	1	0	0	0	40	0	1
31	0	75755	7	13	0	5	2	1	0	0	0	50	0	1
43	0	91316	8	14	0	5	2	1	0	0	0	60	0	1
55	0	134789	1	9	3	6	2	1	1	0	0	20	0	0
22	0	115892	0	7	0	4	2	1	0	0	0	40	0	0
36	0	104457	7	13	5	0	2	2	0	0	0	40	1	0
51	1	230767	2	12	0	7	2	1	0	0	0	38	22	0
61	0	227332	7	13	0	5	0	1	0	0	0	40	0	0
29	0	160264	3	10	4	4	3	0	1	0	0	40	0	0
47	3	174533	1	9	1	8	1	1	0	0	0	40	0	0
73	0	53114	3	10	2	10	2	1	1	2538	0	20	0	0
20	0	163870	1	9	0	1	0	1	0	0	0	40	0	0
20	0	228709	3	10	1	13	1	0	0	0	0	40	0	0
36	0	172571	1	9	1	10	1	1	0	0	0	45	0	0
28	0	335542	1	9	1	4	4	1	1	0	1628	50	0	0
63	1	241404	3	10	3	2	2	1	1	0	0	35	0	0
50	0	197189	8	14	1	10	1	1	0	0	0	60	0	0
59	2	102058	14	2	1	3	1	1	0	0	0	45	26	0
41	6	104813	7	13	1	10	1	1	0	0	0	40	0	1
62	0	261437	3	10	1	6	1	1	0	0	0	40	0	0
35	0	366842	5	15	1	5	1	1	0	0	0	80	1	1
21	2	121468	3	10	0	3	0	1	0	0	0	40	0	0
48	6	214994	3	10	1	8	1	1	0	0	0	55	0	1
67	0	229709	1	9	2	10	2	1	1	0	0	40	0	0
43	0	249039	11	11	1	5	4	1	1	0	0	36	0	1
49	0	142287	3	10	3	13	0	1	0	0	0	40	0	0
54	0	259323	3	10	1	5	1	1	0	0	0	40	0	1
18	0	238281	0	7	0	10	0	1	0	0	0	30	0	0
60	0	156774	1	9	1	5	1	1	0	0	0	45	0	1
27	0	86153	1	9	0	9	3	1	1	0	0	40	7	0
62	0	93997	9	16	1	8	1	1	0	99999	0	40	0	1
39	6	91039	8	14	1	8	1	1	0	15024	0	45	0	1
52	0	224198	1	9	3	10	2	1	1	0	0	51	0	0
54	0	221336	1	9	2	4	3	2	1	0	0	40	8	0
28	0	128012	3	10	1	12	1	1	0	0	0	40	1	0
53	1	231166	1	9	4	12	2	1	0	0	0	40	0	0
28	0	79702	3	10	0	7	5	0	0	0	0	40	0	0
24	3	132320	1	9	3	0	2	1	0	0	0	50	0	0
37	2	33355	2	12	1	3	1	1	0	0	0	30	0	0
55	2	177557	1	9	3	3	5	1	0	0	0	40	0	0
47	0	148549	7	13	1	5	1	1	0	0	0	50	0	0
26	0	301563	1	9	1	6	1	1	0	0	0	40	0	0
23	0	113106	2	12	0	10	0	1	1	0	0	35	0	0
41	0	304175	7	13	1	5	1	1	0	0	0	55	0	1
25	5	230200	7	13	1	4	4	1	1	0	0	40	0	0
17	0	313444	13	8	0	10	0	1	1	0	0	20	0	0
34	0	247328	1	9	0	0	5	1	0	0	0	40	0	0
34	0	132565	13	8	1	6	1	1	0	0	0	40	0	0
41	5	539019	3	10	0	1	2	0	0	0	0	40	0	0
24	0	114292	3	10	0	6	3	1	0	0	0	40	0	0
32	0	227608	11	11	1	10	1	1	0	0	0	40	0	0
21	5	185554	3	10	0	4	0	1	1	0	0	11	0	0
46	3	181372	7	13	0	1	2	1	1	0	0	40	0	0
19	0	344592	1	9	0	10	2	0	1	0	0	35	0	0
29	3	102326	7	13	1	8	1	1	0	0	0	40	0	1
43	3	220647	7	13	1	1	1	1	0	0	2377	50	0	0
18	2	30246	0	7	0	3	0	1	1	0	0	45	0	0
33	0	496743	1	9	1	5	1	1	0	0	0	88	0	0
21	0	161508	1	9	0	0	0	1	0	0	0	40	0	0
33	5	30494	1	9	3	5	3	1	1	0	0	40	0	0
29	0	256764	7	13	0	10	2	1	0	0	1564	40	0	1
20	2	49819	3	10	0	3	0	1	1	0	0	40	0	0
42	2	338281	11	11	1	3	4	1	1	0	0	20	30	0
21	1	256356	3	10	0	5	0	1	1	0	0	25	0	0
25	0	318644	7	13	0	8	0	1	0	0	0	40	0	0
20	0	227594	1	9	0	4	0	1	1	0	0	40	0	0
59	0	165695	2	12	1	12	1	1	0	0	0	32	0	1
55	0	127728	1	9	1	6	1	1	0	0	0	50	0	1
49	0	123681	2	12	4	10	3	1	0	0	0	35	0	0
48	0	168038	3	10	3	8	2	1	0	0	1564	50	0	1
32	0	154950	7	13	1	10	1	1	0	0	1977	44	0	1
25	0	148298	7	13	1	7	4	1	1	0	0	40	0	0
41	0	63042	1	9	1	10	4	1	1	0	0	20	0	0
57	1	101444	8	14	1	8	1	1	0	0	0	40	0	1
38	0	455379	8	14	1	8	1	1	0	0	0	60	0	1
25	0	211097	10	3	3	4	3	3	1	0	0	20	29	0
61	1	153264	1	9	2	9	2	1	1	0	0	40	0	0
23	2	263220	3	10	0	3	0	1	1	0	0	15	0	0
43	0	180138	1	9	4	6	2	1	0	0	0	40	0	1
22	0	208946	1	9	0	4	0	1	0	0	0	40	1	0
33	0	321709	2	12	1	4	4	1	1	0	0	15	0	1
39	0	215981	3	10	1	10	1	1	0	0	0	40	0	1
44	5	26880	9	16	3	5	2	1	1	0	1092	40	0	0
30	3	90705	0	7	0	6	2	1	0	0	0	40	0	0
37	0	185068	7	13	0	4	2	1	0	0	0	20	12	0
37	0	268390	7	13	1	8	1	1	0	0	0	40	4	0
55	0	102058	7	13	1	10	1	1	0	0	0	40	0	1
51	3	421132	3	10	1	6	1	1	0	0	0	40	0	0
25	0	191803	2	12	0	9	2	1	0	0	0	13	1	0
60	0	181954	7	13	1	0	1	2	0	0	0	25	30	0
17	2	34505	0	7	0	3	0	1	0	0	0	50	0	0
30	0	93973	0	7	1	6	1	3	0	0	0	40	4	0
63	0	355459	13	8	2	11	3	0	1	0	0	35	0	0
37	0	173586	6	4	0	4	0	0	0	0	0	56	0	0
32	0	312055	7	13	3	5	2	1	0	0	0	45	0	0
64	4	353479	3	10	1	8	1	4	0	0	0	45	0	1
21	0	321426	3	10	0	10	3	1	1	0	0	49	0	0
53	0	228752	1	9	4	0	2	0	1	0	0	40	0	0
46	0	281647	7	13	3	12	2	1	0	0	0	40	0	0
29	0	161615	1	9	0	13	2	1	0	0	0	40	0	0
44	0	187376	2	12	4	7	2	1	0	0	0	35	0	0
47	0	234994	6	4	4	6	3	1	0	0	0	40	12	0
58	2	169329	12	5	1	3	1	0	0	0	0	40	0	0
40	0	216116	1	9	4	7	3	0	1	0	0	40	32	0
36	0	109204	3	10	1	8	1	1	0	0	0	40	0	0
57	0	88879	3	10	1	10	1	1	0	0	0	40	0	0
39	3	200863	2	12	1	8	1	1	0	0	0	55	0	0
23	0	223811	7	13	0	5	2	1	0	0	0	30	0	0
32	0	360761	1	9	1	12	1	1	0	0	0	60	0	1
33	0	166275	1	9	0	0	2	1	1	0	0	40	0	0
40	0	149102	1	9	1	6	1	1	0	0	0	40	0	0
37	0	117381	1	9	0	2	2	1	0	0	0	40	0	0
46	0	306993	10	3	1	13	1	1	0	0	0	40	0	0
32	1	232475	7	13	1	5	1	1	0	0	0	50	0	0
56	0	165867	1	9	1	6	1	1	0	0	0	40	0	0
46	0	268234	11	11	1	8	1	1	0	0	1902	40	0	1
59	6	110457	7	13	1	8	1	1	0	0	0	50	0	1
21	0	329174	1	9	0	9	2	1	0	4865	0	40	0	0
37	0	109472	12	5	3	4	2	1	1	0	0	40	0	0
18	0	418176	3	10	0	8	2	0	0	0	0	40	0	0
28	0	380390	7	13	1	8	1	1	0	0	0	50	0	0
18	2	36064	13	8	0	3	0	1	0	0	0	20	0	0
59	6	95835	11	11	1	8	1	1	0	0	0	55	0	1
25	1	250770	1	9	0	7	0	1	1	0	0	40	0	0
17	0	67603	12	5	0	4	0	1	1	0	0	10	0	0
30	5	352045	8	14	4	6	2	1	0	99999	0	40	0	1
21	0	196742	3	10	1	7	4	1	1	0	0	28	0	0
31	0	303942	3	10	1	10	1	1	0	0	0	50	0	0
56	0	246687	3	10	3	7	2	1	1	0	0	40	0	0
64	3	187793	0	7	1	6	1	1	0	0	0	40	0	0
46	0	205816	11	11	1	5	4	1	1	0	0	40	0	1
60	0	182343	13	8	1	13	1	1	0	0	0	40	0	0
59	0	42959	1	9	2	4	2	1	1	0	0	36	0	0
46	0	140644	1	9	5	0	2	1	0	0	2258	50	0	0
19	0	183264	3	10	0	2	0	1	0	0	0	30	0	0
49	0	294671	7	13	1	10	1	1	0	0	0	50	0	0
24	0	88926	1	9	0	9	2	1	0	0	0	45	0	0
65	0	64667	3	10	3	4	2	2	1	0	0	15	0	0
27	0	416946	1	9	1	6	1	0	0	0	0	40	0	0
52	0	208570	11	11	3	9	2	1	1	0	0	40	0	0
42	0	116649	11	11	1	0	1	1	0	0	0	40	0	0
78	1	87052	1	9	2	7	3	1	1	0	0	5	0	0
46	3	102869	1	9	1	10	1	1	0	0	0	40	0	1
60	6	123552	6	4	1	8	1	1	0	0	0	55	6	0
28	0	157262	7	13	3	8	2	1	1	0	0	40	0	0
17	0	146890	12	5	0	1	0	0	0	0	0	20	0	0
57	0	257200	12	5	1	6	1	1	0	0	0	40	0	1
48	1	452402	9	16	0	5	3	0	1	0	0	15	0	0
39	0	531055	1	9	1	6	1	1	0	0	0	40	0	1
38	6	298539	1	9	0	8	2	1	0	0	0	50	0	0
20	0	95989	3	10	0	10	0	1	1	0	0	35	0	0
32	0	162572	8	14	1	8	1	1	0	0	1977	48	0	1
41	1	75313	5	15	1	5	1	1	0	0	0	40	1	1
66	0	117162	4	6	2	0	2	1	1	0	0	32	0	0
46	0	173461	3	10	1	10	4	1	1	0	0	40	0	1
48	0	349986	5	15	1	5	1	1	0	99999	0	50	0	1
24	0	204244	12	5	0	4	2	1	1	0	0	37	0	0
31	0	36222	1	9	4	13	2	1	0	0	0	65	0	0
38	6	320811	1	9	1	8	1	1	0	0	0	50	0	1
57	0	82676	1	9	3	12	2	1	0	0	0	48	0	0
20	0	152189	1	9	0	6	0	1	0	0	0	40	0	0
54	6	52565	6	4	1	12	1	1	0	0	0	70	0	0
62	2	121319	1	9	0	3	2	1	0	0	0	40	0	0
25	0	144301	3	10	1	13	1	1	0	0	0	30	0	0
21	0	162869	3	10	0	13	3	1	0	0	0	40	0	0
23	0	179241	3	10	0	4	0	1	1	0	0	30	0	0
34	5	62327	7	13	1	5	1	1	0	0	0	40	0	0
40	3	121012	5	15	1	5	1	1	0	0	1977	50	0	1
43	0	60001	3	10	1	7	1	1	0	0	0	45	0	0
55	2	105582	1	9	1	3	1	1	0	0	0	35	0	0
34	1	454076	11	11	1	4	1	1	0	0	0	40	0	1
21	5	155818	3	10	0	4	0	1	1	0	0	25	0	0
40	0	434081	1	9	3	0	0	1	1	0	0	40	0	0
48	4	265386	2	12	4	7	3	0	1	0	0	40	0	0
47	0	44671	1	9	1	7	1	1	0	0	0	38	0	0
63	0	190296	0	7	1	6	1	1	0	0	1902	40	0	1
33	4	198827	1	9	0	6	0	1	0	0	0	40	0	0
64	2	22228	3	10	1	3	1	1	0	0	0	10	0	1
28	0	109857	11	11	3	9	3	1	1	0	0	40	0	0
21	3	190968	1	9	0	1	0	1	0	0	0	25	0	0
51	0	75235	7	13	1	10	1	1	0	0	0	60	0	0
67	6	127605	8	14	1	5	1	1	0	20051	0	60	24	1
33	0	318982	7	13	1	6	1	1	0	0	0	38	0	0
31	0	229636	14	2	1	0	1	1	0	0	2042	40	4	0
46	0	233802	1	9	1	9	1	0	0	0	0	40	0	1
45	3	28119	7	13	3	5	2	1	0	0	0	65	0	0
66	5	198363	6	4	2	4	2	0	1	2964	0	40	0	0
58	1	153914	1	9	2	7	2	1	1	0	0	30	0	0
40	0	143582	8	14	2	10	0	2	1	0	0	50	0	0
71	2	78786	6	4	1	3	1	1	0	0	2149	24	0	0
42	5	126333	1	9	1	10	4	1	1	0	0	40	0	0
46	3	182689	3	10	1	6	1	1	0	3103	0	35	0	1
19	0	35245	1	9	0	13	0	1	0	0	0	25	0	0
19	0	160120	3	10	0	8	0	2	0	2597	0	40	1	0
37	3	400287	8	14	1	5	4	1	1	0	1887	15	0	1
22	0	50610	3	10	0	4	2	1	1	0	0	40	0	0
64	0	349826	3	10	1	8	1	1	0	0	0	40	0	0
38	0	35890	1	9	1	12	1	1	0	0	0	40	0	0
56	0	174209	10	3	1	0	1	0	0	0	0	40	0	0
47	0	63225	14	2	3	4	2	1	1	0	0	15	0	0
35	0	164519	1	9	3	7	3	0	1	0	0	40	0	0
23	0	81145	1	9	0	4	5	1	1	0	0	40	0	0
32	1	73514	11	11	0	2	2	2	1	0	0	50	0	0
49	1	452402	7	13	1	5	4	0	1	7688	0	35	0	1
19	2	318056	3	10	0	3	0	1	1	0	0	40	0	0
27	0	285897	1	9	1	12	1	1	0	0	1887	40	0	1
19	2	194404	3	10	0	3	0	1	1	0	0	32	0	0
20	0	434710	3	10	0	7	2	1	1	0	0	20	0	0
42	4	177142	7	13	0	9	3	1	0	0	0	40	0	0
35	4	182863	7	13	4	9	3	1	0	0	0	40	0	0
62	0	394645	1	9	0	10	2	1	1	0	0	40	0	0
46	0	110457	1	9	3	6	3	1	0	0	0	40	0	0
32	3	292465	3	10	1	8	1	1	0	0	0	35	0	1
35	0	238433	11	11	3	8	3	1	0	0	0	40	0	0
55	0	160631	1	9	1	0	1	1	0	4508	0	8	34	0
29	0	285657	3	10	1	6	1	1	0	0	0	45	0	0
24	0	236907	1	9	1	1	1	1	0	0	0	55	0	0
19	0	378418	1	9	0	4	3	1	1	0	0	30	0	0
50	3	213279	1	9	1	8	1	1	0	0	0	50	0	0
38	0	105503	3	10	3	8	2	1	1	0	0	40	0	0
24	0	79160	1	9	0	6	0	0	0	0	0	40	0	0
62	2	139391	6	4	1	3	1	1	0	0	0	40	6	1
33	3	190027	8	14	0	8	2	0	1	0	0	70	0	1
79	0	160758	6	4	1	10	1	1	0	0	0	15	0	0
33	0	361280	9	16	1	9	1	2	0	0	0	40	16	0
36	0	199288	4	6	1	12	1	1	0	0	0	70	0	0
46	3	204698	7	13	1	9	1	1	0	0	0	40	0	1
17	0	213354	0	7	0	13	0	1	0	0	0	6	0	0
