22	0	282579	1	9	0	4	3	1	0	0	0	40	0	0
39	0	99783	1	9	0	7	2	1	1	0	0	45	0	0
27	0	446947	7	13	0	7	3	0	1	0	0	55	0	0
57	0	186202	1	9	1	6	1	1	0	0	0	40	0	0
26	6	177951	3	10	1	10	1	1	0	0	0	32	0	0
28	0	258364	7	13	0	4	2	1	1	0	0	35	0	0
46	1	200727	8	14	1	5	1	1	0	0	0	50	0	1
32	3	33404	1	9	3	6	2	1	0	10520	0	50	0	1
63	4	31115	3	10	1	8	1	1	0	15024	0	40	0	1
21	0	301915	0	7	4	10	2	3	1	0	0	30	4	0
44	0	201908	1	9	1	12	1	1	0	5013	0	40	0	0
40	0	168071	7	13	1	5	1	1	0	0	0	45	0	1
32	0	347623	1	9	1	0	1	1	0	0	0	40	0	0
39	0	35890	7	13	1	10	1	1	0	0	0	50	0	1
31	0	154227	3	10	1	12	1	1	0	0	0	40	0	0
23	0	161532	1	9	1	6	1	1	0	0	0	40	0	0
55	0	178282	1	9	1	12	1	1	0	0	0	40	0	0
31	0	263561	7	13	1	6	1	1	0	0	0	40	0	1
52	0	201783	3	10	1	8	1	1	0	7688	0	40	0	1
30	0	161153	1	9	0	6	0	1	0	0	0	40	0	0
28	0	193125	3	10	1	10	4	1	1	0	0	40	0	1
28	0	126060	1	9	1	7	4	1	1	99999	0	36	0	1
52	0	186826	5	15	0	5	2	1	0	0	1564	40	0	1
32	0	156192	1	9	0	4	0	1	0	0	0	20	0	0
35	0	193094	1	9	0	5	3	1	1	0	0	35	0	0
26	0	472411	3	10	1	10	1	1	0	0	0	40	0	0
17	0	147069	0	7	0	4	0	1	1	0	0	16	0	0
40	0	300195	3	10	3	9	3	0	1	0	0	40	0	0
75	2	91417	11	11	1	3	4	1	1	0	0	20	0	0
23	0	182342	3	10	0	6	0	1	0	0	0	40	24	0
32	0	258406	7	13	1	5	1	1	0	0	0	40	4	0
27	0	87239	3	10	1	13	1	1	0	0	0	45	0	0
25	0	294406	11	11	0	5	2	1	1	0	0	30	0	0
18	2	41385	1	9	1	3	1	1	0	4508	0	40	0	0
66	0	197414	6	4	5	4	2	1	1	0	0	20	0	0
47	0	323212	1	9	2	4	2	1	1	0	0	40	0	0
57	1	31532	2	12	1	4	1	1	0	0	0	20	0	0
30	0	127610	7	13	0	10	0	1	1	0	0	20	37	0
26	0	163189	3	10	3	6	0	1	0	0	0	40	0	0
33	0	594187	7	13	1	8	1	1	0	0	1902	60	0	1
39	0	269323	11	11	1	4	1	1	0	0	1485	38	0	1
33	0	96480	11	11	1	5	4	1	1	7688	0	40	0	1
58	0	200316	1	9	1	12	1	1	0	0	0	40	0	0
22	0	212780	1	9	0	10	2	0	1	0	0	30	0	0
49	6	120121	7	13	1	8	1	1	0	0	0	50	0	1
20	0	367240	3	10	0	4	0	1	1	0	0	20	0	0
24	0	117606	7	13	0	8	0	1	1	0	0	35	0	0
33	0	122749	11	11	1	6	1	2	0	0	0	40	17	1
59	0	169560	4	6	1	5	1	1	0	0	0	40	0	0
46	0	269890	1	9	3	6	2	0	0	0	0	40	0	0
43	0	303426	1	9	3	4	3	2	0	5721	0	40	8	0
25	0	112835	7	13	0	5	2	1	0	0	0	40	0	0
17	0	226503	0	7	0	10	0	1	1	0	0	20	0	0
46	0	207733	14	2	2	4	3	1	1	0	0	40	12	0
20	0	275421	3	10	0	10	0	1	1	0	0	20	0	0
37	1	165883	1	9	1	13	1	0	0	0	0	40	0	0
56	6	236676	1	9	1	10	1	1	0	0	0	50	0	1
19	2	171578	3	10	0	3	0	0	0	0	0	40	0	0
30	0	685955	7	13	0	10	3	0	0	0	0	50	0	0
32	0	72887	3	10	1	10	1	2	0	0	0	40	0	1
34	0	135304	3	10	1	6	1	1	0	0	0	45	0	0
27	0	218781	1	9	1	13	1	1	0	0	0	50	0	0
23	0	126540	4	6	1	13	1	1	0	0	0	40	0	0
33	0	261943	4	6	1	0	1	1	0	0	0	40	3	0
34	5	111843	7	13	0	7	2	0	1	3325	0	40	0	0
71	3	401203	7	13	1	5	1	1	0	0	0	34	0	1
56	0	117400	3	10	0	5	2	1	1	0	0	35	0	0
61	2	113658	4	6	3	3	5	1	1	0	0	20	0	0
40	1	166822	8	14	1	5	4	0	1	0	0	36	0	1
35	0	151322	3	10	0	6	2	1	0	0	0	40	0	0
21	0	102684	1	9	0	4	0	1	0	0	0	40	0	0
54	3	152652	1	9	1	6	1	1	0	0	0	40	0	0
24	0	193416	2	12	0	4	0	1	1	0	0	3	0	0
35	0	103323	8	14	1	8	1	1	0	0	0	45	0	0
37	3	33975	7	13	4	12	2	1	0	0	0	50	0	0
20	2	163665	3	10	0	3	0	1	1	0	0	30	0	0
59	0	187485	3	10	1	8	1	1	0	0	0	45	0	1
50	0	110327	1	9	1	10	1	1	0	0	0	50	0	1
28	0	179498	7	13	0	4	2	1	0	0	0	40	0	0
37	1	197915	6	4	1	0	1	1	0	0	0	40	0	0
51	0	103995	9	16	2	5	2	1	1	10520	0	60	0	1
46	0	123807	1	9	0	0	2	0	1	0	0	15	0	0
23	0	43535	1	9	3	4	2	1	1	0	0	24	0	0
57	3	200316	6	4	1	6	1	1	0	0	0	50	0	0
60	0	125832	1	9	3	5	2	1	1	0	0	72	25	0
51	5	71691	7	13	3	8	2	1	0	0	0	60	0	1
50	0	168212	3	10	5	12	3	1	0	0	0	40	0	0
45	4	98320	3	10	3	7	3	2	1	914	0	40	0	0
41	0	173307	1	9	1	12	1	1	0	0	0	43	0	0
56	0	442116	3	10	1	8	1	1	0	0	0	54	0	1
18	0	130849	1	9	0	7	0	1	1	0	0	17	0	0
51	0	159015	1	9	1	12	1	1	0	0	0	60	0	0
32	0	147921	5	15	0	4	2	1	1	0	0	35	0	0
48	0	268022	2	12	1	8	1	1	0	7298	0	55	0	1
51	0	253357	1	9	1	6	1	1	0	0	0	40	0	0
50	0	339954	1	9	1	6	1	1	0	0	0	40	0	1
32	5	347623	11	11	1	9	1	1	0	3411	0	40	0	0
53	4	169112	5	15	1	7	1	1	0	0	0	45	0	1
37	0	166213	1	9	3	9	3	1	0	0	0	40	0	0
62	0	216765	7	13	1	5	1	1	0	0	0	40	1	1
51	0	335997	1	9	1	6	1	1	0	0	1902	40	0	1
18	2	354236	4	6	0	3	0	1	1	0	0	30	0	0
70	0	178120	1	9	2	11	5	0	1	0	0	8	0	0
54	0	312631	5	15	1	5	4	1	1	0	1887	50	0	1
67	1	31924	3	10	2	4	2	1	1	2964	0	41	0	0
34	4	96483	2	12	0	9	2	2	1	0	0	60	0	1
26	0	305304	0	7	4	13	5	1	0	0	0	40	0	0
52	1	111722	3	10	1	7	4	1	1	0	0	72	0	0
24	0	197554	1	9	0	7	0	1	1	0	0	40	0	0
51	0	257126	4	6	1	6	1	1	0	0	0	40	0	0
27	0	101597	1	9	1	0	4	1	1	0	0	40	0	0
23	0	220115	1	9	0	0	2	1	0	0	0	40	0	0
38	0	210844	3	10	1	6	1	1	0	0	2042	40	15	0
25	6	66935	1	9	0	4	5	1	0	0	0	30	0	0
81	0	192813	6	4	1	13	1	1	0	0	0	25	26	0
35	3	95639	0	7	1	5	1	4	0	0	0	4	0	0
40	3	223881	5	15	1	5	1	1	0	0	0	60	0	1
33	0	223105	1	9	1	7	1	0	0	0	0	40	0	0
33	0	192644	9	16	1	5	1	1	0	0	1977	90	0	1
45	3	58683	7	13	1	10	1	1	0	5178	0	48	0	1
22	0	162282	1	9	0	0	0	1	0	0	0	55	0	0
38	5	239539	1	9	1	0	1	2	0	0	0	40	8	0
46	0	117849	8	14	1	8	1	1	0	99999	0	50	0	1
17	0	99237	0	7	0	13	0	1	0	0	0	30	0	0
18	2	149343	1	9	0	3	0	1	1	0	0	3	0	0
42	3	193882	1	9	1	5	1	1	0	0	0	50	0	1
41	0	107845	7	13	1	5	4	1	1	0	0	40	0	1
58	0	268295	10	3	1	7	1	0	0	0	0	40	0	0
43	0	71269	3	10	1	10	1	1	0	0	0	45	0	0
42	6	204598	11	11	1	4	1	1	0	3464	0	80	0	0
19	2	98283	3	10	0	3	0	2	0	0	0	32	0	0
45	6	188694	5	15	1	5	1	1	0	0	0	50	0	1
41	0	201908	8	14	1	10	1	1	0	0	0	20	0	0
38	0	191137	0	7	1	0	1	1	0	0	0	35	0	0
58	3	129786	1	9	4	1	2	1	0	0	0	50	0	0
37	0	302903	3	10	1	8	4	2	1	0	0	40	0	1
34	0	143526	1	9	0	0	2	1	0	0	0	40	0	0
23	0	182117	3	10	0	4	0	1	0	0	0	40	0	0
47	0	172753	1	9	1	12	1	1	0	0	0	85	0	1
37	0	139770	1	9	0	7	2	1	1	0	0	35	0	0
47	0	215686	1	9	1	6	1	0	0	0	0	50	0	0
31	0	181388	8	14	1	5	4	1	1	0	1902	45	0	1
57	0	81973	7	13	1	10	1	2	0	15024	0	45	0	1
44	0	328581	7	13	1	10	1	1	0	0	0	50	0	1
64	0	110110	0	7	1	0	1	0	0	0	0	40	0	0
31	0	174201	7	13	1	8	1	1	0	0	0	40	0	1
40	0	137421	8	14	5	8	2	2	0	0	0	35	17	1
34	0	153927	7	13	1	5	1	1	0	0	0	40	0	1
28	4	187649	1	9	0	5	0	1	1	0	0	40	0	0
72	0	149992	6	4	1	1	1	1	0	0	0	35	0	0
21	0	234640	1	9	0	8	2	1	1	0	0	47	0	0
52	1	311569	8	14	1	8	1	1	0	0	0	50	0	1
44	0	182383	3	10	1	7	4	1	1	0	0	35	0	0
57	5	344381	3	10	1	5	1	2	0	7688	0	75	0	1
35	3	280570	1	9	1	8	1	1	0	0	0	35	0	0
21	0	215039	0	7	0	13	0	1	0	0	0	40	0	0
38	1	339442	3	10	1	12	1	0	0	0	0	40	0	0
28	1	168065	8	14	0	5	2	1	1	0	0	40	0	0
59	0	47534	8	14	3	8	2	1	1	0	0	45	0	1
54	1	116428	4	6	1	8	1	1	0	0	0	40	0	0
25	0	121789	3	10	0	10	2	1	0	0	0	38	0	0
29	5	143139	4	6	0	6	3	1	0	0	0	40	0	0
18	0	187790	1	9	0	7	0	1	1	0	0	40	0	0
31	0	140559	1	9	1	4	1	0	0	0	0	40	0	0
17	0	184025	0	7	0	13	0	1	0	0	0	16	0	0
47	0	257824	3	10	1	8	1	1	0	0	0	45	0	1
42	0	89226	1	9	1	4	1	1	0	7688	0	40	37	1
21	0	145917	3	10	0	7	0	1	1	0	0	20	0	0
32	0	207301	3	10	1	10	4	1	1	0	0	40	0	0
51	0	135388	13	8	2	0	2	1	0	0	1564	40	0	1
24	0	266467	11	11	0	0	0	1	0	0	0	40	0	0
60	0	200047	8	14	1	7	1	1	0	0	0	40	0	0
29	4	121040	1	9	3	7	2	0	1	0	0	40	0	0
24	0	199694	2	12	0	13	0	1	0	0	0	30	0	0
43	0	301007	8	14	1	8	1	1	0	7298	0	50	0	1
64	3	253759	3	10	1	10	1	1	0	0	1977	50	0	1
53	0	120839	3	10	1	6	1	1	0	0	0	40	0	0
64	5	33342	3	10	3	7	2	1	1	0	0	40	0	0
41	0	205195	2	12	3	10	2	1	0	0	0	40	0	0
30	0	362873	7	13	1	9	1	1	0	0	0	40	11	0
25	0	104614	1	9	0	2	3	1	1	0	0	25	0	0
27	3	32280	1	9	0	1	3	1	0	0	0	50	0	0
30	0	191777	13	8	0	4	0	0	1	0	0	20	1	0
39	0	144169	1	9	1	8	1	1	0	0	0	40	0	0
28	0	264076	1	9	0	7	2	1	1	0	0	40	0	0
33	0	119164	8	14	0	5	2	1	0	0	0	50	0	0
41	0	126845	3	10	1	7	1	1	0	0	0	40	0	0
24	0	228395	7	13	0	10	0	0	1	0	0	40	0	0
32	0	242654	3	10	3	10	3	0	1	0	1138	40	29	0
69	3	30951	11	11	1	8	1	1	0	0	0	20	0	0
36	0	48855	8	14	1	5	1	1	0	0	0	38	0	1
57	3	50791	11	11	1	8	1	1	0	0	0	20	0	0
58	1	248739	1	9	0	4	2	1	0	0	0	40	0	0
26	0	165418	2	12	1	6	1	1	0	0	0	40	0	0
17	0	79464	0	7	0	7	0	1	1	0	0	12	0	0
36	1	321247	0	7	1	6	1	1	0	0	0	40	0	0
44	0	104269	1	9	1	6	1	0	0	0	0	40	0	1
39	6	129573	2	12	1	8	1	1	0	0	0	45	0	0
41	0	222142	3	10	1	6	1	1	0	3464	0	40	0	0
24	0	126613	0	7	0	4	2	1	1	0	0	20	0	0
54	0	145548	1	9	1	6	1	1	0	0	0	40	0	0
26	0	331861	7	13	0	8	2	1	0	0	0	30	0	0
39	0	156261	3	10	3	7	3	1	1	0	0	38	0	0
27	0	173944	1	9	1	6	1	1	0	0	0	40	0	1
25	0	69739	4	6	0	0	0	1	0	0	0	40	26	0
32	0	266345	3	10	0	9	2	1	0	0	0	40	0	0
30	0	278006	1	9	3	9	3	1	1	0	0	40	0	0
50	6	82578	7	13	1	8	1	1	0	0	0	40	0	1
66	0	154164	2	12	0	5	2	1	0	0	0	7	1	0
25	0	250038	1	9	1	7	1	1	0	0	0	40	0	1
48	0	175468	1	9	5	4	3	1	1	0	0	16	0	0
23	5	435835	7	13	0	5	2	1	0	0	0	7	0	0
70	0	135601	7	13	1	5	1	1	0	20051	0	35	0	1
20	5	162945	3	10	0	13	0	1	0	0	0	40	0	0
18	0	244115	0	7	0	4	0	0	0	0	0	16	0	0
29	0	351902	1	9	3	10	2	1	0	0	0	34	0	0
33	0	291414	0	7	1	13	1	1	0	0	0	40	0	0
27	0	278736	13	8	0	13	5	1	0	0	0	40	4	0
44	0	138975	1	9	0	12	2	1	0	0	0	50	0	0
32	0	165295	10	3	0	4	2	1	1	0	0	40	4	0
49	6	93557	2	12	1	8	1	1	0	0	0	45	0	1
66	3	176315	7	13	3	10	2	1	0	401	0	20	0	0
35	0	187167	1	9	0	7	3	1	1	0	0	40	0	0
24	0	241582	3	10	0	10	2	1	0	0	0	33	0	0
31	0	247328	0	7	1	2	1	1	0	0	0	40	0	0
75	3	157778	11	11	3	5	2	1	1	15831	0	50	0	1
66	3	67765	0	7	2	8	2	1	1	0	0	84	0	1
19	2	229431	3	10	0	3	0	1	0	0	0	40	0	0
46	0	192203	3	10	1	13	1	1	0	0	0	40	0	0
31	0	93326	3	10	4	7	0	1	1	0	0	40	0	0
46	0	118889	1	9	1	10	1	1	0	0	0	68	0	1
29	5	237028	1	9	0	7	3	1	1	0	0	40	0	0
63	0	156127	3	10	1	13	1	1	0	0	0	45	0	0
46	0	151325	4	6	1	6	1	1	0	0	0	40	0	0
52	0	311350	1	9	3	12	2	1	0	0	0	50	0	0
44	3	273465	2	12	0	10	0	1	0	0	0	50	0	0
66	0	172646	10	3	1	12	1	1	0	1173	0	12	0	0
51	0	379797	4	6	1	0	1	0	0	0	0	40	0	0
38	0	131827	7	13	1	6	1	1	0	0	0	70	0	0
26	5	158734	8	14	0	5	2	1	1	0	0	40	0	0
35	0	233533	7	13	1	10	1	1	0	0	0	42	0	0
48	0	246367	3	10	2	7	2	1	1	0	0	50	0	0
42	1	142049	3	10	3	9	3	1	1	0	0	32	0	0
50	0	101119	4	6	1	12	1	1	0	0	0	40	0	0
26	0	104830	8	14	0	8	2	1	1	594	0	35	0	0
42	0	173981	7	13	1	5	1	1	0	0	0	40	24	1
63	0	195338	7	13	1	8	1	1	0	15024	0	45	0	1
18	0	64253	0	7	0	10	0	0	1	0	0	20	0	0
56	0	182062	1	9	1	12	1	1	0	0	0	48	0	1
33	0	111696	3	10	1	7	1	1	0	0	0	45	0	0
41	2	168071	1	9	1	3	1	1	0	0	0	40	0	0
42	0	314369	1	9	3	6	3	0	0	0	0	45	0	0
37	0	178877	1	9	1	7	1	1	0	0	0	45	0	0
42	0	111483	8	14	0	5	2	1	0	0	0	48	0	1
18	2	192321	3	10	0	3	0	1	0	0	0	40	0	0
62	0	171757	6	4	2	12	2	0	0	0	0	40	0	0
29	4	157313	11	11	0	5	2	1	1	0	0	40	0	0
20	0	38772	0	7	0	4	2	1	0	0	0	40	0	0
36	4	72338	7	13	1	5	1	2	0	0	0	40	0	1
67	3	132626	1	9	1	1	1	1	0	0	0	70	0	0
50	0	176240	3	10	1	10	1	1	0	0	0	50	0	1
40	0	202692	1	9	1	4	1	1	0	0	0	35	0	0
18	0	70021	0	7	0	4	0	1	0	0	0	15	0	0
55	0	181242	1	9	3	2	2	1	0	0	0	20	0	0
48	0	196707	11	11	1	6	1	1	0	0	0	40	0	1
80	1	81534	14	2	2	1	2	2	0	1086	0	20	8	0
25	0	137658	3	10	0	7	2	1	1	0	0	45	0	0
24	0	253190	1	9	1	10	1	1	0	0	0	45	0	0
46	0	233059	12	5	3	12	2	1	0	0	0	40	0	0
22	5	177787	1	9	0	4	3	1	1	0	0	45	0	0
35	3	193026	3	10	1	8	1	1	0	0	0	60	0	0
62	3	271464	8	14	4	1	2	1	0	0	0	30	0	0
40	0	199689	1	9	3	4	2	1	1	0	0	40	0	0
27	4	190653	11	11	1	14	1	1	0	0	0	40	1	1
40	0	359389	7	13	3	4	3	2	1	0	0	40	8	0
49	3	181717	7	13	1	8	4	1	1	0	0	7	0	1
52	0	245127	12	5	1	13	1	1	0	0	0	40	39	0
21	0	274398	11	11	0	7	0	0	1	0	0	40	0	0
41	3	344624	3	10	1	5	1	1	0	0	0	60	0	1
35	0	169037	1	9	1	12	4	1	1	0	0	48	0	0
22	0	221406	3	10	0	4	2	1	1	0	0	20	0	0
71	0	211707	3	10	1	10	1	1	0	0	0	4	0	0
73	2	185939	7	13	1	3	1	1	0	0	0	40	0	0
33	0	227026	7	13	0	6	3	1	1	0	0	40	28	0
38	0	187847	8	14	1	8	1	1	0	0	0	50	0	1
19	0	238144	3	10	3	7	2	1	1	0	0	20	0	0
29	0	243660	3	10	0	4	2	1	0	0	0	45	0	0
26	0	102476	7	13	1	9	1	1	0	0	0	40	0	1
56	1	238405	1	9	2	7	2	1	1	0	0	40	0	0
29	0	187479	3	10	1	6	1	1	0	0	0	50	0	0
40	0	168294	1	9	1	6	1	1	0	0	0	40	0	0
52	2	129893	1	9	1	3	1	0	0	0	1579	30	0	0
55	0	172642	1	9	1	12	1	1	0	0	0	40	0	0
19	0	208066	3	10	0	10	0	1	1	0	0	20	0	0
39	0	247558	3	10	0	10	2	1	0	0	0	41	0	0
36	0	99233	3	10	1	5	1	1	0	0	1887	40	0	1
46	0	430278	8	14	0	5	2	1	0	0	0	40	0	0
33	5	204374	8	14	0	5	0	1	0	0	0	38	19	0
30	0	136832	12	5	0	13	0	1	0	0	0	40	0	0
54	4	151135	7	13	1	8	1	1	0	0	0	40	0	1
17	0	95875	12	5	0	13	0	1	0	0	0	12	0	0
39	0	360494	1	9	0	12	2	1	0	0	0	40	0	0
21	2	187581	3	10	0	3	0	1	1	0	0	40	0	0
53	0	98659	12	5	1	6	1	1	0	0	0	44	0	0
45	0	252242	9	16	3	10	2	1	0	99999	0	55	0	1
24	0	411238	3	10	1	7	4	0	1	0	0	40	0	0
47	3	199083	8	14	3	12	2	1	0	0	2258	50	0	1
38	0	222573	1	9	4	0	3	1	1	0	0	40	0	0
44	0	245317	1	9	1	7	1	1	0	0	0	40	0	0
45	0	216414	7	13	1	7	1	1	0	7688	0	50	0	1
32	0	236396	1	9	1	13	1	1	0	0	0	40	0	0
24	0	311826	3	10	0	10	3	1	1	0	0	18	0	0
38	0	172538	1	9	1	10	1	1	0	0	0	55	0	0
38	0	43712	1	9	1	7	1	1	0	0	0	55	0	0
33	0	272669	2	12	0	7	3	2	0	0	0	30	36	0
50	0	137299	2	12	3	6	3	1	0	0	0	40	0	0
40	0	171305	7	13	1	7	1	0	0	0	0	60	0	1
33	1	190027	1	9	3	4	0	0	1	0	0	40	0	0
20	0	376416	1	9	0	10	0	1	0	0	0	40	0	0
17	1	236831	13	8	0	7	0	0	1	0	0	15	0	0
27	0	170148	7	13	0	9	0	1	1	0	0	28	0	0
66	0	366425	1	9	1	4	1	1	0	0	0	40	0	0
53	0	95864	9	16	1	5	1	1	0	15024	0	50	21	1
71	0	37435	7	13	3	7	2	1	1	0	0	3	0	0
39	3	151835	4	6	1	6	1	1	0	0	0	40	0	0
36	0	149419	3	10	3	7	2	1	0	0	0	55	0	0
20	2	224238	3	10	0	3	0	1	0	0	0	6	0	0
56	0	359972	8	14	1	8	1	1	0	0	0	60	21	1
60	0	23063	6	4	1	10	1	1	0	0	0	40	0	0
43	0	198282	1	9	1	6	1	1	0	0	0	40	0	1
46	6	211020	7	13	1	8	1	1	0	15024	0	60	7	1
42	0	104196	1	9	0	13	5	1	0	0	0	40	0	0
56	0	133819	1	9	3	5	2	1	1	0	0	40	0	0
31	0	328734	1	9	0	7	3	1	1	0	2238	40	0	0
34	3	41210	1	9	1	1	1	1	0	0	0	60	0	0
38	0	225399	1	9	1	12	1	1	0	0	0	40	0	0
32	2	13862	1	9	0	3	2	4	1	0	0	38	0	0
32	1	43959	7	13	1	5	1	1	0	0	0	40	0	1
44	0	83827	1	9	3	8	2	1	1	0	0	50	0	0
24	0	157332	11	11	3	9	2	1	1	0	0	40	0	0
48	0	163706	7	13	1	8	1	1	0	15024	0	70	0	1
43	0	211517	3	10	0	7	2	1	0	0	1669	45	0	0
69	2	92852	1	9	1	3	1	1	0	0	0	5	0	0
39	3	192626	1	9	4	1	2	1	0	0	0	50	0	0
55	0	115439	3	10	1	5	1	1	0	0	0	40	0	1
27	0	98769	11	11	0	6	3	1	0	0	0	40	0	1
29	0	66473	3	10	0	1	3	1	0	0	0	50	0	0
41	3	138077	8	14	1	8	4	1	1	0	0	10	0	1
30	1	339388	3	10	1	9	1	1	0	0	0	72	0	1
28	0	195520	11	11	0	7	5	1	0	0	0	40	6	0
68	0	204680	1	9	1	8	1	1	0	0	0	37	0	0
55	0	184948	1	9	1	8	1	1	0	0	0	40	0	0
37	0	356231	4	6	1	0	1	0	0	0	2129	65	0	0
55	0	204334	5	15	1	8	1	1	0	0	1977	55	21	1
60	6	96660	1	9	1	7	4	1	1	0	0	8	0	1
44	0	184871	8	14	1	5	1	1	0	0	0	40	0	0
45	0	298950	1	9	1	0	1	1	0	0	0	40	0	0
37	0	238802	1	9	3	9	2	1	0	0	0	40	0	0
58	2	242670	3	10	1	3	4	1	1	0	0	20	0	0
47	0	183186	7	13	1	8	1	1	0	0	0	60	0	1
18	0	34125	0	7	0	4	0	1	1	0	0	10	0	0
23	0	158996	3	10	1	13	1	1	0	0	0	38	0	0
35	1	203883	3	10	3	9	3	1	1	0	0	40	0	0
61	6	248160	4	6	1	8	1	1	0	7688	0	40	0	1
54	0	548361	3	10	1	10	1	1	0	0	0	98	0	0
21	0	203914	1	9	1	7	4	1	1	0	0	19	0	0
53	5	91121	8	14	0	7	2	1	1	0	0	40	0	0
46	3	139397	4	6	4	8	3	1	1	0	0	15	33	0
56	0	208640	8	14	1	8	1	1	0	0	0	40	0	1
46	0	183013	7	13	3	6	2	1	0	0	0	50	0	0
36	0	161141	1	9	1	0	1	1	0	0	0	40	0	0
54	0	343333	7	13	2	7	2	1	1	0	0	80	0	1
35	5	210866	1	9	1	4	1	1	0	0	0	40	0	0
26	0	359854	7	13	0	11	5	1	1	0	0	35	4	0
49	6	235646	1	9	0	6	2	1	0	0	0	47	0	0
60	3	157588	1	9	3	7	3	1	1	0	0	99	0	0
55	0	200734	1	9	4	4	3	0	1	0	0	40	1	0
21	0	212213	2	12	0	7	2	0	1	0	0	40	0	0
38	0	248941	3	10	1	9	1	1	0	0	0	40	0	1
41	1	291831	8	14	1	5	1	1	0	0	0	35	0	0
43	5	114191	3	10	1	2	1	2	0	0	0	40	0	0
54	6	151580	7	13	1	9	1	1	0	0	0	40	0	1
46	0	331498	9	16	0	4	0	1	0	0	0	40	1	0
20	0	139989	3	10	0	7	0	0	0	0	0	40	0	0
35	0	187167	3	10	3	7	2	1	1	0	0	50	0	0
24	0	299528	3	10	0	10	2	2	1	0	0	50	23	0
41	0	226608	14	2	1	0	1	1	0	0	0	40	4	0
36	0	306361	1	9	0	4	3	0	0	0	0	40	0	0
40	3	213416	10	3	1	1	1	1	0	0	0	10	4	0
23	0	85139	1	9	0	7	2	1	1	0	0	40	0	0
37	0	48779	1	9	0	8	2	1	0	0	0	50	0	0
71	6	146365	3	10	2	8	2	1	1	0	0	24	0	0
36	0	355856	10	3	0	4	2	2	0	0	0	40	27	0
51	0	39264	3	10	1	8	4	1	1	0	0	40	0	1
30	0	117028	1	9	0	8	2	1	0	0	0	50	0	0
40	0	266631	1	9	1	6	1	0	0	0	0	40	10	0
26	0	152263	1	9	0	7	0	1	1	0	0	45	0	0
49	0	387074	3	10	1	10	1	1	0	0	0	40	0	0
30	0	245211	1	9	1	0	1	1	0	0	2002	43	0	0
48	0	136455	3	10	3	10	2	1	1	0	0	16	0	0
53	5	153486	7	13	1	9	1	1	0	0	0	40	0	1
31	0	105479	7	13	1	10	1	1	0	0	0	50	0	1
40	0	409902	1	9	0	0	0	0	1	0	0	40	0	0
21	2	133515	2	12	0	3	0	1	1	594	0	40	0	0
38	0	89202	1	9	3	6	2	1	0	0	0	40	0	0
37	2	185692	4	6	1	3	1	1	0	0	0	84	0	0
34	0	157024	4	6	0	4	3	0	1	0	0	20	0	0
53	0	230936	7	13	1	10	1	1	0	0	0	40	0	1
21	0	57298	3	10	0	10	0	1	1	0	0	35	0	0
26	0	82488	8	14	0	5	0	2	1	0	0	40	8	1
29	0	606111	7	13	3	8	2	1	1	0	0	40	0	0
44	0	235182	3	10	1	6	1	1	0	0	0	50	0	1
22	0	150336	3	10	3	9	5	1	1	0	0	40	0	0
43	4	145175	7	13	1	7	1	1	0	0	0	42	0	1
39	0	186719	3	10	4	6	3	1	1	0	0	25	0	0
38	1	325538	1	9	3	6	2	1	0	0	0	40	0	0
67	0	192995	1	9	2	8	2	1	1	0	0	35	0	0
31	0	103596	1	9	1	12	1	1	0	0	0	65	0	0
30	0	207172	0	7	0	2	2	1	1	0	0	35	0	0
53	3	237729	1	9	1	5	4	1	1	3411	0	65	0	0
44	0	121718	7	13	1	8	1	1	0	15024	0	48	0	1
43	0	196344	10	3	1	4	1	1	0	0	0	40	4	0
22	0	100235	1	9	0	13	0	1	0	0	0	40	0	0
31	0	161153	1	9	1	0	1	1	0	0	0	45	0	0
44	0	303619	0	7	3	6	2	1	0	0	0	40	0	0
88	3	141646	6	4	2	1	2	1	0	0	0	5	0	0
21	0	293726	1	9	0	10	2	1	0	0	0	60	0	0
31	0	190772	7	13	0	8	0	1	1	0	1590	35	1	0
35	1	91124	7	13	0	8	2	1	0	0	0	40	0	0
30	0	318912	7	13	0	4	0	0	0	0	0	55	0	0
48	0	355978	1	9	1	9	1	1	0	0	0	40	0	0
68	2	81468	1	9	2	3	3	1	1	0	0	16	0	0
64	0	183672	11	11	1	7	1	1	0	0	0	50	0	0
49	0	140826	8	14	1	8	1	2	0	99999	0	50	1	1
44	0	146659	9	16	1	5	1	1	0	0	0	50	0	0
18	0	294720	0	7	0	4	0	1	0	0	0	12	0	0
34	0	284629	1	9	1	0	1	1	0	0	0	40	0	0
29	1	128091	1	9	0	12	3	1	1	0	0	40	0	0
23	0	153643	1	9	0	0	5	0	0	0	0	40	0	0
36	6	173968	3	10	1	8	1	1	0	0	0	40	0	1
29	2	168479	7	13	0	3	2	1	0	0	0	40	0	0
34	0	303177	4	6	1	12	1	1	0	0	0	45	4	0
27	3	189030	7	13	0	10	2	1	0	0	0	40	0	0
57	1	261584	3	10	4	4	2	0	1	0	0	40	0	0
24	0	131230	1	9	0	7	2	1	0	0	0	40	0	0
54	0	138852	3	10	1	7	1	1	0	0	0	60	0	0
18	0	137532	3	10	0	10	0	1	1	0	0	20	0	0
25	0	67222	3	10	0	0	2	2	0	0	0	40	8	0
28	0	278736	3	10	1	0	1	1	0	0	0	40	4	0
87	0	143574	1	9	5	10	2	1	0	0	0	16	0	0
54	0	283725	8	14	3	10	2	1	1	0	0	40	0	0
21	0	131404	1	9	0	4	5	1	0	0	0	25	0	0
43	0	185015	10	3	5	11	5	1	1	0	0	40	11	0
43	4	47902	1	9	1	7	1	1	0	3908	0	40	0	0
38	0	272017	1	9	0	0	2	1	0	0	0	40	0	0
46	0	224559	1	9	1	6	1	0	0	0	0	35	0	0
65	0	138247	3	10	2	10	2	1	1	0	0	22	0	0
39	0	365465	1	9	1	6	1	1	0	0	0	40	0	0
60	3	69887	3	10	1	1	1	1	0	0	0	50	0	1
30	0	203488	7	13	0	10	2	1	0	0	0	60	0	0
39	0	57691	1	9	1	13	1	1	0	7298	0	40	0	1
35	0	193815	7	13	1	5	1	1	0	0	1977	48	0	1
31	3	37284	3	10	1	1	1	1	0	0	0	40	0	0
39	0	317434	1	9	0	8	0	1	0	0	0	40	0	0
33	0	198613	1	9	1	6	1	1	0	0	0	40	0	0
27	0	126060	5	15	0	5	5	1	1	0	0	40	0	0
31	0	187560	3	10	1	7	1	1	0	0	0	40	0	0
77	2	331863	3	10	4	3	2	1	0	0	0	2	0	0
40	5	52498	2	12	3	7	3	1	1	0	0	40	0	0
58	4	256466	8	14	1	9	1	2	0	7688	0	40	27	1
37	1	215618	11	11	1	2	1	1	0	0	0	80	0	1
39	0	150057	4	6	4	0	0	1	0	0	0	40	0	0
30	0	213714	3	10	0	8	2	1	1	0	0	40	0	0
20	0	173095	3	10	0	10	0	1	1	0	0	4	0	0
36	2	143774	1	9	3	3	5	1	1	0	0	40	0	0
30	0	277488	1	9	1	6	1	1	0	0	0	60	0	0
39	0	240468	1	9	0	8	2	1	0	0	0	42	0	0
43	0	197609	3	10	3	4	2	1	1	0	0	30	0	0
25	0	72294	1	9	0	7	0	1	1	0	0	40	0	0
42	0	219155	11	11	1	6	1	1	0	0	0	45	0	1
38	0	130277	3	10	3	9	3	1	1	0	1726	40	0	0
67	0	100718	1	9	1	13	1	1	0	0	0	30	0	0
57	0	151474	1	9	3	13	5	1	1	0	0	40	0	0
21	0	209955	3	10	0	6	0	1	0	0	0	20	0	0
35	0	23892	1	9	1	8	4	1	1	0	0	40	0	1
40	0	206927	1	9	1	6	1	1	0	0	1887	40	0	1
35	0	60135	4	6	1	4	4	1	1	0	0	40	0	0
74	2	95630	12	5	1	3	1	1	0	0	0	10	0	0
19	0	229516	6	4	0	0	5	1	0	0	0	40	0	0
36	3	127740	1	9	1	8	1	1	0	0	0	99	0	0
39	5	252662	9	16	0	5	2	1	0	0	2824	50	0	1
17	2	171080	13	8	0	3	0	1	0	0	0	40	0	0
47	2	118358	1	9	0	3	5	1	1	0	0	50	1	0
32	0	160594	7	13	0	10	2	1	0	0	1564	50	0	1
32	1	393376	7	13	0	2	2	1	1	0	0	48	0	0
51	4	321494	1	9	0	4	2	1	0	0	0	40	0	0
48	2	289517	3	10	0	3	2	1	0	0	0	35	0	0
38	0	331395	7	13	1	10	1	1	0	0	0	38	0	0
19	2	199609	3	10	0	3	0	1	1	0	0	20	0	0
52	0	178596	8	14	1	6	1	1	0	0	0	45	0	1
21	0	198996	3	10	0	0	0	1	1	0	0	30	0	0
33	0	222654	1	9	3	6	5	1	0	0	0	40	0	0
18	0	293510	13	8	0	13	5	1	0	0	0	20	0	0
32	3	176185	7	13	1	9	1	1	0	7298	0	40	16	1
28	0	370509	1	9	1	6	1	1	0	0	0	44	0	1
45	0	167381	1	9	3	10	3	1	1	0	0	32	0	0
21	0	300445	1	9	0	4	0	0	1	0	0	40	0	0
24	0	339602	3	10	0	7	2	1	1	0	0	40	0	0
53	0	329222	7	13	1	6	1	2	0	0	1740	40	20	0
54	3	183668	10	3	1	1	1	1	0	0	0	55	0	0
28	0	30014	3	10	0	7	2	1	1	0	0	40	0	0
20	2	120820	3	10	0	3	0	1	1	0	0	30	0	0
23	0	33021	1	9	1	0	1	1	0	0	0	40	0	0
33	5	295662	7	13	0	7	3	1	1	0	0	40	0	0
45	0	183168	3	10	1	9	4	1	1	0	0	40	0	0
47	3	148738	6	4	1	1	1	1	0	0	0	72	0	1
35	0	214738	1	9	1	6	1	1	0	0	0	48	0	0
20	0	196758	2	12	0	10	0	1	1	0	0	20	0	0
35	4	105527	1	9	3	8	3	1	1	0	0	40	0	0
50	0	221495	7	13	1	10	1	1	0	0	0	40	0	0
40	0	211938	4	6	0	12	2	1	0	0	0	40	0	0
50	0	209320	4	6	1	1	1	1	0	0	0	32	0	0
33	0	298785	12	5	3	6	2	1	0	0	0	50	0	0
37	0	459192	7	13	0	10	2	1	1	0	0	44	0	0
37	0	342642	3	10	1	6	1	1	0	0	0	40	0	1
25	3	46015	1	9	1	10	1	1	0	0	0	50	0	0
17	0	219199	4	6	0	4	0	0	0	0	0	15	0	0
49	3	285858	1	9	1	8	1	1	0	0	0	50	0	0
66	0	592029	1	9	2	10	2	0	1	0	0	24	0	0
24	0	132247	1	9	1	4	4	1	1	0	0	24	0	0
50	0	330543	15	1	1	4	1	1	0	0	0	40	4	0
56	0	176613	7	13	3	5	2	2	1	0	0	40	8	0
68	0	174895	1	9	1	4	1	1	0	0	0	40	0	0
65	0	200408	1	9	3	7	2	1	1	0	0	40	0	0
67	0	219687	3	10	2	10	2	1	0	0	0	18	0	0
17	0	174466	0	7	0	4	0	1	0	0	0	18	0	0
27	0	339921	3	10	0	4	2	1	0	0	0	38	4	0
47	1	330080	0	7	5	6	2	0	0	0	0	40	0	0
40	0	151504	1	9	1	12	1	1	0	0	0	50	0	0
39	5	275300	1	9	1	6	1	1	0	0	0	40	4	0
36	0	178322	1	9	3	12	3	1	0	0	0	40	0	0
49	5	209482	1	9	2	8	2	1	1	0	0	40	0	0
59	0	157831	1	9	3	7	2	1	1	0	0	16	0	0
46	0	224314	7	13	2	8	3	1	1	0	0	20	0	0
71	2	144461	7	13	1	3	1	1	0	3456	0	16	0	0
42	3	114580	8	14	3	8	3	1	1	0	0	70	0	0
46	6	321764	5	15	1	5	1	1	0	0	0	50	0	1
41	0	197907	1	9	0	9	2	0	1	0	0	40	0	0
20	5	199884	3	10	0	4	0	1	1	0	0	10	0	0
30	0	332975	0	7	1	0	1	1	0	0	0	55	0	0
29	0	37599	3	10	3	7	2	1	0	0	0	36	0	0
28	0	52199	7	13	0	4	2	1	0	0	0	50	0	0
61	3	45795	1	9	1	7	4	1	1	0	0	36	0	0
30	0	154120	7	13	1	8	1	1	0	0	1977	60	0	1
27	0	217530	3	10	0	9	0	1	0	0	0	40	11	0
58	3	426263	3	10	1	5	1	1	0	0	0	32	0	0
37	0	406664	6	4	1	6	1	1	0	0	0	45	4	0
24	0	269799	11	11	0	8	2	1	0	0	0	40	0	0
48	0	127738	12	5	3	12	2	1	0	0	0	40	0	0
24	0	330724	7	13	0	5	2	2	0	0	0	16	1	0
47	0	138999	12	5	1	6	1	1	0	4386	0	48	0	1
33	0	152744	3	10	0	8	0	2	1	0	0	40	0	0
26	0	155459	7	13	0	2	5	1	0	0	0	45	0	0
43	0	222596	7	13	1	8	1	1	0	15024	0	50	0	1
29	0	209173	2	12	0	10	2	1	0	0	0	40	0	0
33	0	513977	3	10	1	9	1	0	0	0	0	40	0	0
45	0	186410	1	9	1	12	1	1	0	0	0	40	0	1
44	0	230684	1	9	1	5	1	1	0	0	0	40	0	0
44	0	136986	3	10	3	7	2	1	0	0	0	40	0	0
34	5	647591	1	9	0	4	2	0	1	0	0	40	0	0
25	0	264300	11	11	0	5	0	1	1	0	0	36	0	0
59	0	95967	5	15	1	8	1	0	0	0	0	40	1	0
33	0	187802	7	13	1	7	4	1	1	0	1887	40	0	1
45	6	270079	7	13	1	8	1	1	0	0	0	50	0	1
58	0	141379	1	9	3	7	2	1	1	0	0	42	0	0
18	0	176653	1	9	0	13	0	1	0	0	0	26	0	0
35	0	176900	11	11	3	6	2	1	0	0	0	40	0	0
55	0	200217	4	6	1	6	1	1	0	0	0	40	0	1
43	0	188331	0	7	4	10	3	1	1	0	0	40	0	0
36	0	158363	13	8	1	0	1	1	0	0	0	40	0	0
42	3	247422	7	13	1	8	1	1	0	0	0	45	0	1
45	0	247120	1	9	1	12	5	1	1	0	0	50	1	0
20	1	37932	3	10	0	13	2	1	0	0	0	40	0	0
27	3	32280	1	9	1	1	1	1	0	0	0	40	0	0
23	0	197286	3	10	0	10	0	1	1	0	0	8	0	0
55	0	228595	10	3	1	4	1	1	0	0	0	40	0	0
51	0	81534	0	7	0	4	5	2	0	0	0	35	0	0
17	0	165457	4	6	0	4	0	1	0	0	0	16	0	0
28	0	209109	1	9	0	6	0	1	0	0	0	50	0	0
31	0	141817	7	13	1	4	1	1	0	0	0	40	1	0
66	2	249043	0	7	1	3	1	1	0	0	0	40	0	1
61	3	185640	1	9	1	8	1	1	0	0	0	30	0	1
19	0	400195	1	9	0	4	0	1	0	0	0	20	0	0
28	0	267912	3	10	4	7	2	1	0	0	0	40	0	0
39	0	370032	8	14	1	5	1	1	0	0	0	45	0	0
34	0	191957	1	9	1	7	1	0	0	0	0	40	0	1
53	0	361405	1	9	1	5	1	1	0	0	0	40	0	1
54	0	103580	7	13	3	5	2	1	1	0	0	40	0	0
44	0	116632	7	13	1	8	1	1	0	0	0	35	0	1
34	0	185480	2	12	0	7	0	1	1	0	0	40	0	0
41	0	94113	1	9	1	6	1	1	0	99999	0	60	0	1
26	3	75654	1	9	1	8	1	1	0	0	0	40	37	0
38	0	104727	8	14	0	7	2	1	1	0	0	40	0	0
28	0	302406	5	15	0	5	2	1	0	0	0	45	0	0
63	0	116993	1	9	1	0	1	1	0	0	0	40	0	1
51	0	274528	3	10	1	10	1	1	0	0	0	40	0	0
53	4	218382	2	12	1	7	4	0	1	0	0	40	0	1
35	4	170425	2	12	3	5	3	0	1	0	0	40	0	0
49	6	148437	7	13	0	10	2	1	0	0	0	60	0	0
43	0	24264	3	10	1	5	1	1	0	0	0	40	0	1
50	5	78923	1	9	1	6	1	1	0	0	1485	40	0	1
49	6	106169	3	10	3	10	2	1	1	0	0	40	0	0
43	1	211860	1	9	1	6	1	1	0	0	0	40	0	1
49	0	250821	5	15	0	1	5	1	0	0	0	48	0	0
29	0	202558	11	11	1	9	5	1	1	0	0	40	0	0
30	0	96480	11	11	0	7	0	1	1	0	0	32	0	0
32	0	215912	1	9	1	4	4	0	1	0	0	40	0	0
51	6	182211	3	10	3	10	0	1	1	0	0	70	0	0
33	4	206392	1	9	1	5	1	1	0	0	0	40	0	0
38	0	150057	7	13	3	10	0	1	0	0	0	50	0	0
38	6	105044	1	9	3	6	2	1	0	0	0	40	0	0
45	0	168195	1	9	1	12	1	1	0	0	0	42	0	0
18	4	54377	1	9	0	13	0	1	0	0	0	50	0	0
69	3	118174	2	12	1	10	1	1	0	20051	0	15	0	1
54	0	229375	3	10	2	10	3	1	1	0	0	40	0	0
44	4	109414	7	13	1	7	1	2	0	0	1977	40	8	1
40	0	158275	1	9	3	7	3	0	1	0	625	40	0	0
40	0	32185	1	9	0	13	0	1	0	0	0	44	0	0
20	0	228452	3	10	0	10	2	1	0	0	0	50	0	0
36	0	170174	1	9	1	6	1	1	0	15024	0	56	0	1
39	0	162370	7	13	1	8	1	1	0	0	0	40	0	1
18	0	260253	0	7	0	4	0	1	0	0	0	40	0	0
42	0	252392	1	9	1	12	1	1	0	0	0	40	0	0
27	0	99897	3	10	1	6	1	1	0	0	0	50	0	0
22	2	52596	3	10	0	3	0	1	0	0	0	15	1	1
38	0	48093	1	9	1	0	1	1	0	0	0	40	0	0
24	0	275244	3	10	0	8	2	0	0	0	0	35	0	0
41	0	173316	1	9	1	0	1	1	0	0	0	40	0	0
20	0	162164	3	10	0	11	0	1	1	0	0	45	0	0
62	0	166425	0	7	3	0	2	0	1	0	0	40	0	0
31	0	203463	8	14	0	8	2	1	1	99999	0	40	0	1
35	0	77792	1	9	1	8	1	1	0	0	0	45	0	1
58	6	120384	1	9	1	8	1	1	0	0	0	40	0	1
20	0	257470	3	10	0	10	0	0	1	0	0	20	0	0
38	0	171482	1	9	1	6	1	1	0	0	1672	50	0	0
29	0	162298	7	13	1	10	1	1	0	0	0	55	0	1
21	0	170273	3	10	0	5	0	0	1	0	0	40	0	0
27	0	384774	6	4	3	9	2	1	1	0	0	50	0	0
48	5	120131	7	13	3	5	2	1	0	0	0	40	0	0
34	0	159442	1	9	0	5	2	1	1	0	0	37	6	1
33	0	303942	12	5	1	0	1	1	0	0	0	40	0	0
29	0	33436	1	9	0	10	3	1	1	0	0	42	0	0
45	0	193407	11	11	3	10	2	1	1	0	0	44	0	0
22	0	51985	3	10	0	4	0	1	0	1055	0	15	0	0
31	1	127651	3	10	1	4	1	1	0	0	0	40	0	0
25	0	152246	3	10	0	13	0	2	0	0	0	40	39	0
59	0	124137	1	9	3	10	2	1	0	2202	0	40	0	0
18	2	209735	3	10	0	3	0	1	1	0	0	30	0	0
18	0	241552	0	7	0	4	0	1	1	0	1719	20	0	0
42	0	174295	6	4	1	13	1	1	0	0	0	99	0	0
42	3	165815	7	13	1	5	1	1	0	0	0	52	0	1
26	1	566066	7	13	0	2	3	0	1	0	0	40	0	0
18	2	269373	13	8	0	3	0	1	1	0	0	20	0	0
20	0	143604	1	9	0	4	0	1	1	0	0	40	0	0
18	1	294605	3	10	0	8	0	1	0	0	0	12	0	0
44	0	122381	3	10	1	4	1	1	0	0	0	40	0	0
76	1	104443	1	9	2	4	2	1	1	0	1668	40	0	0
34	0	208116	1	9	0	4	2	0	1	0	0	25	0	0
60	6	328011	3	10	1	6	1	1	0	0	0	20	0	0
19	0	375079	3	10	0	4	0	1	0	0	0	35	0	0
35	0	210945	1	9	1	9	1	1	0	7298	0	38	0	1
26	0	169100	1	9	3	0	2	1	0	0	0	40	0	0
41	0	30126	7	13	3	8	2	1	1	0	0	45	0	1
29	0	165737	7	13	0	5	2	2	0	0	0	1	16	0
24	0	200295	3	10	0	4	2	1	0	0	0	35	0	0
39	0	553588	1	9	1	6	1	1	0	0	1848	40	0	1
58	1	164970	1	9	3	7	2	0	0	0	0	40	0	0
40	0	199031	1	9	1	0	1	1	0	0	0	40	4	0
29	0	187750	2	12	1	9	1	1	0	0	0	40	0	1
44	3	89413	7	13	1	1	1	1	0	0	0	50	0	0
27	0	188171	1	9	0	13	0	1	0	0	0	40	0	0
52	6	392502	7	13	1	8	1	1	0	0	0	60	0	0
40	4	73883	1	9	1	10	1	1	0	0	0	40	0	0
59	6	76860	10	3	1	8	1	2	0	99999	0	40	27	1
19	0	376683	1	9	0	10	0	0	1	0	0	35	0	0
23	0	189013	3	10	0	7	0	1	1	0	0	37	0	0
32	0	190385	11	11	3	7	3	1	1	0	0	35	0	0
34	0	154874	11	11	1	10	1	1	0	0	0	40	0	0
62	0	175032	1	9	1	7	1	1	0	0	0	42	0	0
68	3	338432	1	9	1	1	1	1	0	0	0	50	0	0
64	0	30725	1	9	1	6	1	1	0	0	0	50	0	0
33	1	319280	3	10	0	9	2	1	0	0	0	40	0	0
64	0	280957	3	10	1	4	1	1	0	0	0	20	0	0
42	0	256813	3	10	0	8	2	1	0	0	0	40	0	1
60	0	276213	3	10	3	8	2	1	1	0	0	40	0	0
35	0	161496	3	10	3	10	2	1	0	0	0	50	0	0
33	0	399531	7	13	1	6	1	0	0	0	0	40	0	0
74	3	168951	1	9	1	1	1	1	0	0	0	14	0	0
38	3	108140	3	10	1	6	1	1	0	0	0	30	0	0
43	0	358677	11	11	3	6	2	0	0	0	0	40	0	0
36	1	127424	7	13	1	7	1	0	0	0	0	50	1	1
45	3	163559	7	13	1	8	4	2	1	0	0	48	1	0
45	3	390746	1	9	1	5	1	1	0	0	0	40	0	1
28	0	187981	1	9	1	0	1	1	0	0	0	40	0	0
48	0	187715	2	12	1	6	1	1	0	0	1848	46	0	1
25	0	192449	1	9	1	0	1	1	0	0	0	40	0	0
42	5	381581	1	9	3	7	2	1	0	0	0	40	0	0
22	5	211049	3	10	0	10	0	1	1	0	0	12	0	0
43	0	214242	1	9	1	0	1	1	0	0	0	40	19	0
35	0	190759	0	7	4	6	3	1	0	0	0	40	0	0
42	3	209301	1	9	1	6	1	1	0	0	0	50	0	0
56	3	118614	8	14	4	10	3	1	1	0	0	36	0	0
22	0	124971	7	13	0	8	2	1	0	0	0	30	0	0
29	0	198704	11	11	0	0	2	1	0	0	0	40	0	0
38	1	32587	7	13	1	8	1	4	0	0	0	50	0	1
51	1	227261	3	10	3	2	3	0	1	0	0	40	0	0
35	0	250988	7	13	1	10	1	1	0	0	0	40	0	1
42	5	147206	11	11	1	8	1	1	0	0	0	40	0	1
21	0	25265	3	10	0	4	0	1	0	0	0	18	0	0
54	1	188446	1	9	1	4	1	1	0	0	0	40	0	0
19	0	206017	3	10	0	7	0	1	1	0	0	15	0	0
36	1	287821	7	13	1	7	4	1	1	0	0	40	0	1
62	4	223163	3	10	0	5	2	1	0	0	0	40	0	1
52	0	38973	4	6	2	10	3	0	1	0	0	40	0	0
45	0	370274	13	8	1	6	1	1	0	0	0	40	0	0
64	0	271559	1	9	1	0	4	1	1	0	0	30	15	0
66	0	171331	3	10	1	12	1	0	0	0	0	40	0	1
53	0	201127	1	9	1	6	1	1	0	0	0	40	0	0
36	0	64874	8	14	1	5	1	1	0	0	0	60	0	1
37	0	202683	3	10	0	9	2	1	0	0	0	35	0	0
17	3	103851	0	7	0	5	0	1	1	0	0	4	0	0
34	0	196266	2	12	1	10	1	1	0	0	0	50	0	1
28	0	303601	13	8	1	0	1	1	0	0	0	40	0	0
23	0	43150	7	13	0	5	2	1	0	0	0	40	0	0
18	2	193889	3	10	0	3	0	1	1	0	0	20	1	0
28	0	177036	3	10	0	7	2	1	1	0	0	15	0	0
32	3	135304	1	9	1	6	1	1	0	3942	0	32	0	0
17	0	25982	13	8	0	4	0	1	1	0	0	30	0	0
51	5	103063	7	13	1	2	1	1	0	7298	0	40	0	1
41	0	328239	3	10	0	5	2	1	0	0	0	40	0	0
58	0	142724	1	9	0	8	2	1	1	0	0	43	0	0
31	0	198452	3	10	1	0	4	1	1	0	0	18	0	0
28	0	285897	7	13	1	8	1	1	0	0	0	40	0	0
21	0	34568	1	9	0	6	3	1	0	0	0	50	0	0
44	3	136986	5	15	1	5	1	1	0	0	1977	50	0	1
31	3	404062	4	6	1	1	1	1	0	0	0	55	26	1
39	0	80479	7	13	3	12	2	1	0	0	0	55	0	0
30	0	433325	4	6	1	6	1	1	0	0	0	40	4	0
56	3	368797	8	14	1	10	1	1	0	0	0	40	0	1
41	0	157473	8	14	1	7	4	1	1	0	0	50	0	1
24	0	193130	3	10	0	7	0	1	1	0	0	40	0	0
33	0	91667	1	9	1	6	1	1	0	0	0	44	0	0
36	0	153078	8	14	1	8	1	2	0	15024	0	40	36	1
31	0	179673	1	9	1	0	1	1	0	0	0	40	0	1
39	0	236648	3	10	1	0	1	1	0	0	1848	42	0	1
41	0	77357	7	13	3	5	2	1	0	0	0	45	0	0
19	0	267796	3	10	0	7	0	1	0	0	0	30	0	0
57	0	335276	2	12	0	8	2	1	1	0	0	35	0	0
35	0	189102	1	9	1	8	1	1	0	0	0	55	0	1
34	3	203051	1	9	5	6	2	1	0	0	0	50	0	1
38	0	167440	1	9	1	0	1	1	0	0	0	40	0	0
21	0	186087	7	13	0	5	2	1	0	0	0	40	0	1
25	0	334267	1	9	0	6	5	1	0	0	0	45	0	0
49	0	172246	0	7	1	12	1	1	0	0	0	40	0	0
34	1	117963	7	13	1	12	1	1	0	0	0	40	0	1
22	2	374116	1	9	0	3	2	1	1	0	0	36	0	0
60	0	304074	3	10	2	12	2	1	0	0	0	28	0	0
35	0	212195	1	9	1	9	4	1	1	0	0	35	0	1
42	3	52781	7	13	1	8	1	1	0	0	0	40	0	1
61	1	176671	8	14	1	5	4	1	1	0	0	30	0	0
24	0	175778	7	13	0	8	2	1	1	0	0	40	0	0
26	0	340126	1	9	0	6	0	1	0	0	0	50	0	0
64	0	237581	6	4	1	12	1	1	0	0	0	48	4	1
47	1	246891	8	14	3	5	3	1	0	0	0	45	0	1
23	0	181659	0	7	0	6	0	1	0	0	0	60	0	0
34	0	209900	3	10	3	5	2	1	0	0	0	15	0	0
47	0	151826	4	6	3	9	3	0	1	0	0	38	0	0
43	6	210013	3	10	0	8	2	1	0	0	0	50	0	1
47	6	120131	1	9	1	8	1	1	0	0	0	50	0	0
57	0	366421	1	9	1	10	1	1	0	0	0	40	4	0
19	0	137578	3	10	0	7	0	1	0	0	0	10	0	0
36	0	89625	4	6	4	10	0	2	1	0	0	40	0	0
72	3	298945	7	13	2	1	2	1	0	0	0	40	0	1
34	1	108247	3	10	1	8	1	1	0	0	0	45	0	1
31	0	103642	1	9	1	12	1	1	0	0	0	45	0	1
25	2	181528	1	9	1	3	4	1	1	0	0	25	0	0
23	0	131699	3	10	0	10	0	0	1	0	0	14	0	0
18	0	154089	0	7	0	10	3	1	0	0	0	20	0	0
41	0	247081	3	10	1	7	1	1	0	0	0	40	0	1
45	0	276839	3	10	5	10	2	1	0	0	0	40	0	0
37	0	166115	4	6	1	12	1	1	0	0	0	50	0	1
27	0	192936	7	13	0	8	2	1	1	0	0	30	0	0
50	0	247425	1	9	3	7	2	0	1	0	0	40	0	0
41	3	198196	5	15	1	5	1	1	0	15024	0	50	0	1
20	0	260254	1	9	0	6	0	1	0	0	0	40	0	0
60	0	176360	7	13	1	10	1	1	0	0	0	40	0	1
21	2	214731	3	10	0	3	0	1	1	0	0	40	0	0
23	0	107564	1	9	0	10	2	1	1	0	0	24	0	0
32	0	29312	1	9	1	12	1	1	0	0	0	40	0	0
62	0	190610	7	13	1	8	1	1	0	0	0	50	0	1
40	0	296858	3	10	1	10	1	1	0	5178	0	40	0	1
42	0	294431	7	13	1	8	1	1	0	0	0	60	0	1
34	0	259818	1	9	3	4	3	0	1	0	0	40	0	0
37	1	161111	1	9	5	4	3	1	1	0	0	10	0	0
42	2	85995	1	9	1	3	1	1	0	0	0	52	0	0
18	0	108501	3	10	0	6	0	1	0	0	0	25	0	0
27	0	135296	8	14	0	8	2	1	1	0	0	40	0	0
27	4	491607	3	10	1	7	1	0	0	0	0	32	0	0
61	3	170278	5	15	0	5	2	1	1	0	0	30	8	0
41	0	309932	0	7	1	6	1	1	0	0	0	40	0	0
46	1	117310	7	13	1	5	4	1	1	0	0	21	0	1
46	0	234289	8	14	1	8	1	1	0	0	0	60	0	0
45	4	199925	11	11	0	7	3	1	0	0	0	48	0	0
70	1	31540	1	9	2	4	2	1	1	0	0	20	0	0
46	0	202606	1	9	4	4	2	0	1	0	0	30	10	0
20	0	239577	3	10	0	13	0	1	0	0	0	40	0	0
36	0	110013	8	14	0	10	2	1	1	0	0	40	0	0
38	1	230054	3	10	1	1	1	1	0	0	0	40	0	0
27	0	203558	3	10	1	5	4	1	1	0	0	40	0	1
51	3	222883	7	13	1	10	1	0	0	0	0	55	0	0
39	0	61518	3	10	1	8	1	1	0	0	0	50	0	1
45	0	246891	11	11	1	5	1	1	0	0	1902	40	0	1
51	0	194995	8	14	1	8	1	1	0	0	0	50	0	1
52	0	207025	1	9	3	11	3	0	1	0	0	24	0	0
39	6	128715	1	9	1	8	1	1	0	0	0	45	0	1
30	0	180168	7	13	3	5	2	1	1	0	0	38	0	0
44	3	270495	3	10	1	4	4	1	1	0	0	50	0	0
44	0	191196	3	10	1	5	1	1	0	0	0	35	0	1
28	5	624572	1	9	0	7	0	0	1	0	0	40	0	0
43	0	488706	14	2	1	1	1	1	0	0	0	45	4	0
43	3	52131	5	15	1	5	1	1	0	0	1902	50	0	1
38	0	134635	1	9	1	10	1	1	0	0	0	45	0	0
41	0	197033	3	10	1	4	1	1	0	0	0	35	0	0
36	0	112576	7	13	0	5	2	1	1	0	0	40	0	0
32	0	134737	1	9	1	0	1	1	0	0	0	42	0	0
45	0	154237	1	9	3	13	3	0	1	0	0	40	0	0
30	0	103200	8	14	5	5	2	2	1	0	0	40	23	0
25	0	179599	12	5	0	0	2	1	1	0	0	38	0	0
57	2	274900	6	4	1	3	5	1	0	0	0	45	5	0
21	0	138580	13	8	0	0	2	0	1	0	0	40	0	0
43	1	187034	3	10	3	8	2	1	1	0	0	40	0	0
19	0	263568	4	6	0	13	0	1	0	594	0	35	0	0
21	0	142332	13	8	0	0	0	1	0	0	0	25	0	0
40	0	174090	11	11	0	10	3	1	1	4687	0	50	0	1
38	4	103323	7	13	1	2	1	1	0	0	0	55	0	1
24	0	108670	11	11	0	4	3	1	1	0	0	32	0	0
18	2	326640	1	9	0	3	0	1	1	0	0	20	0	0
54	0	99185	8	14	1	5	1	1	0	0	0	40	0	1
29	0	365328	3	10	1	10	4	1	1	0	0	40	0	0
19	4	53220	3	10	0	7	0	0	1	0	1602	20	0	0
22	0	369084	3	10	0	6	0	1	0	0	0	40	0	0
48	4	55377	1	9	1	12	1	0	0	0	0	55	32	1
64	0	271094	7	13	3	5	2	1	1	0	0	20	0	0
27	0	165014	3	10	1	10	0	3	1	0	0	11	4	0
40	1	284086	8	14	1	5	1	1	0	7688	0	40	0	1
47	4	186256	2	12	1	8	1	1	0	15024	0	40	0	1
19	0	84250	3	10	0	10	0	1	1	0	0	22	0	0
39	0	189404	7	13	1	9	1	1	0	0	0	40	0	1
34	0	152667	13	8	0	4	2	1	0	0	0	25	0	0
36	0	239755	7	13	1	8	1	1	0	0	0	50	0	1
44	0	271756	1	9	1	7	1	0	0	0	0	40	0	1
23	0	332657	3	10	0	4	2	1	1	0	0	25	0	0
36	0	141029	1	9	4	6	3	1	1	0	0	40	0	0
27	0	41281	8	14	0	5	2	1	0	0	0	65	0	0
41	4	27444	3	10	1	8	1	1	0	0	0	40	0	1
20	0	267945	3	10	0	10	0	1	1	0	0	15	0	0
30	0	177675	1	9	0	0	5	1	0	0	0	40	0	0
20	0	135716	1	9	0	13	0	1	0	0	0	44	0	0
40	0	91355	1	9	0	4	2	0	1	0	0	40	0	0
47	3	53292	2	12	2	5	3	1	1	0	0	35	0	0
51	0	256466	7	13	1	7	1	2	0	0	0	50	8	0
40	0	126701	11	11	3	10	2	1	0	13550	0	50	0	1
25	0	64671	14	2	0	4	2	2	1	0	0	40	8	0
50	7	123004	1	9	1	0	0	1	1	0	1887	40	0	1
26	0	167350	1	9	1	6	1	1	0	0	0	45	0	0
62	5	160062	1	9	1	12	1	1	0	0	0	44	0	0
34	0	35683	3	10	3	0	2	1	1	0	0	40	0	0
28	0	146565	1	9	0	7	2	1	1	0	0	35	0	0
37	3	168166	3	10	3	10	3	1	1	0	0	40	0	0
34	0	117779	3	10	3	7	3	1	1	2977	0	65	0	0
58	1	310085	1	9	1	4	1	1	0	0	0	40	0	1
26	0	262413	1	9	0	13	0	1	1	0	0	40	24	0
56	0	152874	7	13	3	5	3	0	1	0	1741	40	0	0
29	0	35314	3	10	3	7	3	1	1	0	0	20	0	0
37	0	32719	7	13	1	5	4	1	1	0	0	50	0	1
37	0	224566	1	9	1	6	1	1	0	0	0	40	0	0
20	0	190290	3	10	0	12	0	1	0	0	1602	40	0	0
26	0	331806	1	9	0	12	2	0	0	0	0	37	0	0
45	6	328610	3	10	1	8	1	1	0	0	0	55	0	1
20	0	221533	0	7	0	6	2	1	0	0	0	40	0	0
35	0	350169	1	9	3	0	3	1	1	0	0	38	16	0
29	0	125131	1	9	1	0	4	1	1	0	0	40	0	1
71	2	158437	10	3	1	3	1	1	0	0	0	40	35	0
37	0	180714	1	9	0	4	3	0	0	0	0	48	0	0
40	0	284086	12	5	3	12	2	1	0	0	0	30	0	0
33	0	119422	1	9	1	8	1	1	0	0	0	40	0	0
22	2	327060	1	9	0	3	3	0	0	0	0	8	0	0
32	0	171813	7	13	0	5	0	1	1	0	0	40	0	0
39	1	20308	7	13	1	5	1	1	0	0	0	40	0	1
17	2	45037	4	6	0	3	0	1	1	0	0	25	0	0
53	0	139157	10	3	1	0	1	1	0	0	0	40	0	0
33	0	228931	7	13	1	5	1	1	0	7298	0	40	0	1
60	0	220729	6	4	1	10	1	1	0	0	0	50	0	0
43	3	147230	7	13	1	8	1	1	0	0	0	60	0	0
29	0	79586	1	9	1	6	1	4	0	0	0	65	0	0
40	6	279914	5	15	1	5	1	1	0	0	2415	40	0	1
62	0	142769	3	10	1	2	1	1	0	0	0	40	0	0
30	0	226525	4	6	3	12	0	1	0	0	0	40	0	0
18	0	178759	3	10	0	10	0	1	1	0	0	15	0	0
49	0	106705	3	10	4	10	3	1	1	0	0	36	0	0
57	0	194161	1	9	1	12	1	1	0	0	0	42	24	1
37	0	225385	1	9	3	0	0	1	1	0	0	40	0	0
66	3	331960	1	9	1	6	1	1	0	0	0	20	0	0
50	0	156877	1	9	1	7	1	1	0	0	0	35	0	0
24	0	271354	1	9	1	4	1	1	0	0	0	40	0	0
31	0	33117	3	10	1	6	1	1	0	0	0	45	0	1
38	0	212437	2	12	0	4	3	0	1	0	0	30	0	0
37	0	121228	1	9	3	0	3	1	0	0	1726	50	0	0
62	3	142139	1	9	1	12	1	1	0	0	0	30	0	0
54	0	165001	1	9	1	8	1	1	0	0	0	48	0	1
56	1	294623	10	3	1	12	1	1	0	0	0	40	0	0
24	1	244413	1	9	0	7	0	0	0	0	0	35	5	0
29	0	146014	1	9	3	6	2	1	0	0	0	50	0	0
53	3	197014	1	9	0	6	2	1	0	0	0	35	0	0
56	3	169528	1	9	1	6	1	1	0	0	0	40	0	0
60	2	162397	3	10	1	3	1	1	0	0	0	2	0	0
38	3	154641	1	9	1	1	1	1	0	0	0	50	0	0
52	0	251585	4	6	1	12	1	1	0	0	0	55	0	0
28	0	46322	2	12	0	7	2	0	1	0	0	38	0	0
46	1	197042	3	10	1	8	4	1	1	0	0	50	0	0
43	0	111829	11	11	0	5	2	1	1	0	0	40	0	0
24	1	229005	3	10	0	7	2	0	1	0	0	40	0	0
64	0	298546	1	9	1	1	1	1	0	0	0	70	0	0
43	4	111483	11	11	1	5	1	1	0	3103	0	40	0	1
64	0	104973	1	9	1	7	1	1	0	0	0	45	0	1
40	0	383300	1	9	1	13	1	1	0	0	0	40	0	0
38	0	135162	14	2	5	7	2	1	0	0	0	40	1	0
36	0	87520	1	9	1	4	5	1	1	0	0	40	0	0
19	0	183258	1	9	0	6	0	1	0	0	0	40	0	0
19	0	206546	3	10	0	13	0	1	0	0	0	24	0	0
55	0	199212	3	10	1	7	4	1	1	5178	0	40	0	1
41	1	207685	8	14	1	5	1	1	0	0	0	61	0	1
36	0	213277	3	10	1	6	1	1	0	0	0	50	0	0
23	0	129980	3	10	0	13	5	1	0	0	0	40	0	0
28	0	118089	1	9	1	8	1	1	0	4386	0	45	0	1
34	3	236391	0	7	1	10	4	1	1	0	0	30	0	0
49	0	209057	7	13	1	10	1	1	0	0	0	60	0	1
47	0	98044	15	1	0	4	2	1	0	0	0	25	11	0
21	0	154192	1	9	1	13	1	1	0	0	0	40	0	0
36	0	48268	1	9	1	6	1	1	0	0	0	40	0	0
17	0	158762	4	6	0	7	0	1	1	0	0	16	0	0
22	0	87569	11	11	0	4	2	1	1	0	1762	40	0	0
33	2	274800	1	9	4	3	0	0	1	0	0	40	0	0
42	1	230684	2	12	1	8	1	1	0	0	1579	40	0	0
52	0	155496	1	9	0	7	5	1	1	0	0	40	0	0
37	0	22494	3	10	5	8	3	1	1	0	0	41	0	0
42	0	200610	1	9	1	6	1	1	0	0	1740	60	0	0
48	5	54985	7	13	1	5	1	1	0	0	0	40	0	0
46	0	207807	4	6	1	0	4	0	1	0	0	30	0	0
18	0	294263	1	9	0	10	2	1	1	0	0	9	0	0
23	0	204226	3	10	0	7	2	1	1	0	0	40	0	0
90	1	188242	1	9	0	6	0	1	0	11678	0	40	0	1
47	0	20956	1	9	1	6	1	1	0	0	0	40	0	1
40	0	55567	7	13	1	5	4	1	1	0	0	40	0	1
23	5	251325	3	10	0	10	2	2	1	0	0	8	1	0
33	3	75417	1	9	4	4	3	1	1	0	0	8	0	0
36	1	185556	7	13	1	5	1	1	0	0	0	35	0	1
38	0	96732	12	5	1	1	1	1	0	0	0	60	4	0
31	0	323985	1	9	1	8	4	1	1	0	0	40	0	1
52	4	198186	4	6	4	7	3	0	1	0	0	40	0	0
21	0	147884	3	10	1	7	5	1	1	0	0	40	0	0
35	0	285000	7	13	0	5	2	1	0	0	0	45	0	0
54	0	91882	1	9	1	6	1	1	0	0	0	43	0	0
37	0	196434	3	10	1	10	1	1	0	0	0	40	0	1
52	0	191968	1	9	0	7	2	1	1	0	0	40	0	0
42	0	222756	7	13	3	5	3	1	0	7430	0	40	0	1
34	0	66384	3	10	0	5	0	1	0	0	0	35	0	0
46	0	165937	1	9	1	6	1	1	0	0	0	40	0	1
56	0	243076	3	10	0	6	3	1	0	0	0	40	0	0
36	3	193026	1	9	0	1	2	1	0	0	0	60	0	0
39	5	126894	9	16	0	5	2	0	1	0	0	30	0	0
24	0	214399	7	13	0	5	0	1	1	0	0	55	0	0
70	2	98979	3	10	1	3	1	0	0	0	0	20	0	1
29	0	191177	1	9	1	7	4	1	1	0	0	18	0	0
27	0	420351	1	9	0	7	2	1	0	0	0	45	0	0
53	0	159849	3	10	3	7	2	1	1	0	0	35	0	0
36	0	128392	7	13	3	8	2	1	0	4787	0	40	0	1
27	0	130492	0	7	3	6	3	3	0	0	0	35	0	0
48	0	59380	3	10	0	5	3	1	1	0	0	45	0	0
59	1	130532	7	13	3	7	2	1	1	0	0	45	0	0
29	0	535740	1	9	0	6	3	0	0	0	0	40	0	0
21	0	186452	3	10	0	4	0	1	0	0	0	35	0	0
29	0	276418	1	9	1	0	4	0	1	0	2051	32	0	0
19	2	383715	3	10	0	3	2	1	1	0	0	25	0	0
32	0	418617	7	13	0	10	2	1	0	0	0	55	11	0
23	0	607118	1	9	0	4	0	0	0	0	0	36	0	0
42	6	230592	7	13	1	10	1	1	0	0	0	50	0	0
68	1	212932	4	6	1	4	1	0	0	0	0	20	0	0
51	3	321865	3	10	1	4	1	1	0	0	0	99	0	0
36	0	240755	12	5	1	13	1	1	0	0	0	60	0	0
25	0	167571	3	10	0	4	0	1	1	0	0	25	0	0
70	3	165586	1	9	1	1	1	1	0	0	0	40	0	0
29	3	132267	2	12	1	9	1	1	0	0	0	60	0	0
53	0	308082	15	1	0	4	2	1	1	0	0	15	11	0
31	3	402812	1	9	1	6	1	1	0	7298	0	45	0	1
25	1	136357	1	9	1	6	1	1	0	0	0	40	0	0
17	0	117549	0	7	0	10	0	0	1	0	0	35	0	0
41	0	482677	4	6	1	7	4	1	1	0	0	30	0	0
72	3	112658	1	9	1	1	1	1	0	2653	0	42	0	0
34	0	120461	1	9	3	8	2	1	1	0	0	40	0	0
48	0	83444	8	14	1	5	1	1	0	7298	0	55	0	1
34	0	93699	1	9	4	10	3	1	1	0	0	50	0	0
45	0	174794	3	10	3	11	2	1	1	0	0	29	0	0
22	0	157332	1	9	0	7	2	1	1	0	0	35	0	0
20	0	420973	3	10	0	7	0	1	1	0	0	20	0	0
30	0	176471	1	9	3	4	3	1	1	0	0	38	0	0
31	0	113708	1	9	1	0	1	1	0	0	0	40	0	0
21	5	82497	3	10	0	7	0	1	1	0	0	20	0	0
32	0	169512	7	13	1	10	1	0	0	0	0	60	0	1
44	0	157765	1	9	3	0	2	1	1	0	0	40	0	0
48	0	277946	1	9	1	6	1	1	0	0	0	40	0	0
21	2	195808	0	7	0	3	0	1	0	0	0	15	0	0
50	0	57852	9	16	1	5	1	1	0	0	0	55	0	1
46	0	99699	7	13	4	5	2	0	1	0	1876	40	0	0
32	0	296466	11	11	1	6	1	1	0	0	0	40	0	1
44	6	248476	3	10	1	10	1	1	0	0	0	45	0	1
43	0	409902	1	9	0	4	2	0	1	0	0	96	0	0
19	2	187161	1	9	1	3	0	1	1	0	0	20	0	0
36	1	220237	7	13	1	2	1	1	0	0	1977	40	0	1
21	0	303187	3	10	0	13	0	2	0	0	0	40	8	0
38	0	285890	7	13	1	9	1	0	0	0	0	55	0	1
38	6	63322	7	13	0	8	2	1	0	0	0	60	0	0
56	3	159937	1	9	1	8	1	4	0	0	0	30	0	1
28	0	208725	5	15	1	5	1	1	0	0	0	50	0	1
41	0	325159	7	13	1	7	1	1	0	0	0	50	0	0
56	0	89698	1	9	2	7	2	0	1	0	0	40	0	0
32	0	399088	7	13	0	8	2	1	1	0	0	45	0	0
35	0	134922	1	9	3	0	3	1	1	0	0	50	0	0
22	0	245866	3	10	0	6	2	1	0	0	0	40	0	0
37	0	406328	7	13	1	7	1	0	0	0	0	50	0	1
72	3	203523	5	15	1	8	1	1	0	0	0	10	0	0
30	0	272432	1	9	0	9	3	1	1	0	0	40	0	0
30	5	182271	1	9	3	2	2	1	0	0	0	40	0	0
50	0	193746	1	9	1	8	1	1	0	0	0	60	0	0
49	3	203505	1	9	3	10	2	1	1	0	0	30	0	0
41	0	118484	3	10	4	10	2	1	0	0	0	40	0	0
25	0	391591	1	9	0	6	2	1	0	0	0	50	0	0
29	0	30069	3	10	0	7	0	1	1	0	0	50	0	0
38	0	179731	3	10	1	8	4	1	1	0	0	52	0	0
34	0	128016	8	14	3	8	2	1	1	2202	0	40	0	0
38	0	139473	1	9	1	6	1	1	0	0	0	50	0	0
26	5	130302	7	13	1	6	1	1	0	0	0	40	0	0
23	0	250630	7	13	0	10	2	1	1	0	0	40	0	0
24	1	115222	8	14	0	5	2	1	0	10520	0	40	0	1
19	0	198700	3	10	0	0	0	0	0	0	0	20	0	0
23	0	394191	1	9	0	6	5	1	0	0	0	40	0	0
78	0	163140	1	9	2	4	2	1	1	0	0	12	0	0
26	0	243786	7	13	0	4	2	1	1	0	0	38	0	0
42	5	248406	8	14	1	5	1	1	0	0	0	38	0	1
20	2	33860	3	10	0	3	2	4	1	0	0	28	0	0
45	0	138342	1	9	1	6	1	1	0	0	0	84	0	0
41	0	115254	3	10	3	0	3	0	1	0	0	40	0	0
55	0	173504	3	10	1	4	1	1	0	0	0	50	0	1
17	0	89259	0	7	0	7	0	1	1	0	0	15	0	0
30	5	152940	8	14	0	5	3	1	0	0	0	40	0	0
27	0	58124	7	13	0	5	2	0	1	0	0	40	0	0
40	0	201908	11	11	1	8	1	1	0	0	0	40	0	1
39	0	156780	1	9	5	4	5	2	1	0	0	40	1	0
26	0	152924	3	10	1	7	4	1	1	0	0	40	0	0
31	0	115963	0	7	1	0	1	1	0	0	0	40	0	0
29	0	375313	3	10	0	6	2	2	0	0	0	45	8	0
46	1	126754	7	13	1	6	1	1	0	0	0	50	0	1
35	5	223725	2	12	1	5	1	1	0	0	0	65	0	0
38	0	298871	1	9	1	12	1	2	0	0	0	40	27	0
25	1	306352	1	9	1	2	1	1	0	0	1902	40	4	1
45	0	166879	0	7	3	6	2	1	0	0	0	40	0	0
22	2	125040	3	10	0	3	0	1	0	0	0	40	0	0
27	3	198493	1	9	1	5	1	1	0	0	0	60	0	0
44	0	86298	7	13	0	5	2	1	0	0	0	45	0	0
40	0	249039	1	9	3	7	2	1	1	0	0	40	0	0
27	0	217200	3	10	0	7	2	1	0	0	0	40	0	0
30	0	145139	1	9	0	6	2	1	0	0	0	45	0	0
24	1	146343	1	9	0	2	2	1	0	0	0	40	0	0
35	0	102976	1	9	3	8	2	1	0	0	0	50	0	0
50	1	24013	8	14	1	8	1	1	0	0	0	55	0	1
54	0	162745	1	9	1	6	1	1	0	0	0	55	0	1
55	0	128045	1	9	1	4	1	1	0	0	0	40	0	0
43	0	245937	3	10	1	5	1	1	0	0	0	65	0	0
34	0	426431	3	10	1	6	1	1	0	0	0	48	0	1
41	0	409902	4	6	4	4	3	0	1	0	0	33	0	0
43	0	580591	14	2	5	1	2	1	0	0	0	28	4	0
76	3	130585	3	10	1	4	4	1	1	0	0	12	0	0
24	0	201145	1	9	0	6	2	1	0	0	0	65	0	0
51	0	196107	3	10	1	1	1	1	0	0	0	60	0	0
55	0	178353	12	5	3	0	2	1	0	10520	0	60	0	1
23	0	195508	3	10	0	13	0	1	0	0	0	20	0	0
23	0	224716	3	10	0	10	2	1	0	0	0	35	0	0
18	2	280901	1	9	0	3	0	1	1	0	0	15	0	0
43	0	169076	1	9	1	0	1	0	0	0	0	40	0	0
39	0	141584	3	10	1	9	1	1	0	0	0	50	0	0
57	3	253267	10	3	4	4	3	1	1	0	0	35	22	0
27	0	203776	3	10	1	10	1	1	0	0	0	45	0	0
54	1	449172	7	13	3	8	2	0	0	0	0	40	0	0
37	0	174329	3	10	0	4	0	1	0	0	0	20	0	0
44	0	91674	8	14	1	8	1	1	0	0	0	50	0	1
62	0	202958	3	10	1	0	1	1	0	0	0	40	0	0
40	0	205680	8	14	1	8	1	1	0	0	0	50	0	0
29	0	193932	1	9	0	12	2	1	0	0	0	40	0	0
26	0	177635	13	8	5	12	3	1	0	0	0	40	4	0
65	2	180422	2	12	0	3	2	1	0	6723	0	38	0	0
18	0	231335	1	9	0	10	2	1	0	0	0	40	0	0
46	0	141058	1	9	1	6	1	1	0	7298	0	40	0	1
20	4	114365	1	9	0	7	0	1	1	0	0	40	0	0
23	1	212856	2	12	0	2	0	0	1	0	0	35	0	0
23	0	64292	3	10	0	7	2	1	1	0	0	40	0	0
58	3	96609	3	10	3	10	2	1	1	0	0	40	0	0
40	2	438427	2	12	4	3	3	0	1	0	0	55	0	0
62	2	144026	1	9	1	3	4	1	1	0	0	40	0	0
21	0	105997	1	9	0	4	5	1	1	0	0	20	0	0
47	1	154430	8	14	1	5	4	1	1	0	0	40	0	1
19	0	162954	1	9	0	10	0	1	1	0	0	30	0	0
21	0	94826	10	3	0	6	0	1	0	0	0	40	3	0
27	0	54897	1	9	1	13	1	1	0	0	0	40	0	0
38	3	135020	3	10	0	6	0	1	0	0	0	60	0	0
40	3	367819	7	13	1	8	1	1	0	0	1977	40	0	1
22	0	225531	1	9	0	4	0	1	0	0	2205	40	0	0
49	0	165937	1	9	1	4	1	1	0	0	0	40	0	0
21	0	131230	3	10	0	9	0	1	0	0	0	30	0	0
38	0	95647	1	9	0	7	0	2	0	0	0	30	0	0
66	0	115880	7	13	1	5	1	1	0	10605	0	40	0	1
37	0	262278	11	11	1	8	1	0	0	15024	0	45	0	1
38	0	126755	6	4	1	12	1	1	0	0	0	45	0	0
47	1	150211	9	16	1	8	1	1	0	0	0	40	0	1
47	0	188694	8	14	1	5	1	1	0	15024	0	45	0	1
53	6	59840	3	10	1	8	1	1	0	0	0	60	0	0
36	0	144752	1	9	1	6	1	4	0	0	0	48	0	0
63	0	192042	1	9	1	8	0	0	1	0	0	40	0	0
46	0	230806	3	10	0	8	2	1	1	0	0	40	0	0
28	0	364946	8	14	0	5	2	1	0	0	0	50	0	0
40	0	133986	4	6	4	12	3	1	1	0	0	70	0	0
21	2	201418	3	10	0	3	0	1	0	0	0	30	0	0
31	0	236543	10	3	1	13	1	1	0	0	0	40	4	0
45	0	238386	11	11	1	0	1	1	0	0	0	40	0	1
50	1	96062	8	14	1	5	1	1	0	0	0	70	0	1
41	0	202565	1	9	1	7	1	1	0	0	0	40	0	1
46	0	194063	0	7	1	0	1	1	0	0	0	40	0	0
62	3	243733	8	14	1	5	1	1	0	7298	0	70	0	1
20	0	403519	1	9	0	4	2	1	0	0	1719	33	0	0
48	5	104353	1	9	1	6	4	0	1	0	0	40	0	1
23	0	239539	1	9	0	0	0	2	0	0	0	40	8	0
36	0	104089	11	11	0	1	0	1	0	0	0	40	0	0
33	1	93585	8	14	0	5	2	1	1	0	0	40	0	0
43	0	139277	1	9	2	6	3	1	1	0	0	40	24	0
22	0	124971	1	9	0	6	2	1	0	0	0	45	0	0
50	0	82566	8	14	1	9	1	1	0	0	0	45	0	1
22	0	145964	7	13	0	10	0	1	0	0	0	15	0	0
32	4	177855	1	9	1	6	1	1	0	0	0	55	0	1
18	0	263656	0	7	0	10	0	0	0	0	0	25	0	0
40	0	199191	8	14	3	8	2	1	1	0	0	50	21	1
39	0	212840	7	13	3	5	3	0	1	0	0	40	0	0
56	0	191330	3	10	1	6	1	1	0	0	0	40	0	1
50	6	193720	1	9	1	8	1	1	0	0	0	70	37	1
39	6	172927	2	12	1	5	1	1	0	15024	0	50	0	1
33	0	51185	3	10	1	6	1	1	0	0	0	40	0	0
30	0	186145	7	13	3	10	2	1	1	0	0	40	0	0
45	3	181307	9	16	4	5	2	1	0	0	1408	40	0	0
20	0	180052	3	10	0	4	0	1	0	0	0	22	0	0
24	2	61791	12	5	1	3	4	1	1	0	0	40	0	0
44	3	52505	3	10	1	1	1	1	0	0	0	99	0	0
36	0	48976	7	13	1	10	4	1	1	0	0	40	0	1
37	0	281012	1	9	1	6	4	2	1	0	0	40	27	1
33	0	156464	1	9	3	6	2	1	0	0	0	40	0	0
71	1	94358	1	9	1	4	1	1	0	0	0	6	0	0
44	4	296858	8	14	1	14	1	1	0	0	0	40	0	1
46	0	84790	1	9	1	0	1	1	0	0	0	40	0	1
43	0	177054	1	9	1	12	1	1	0	0	0	60	0	0
38	1	131239	1	9	0	4	0	1	0	0	0	20	0	0
30	4	49398	7	13	1	5	1	1	0	0	0	40	0	1
44	0	27242	2	12	1	6	1	1	0	0	0	40	8	0
41	1	113324	2	12	1	7	1	1	0	0	0	40	0	0
33	0	295591	15	1	0	1	2	1	0	0	0	40	4	0
61	0	48549	3	10	0	8	2	1	0	0	0	38	0	1
45	1	384627	8	14	1	5	4	1	1	2580	0	18	0	0
25	0	266062	5	15	0	5	2	1	0	0	0	65	0	0
26	5	208117	7	13	0	5	0	1	0	0	0	38	0	0
23	0	315476	1	9	0	12	0	1	0	0	0	30	0	0
35	0	20308	3	10	4	10	2	1	0	0	0	40	0	0
60	0	169204	1	9	1	8	1	1	0	0	0	50	0	0
35	0	319831	1	9	3	6	2	1	0	0	0	60	0	0
32	0	80356	7	13	1	9	1	1	0	0	0	50	0	0
26	0	313473	3	10	0	4	2	1	0	0	0	30	0	0
31	0	209529	0	7	1	7	1	1	0	0	0	40	12	0
24	0	214956	0	7	0	8	2	1	0	0	0	45	0	0
31	0	557853	7	13	1	5	1	1	0	5013	0	32	0	0
49	0	78529	7	13	1	10	1	1	0	0	0	60	0	0
37	0	446390	3	10	1	0	4	1	1	0	0	40	0	1
43	1	256253	7	13	1	5	1	1	0	0	0	55	0	1
31	0	61898	3	10	1	5	4	1	1	0	0	40	0	1
34	0	181152	1	9	1	7	4	0	1	0	0	35	0	0
34	0	90409	3	10	0	4	0	1	0	0	0	40	0	0
35	6	237713	5	15	1	5	1	1	0	0	0	50	0	1
29	0	176727	3	10	0	6	2	1	0	0	0	38	0	0
26	0	285367	11	11	0	7	0	1	0	4416	0	28	0	0
36	0	135293	8	14	4	8	2	1	1	0	0	50	0	0
39	2	105044	1	9	1	3	1	1	0	7298	0	40	0	1
48	5	98010	8	14	1	5	4	1	1	0	0	16	0	1
56	0	162301	1	9	2	7	3	1	1	0	0	40	0	0
65	6	103824	8	14	1	8	1	1	0	0	0	40	0	1
28	0	115677	7	13	1	10	1	1	0	7688	0	40	0	1
48	1	319079	7	13	3	7	3	1	1	0	0	30	0	0
64	0	134912	1	9	1	8	1	1	0	0	0	12	0	0
31	0	35985	1	9	1	6	1	1	0	0	0	40	0	0
44	0	245317	1	9	1	12	1	1	0	0	0	40	0	0
34	0	35743	7	13	1	8	1	1	0	0	0	40	0	1
54	0	231004	3	10	3	7	2	1	1	0	0	37	0	0
51	0	237295	3	10	3	4	2	1	1	0	0	40	0	0
38	0	43311	10	3	1	4	4	1	1	0	0	40	11	0
18	0	154583	0	7	0	10	0	1	1	0	0	16	0	0
64	0	278515	1	9	3	7	3	0	1	0	0	40	0	0
26	0	266062	3	10	0	8	2	1	0	0	0	60	0	0
36	3	172425	7	13	1	8	4	1	1	0	0	25	0	1
46	3	102388	2	12	1	8	1	1	0	0	0	60	0	0
48	0	195554	3	10	1	0	1	1	0	7298	0	40	0	1
32	0	265368	7	13	1	8	4	1	1	0	1902	44	0	1
19	0	100669	11	11	0	6	0	2	0	0	0	20	0	0
45	0	233511	2	12	1	8	1	1	0	0	0	40	0	1
42	6	223566	5	15	0	8	2	1	0	0	0	15	0	0
22	0	95552	1	9	0	0	0	1	0	0	0	40	0	0
27	0	159676	1	9	3	12	5	1	0	0	0	40	0	0
19	2	80978	1	9	0	3	0	1	1	0	0	25	0	0
48	0	70584	1	9	1	0	1	1	0	0	0	40	0	0
29	0	153475	0	7	3	0	3	1	1	0	0	40	0	0
47	3	104489	7	13	1	10	1	1	0	0	0	40	0	1
54	0	146325	7	13	1	7	1	1	0	0	0	40	0	1
39	3	246900	7	13	1	10	1	1	0	0	0	60	0	0
35	0	187589	11	11	1	6	1	1	0	0	0	40	0	0
46	3	65535	7	13	1	1	1	1	0	0	0	60	0	0
50	0	38540	1	9	1	8	1	1	0	0	0	40	0	0
46	0	191389	10	3	1	7	4	1	1	0	0	40	24	0
19	0	231492	1	9	0	0	0	1	0	0	0	60	0	0
32	0	130007	4	6	3	10	0	1	1	0	0	35	0	0
64	6	487751	7	13	1	8	1	1	0	0	0	50	0	0
33	0	52240	3	10	0	10	2	0	1	0	0	40	0	0
65	3	172906	2	12	2	5	2	1	1	0	0	50	0	1
47	0	158685	13	8	3	4	2	1	1	0	0	48	0	0
33	0	307693	1	9	0	7	2	0	1	0	0	30	0	0
40	0	202922	3	10	1	7	1	1	0	0	0	40	0	0
61	1	119563	1	9	5	4	2	1	1	0	0	25	0	0
30	0	161444	11	11	1	13	1	1	0	0	0	38	0	0
27	0	82242	7	13	0	8	5	1	0	0	0	45	7	0
68	0	357233	1	9	2	13	5	1	1	0	0	10	0	0
31	0	177596	3	10	0	7	2	1	1	0	0	40	12	0
27	0	209085	1	9	0	10	5	1	0	0	0	45	0	0
35	0	241306	3	10	0	10	2	1	0	0	0	50	0	0
32	0	19447	1	9	1	10	4	1	1	0	0	40	0	0
48	0	195104	1	9	1	10	1	1	0	0	0	60	0	0
22	0	109456	3	10	0	13	0	1	0	0	0	32	0	0
68	0	34887	1	9	2	11	2	1	1	0	0	6	0	0
55	0	202435	7	13	3	7	2	1	1	0	0	40	0	0
49	0	191821	3	10	3	7	3	1	1	0	0	32	0	0
49	3	228372	7	13	1	10	1	1	0	0	1977	60	0	1
37	0	78374	1	9	1	7	4	2	1	0	0	38	16	0
58	0	129786	1	9	1	0	1	1	0	0	0	40	0	0
23	0	410439	1	9	3	5	0	1	0	0	0	20	0	0
35	6	152307	1	9	1	6	1	1	0	0	1485	40	0	0
42	0	33895	7	13	3	7	2	1	1	0	0	40	0	0
20	0	178390	3	10	0	4	0	1	0	0	0	30	0	0
63	0	114011	0	7	3	4	2	1	1	0	0	40	0	0
23	0	157839	2	12	0	5	2	1	1	0	0	35	0	0
30	4	97355	3	10	4	5	2	1	1	0	0	40	0	0
40	0	369781	1	9	1	13	1	1	0	15024	0	45	0	1
22	0	225515	7	13	1	5	4	1	1	0	0	40	0	0
21	0	138513	3	10	0	8	0	1	0	0	0	25	0	0
72	3	138248	0	7	1	6	1	1	0	0	0	20	0	0
28	3	149141	3	10	1	6	1	1	0	0	0	45	0	1
36	4	233955	7	13	1	8	1	4	0	0	0	40	0	0
40	4	150533	7	13	1	7	1	1	0	0	1977	40	0	1
53	0	233369	1	9	1	7	4	1	1	0	0	40	0	0
22	0	188779	3	10	0	10	0	0	1	0	0	16	0	0
53	0	287927	1	9	3	10	2	1	1	0	0	60	21	0
20	2	96483	3	10	0	3	0	2	1	0	0	8	0	0
39	0	165215	7	13	0	10	2	1	1	0	0	15	19	0
32	0	107142	11	11	1	6	1	1	0	5013	0	50	0	0
48	0	82008	1	9	1	12	1	1	0	0	0	50	0	0
25	0	116044	1	9	0	9	2	1	0	0	0	40	0	0
58	0	160101	1	9	3	7	2	1	0	0	0	55	0	0
41	0	356934	3	10	1	9	1	1	0	0	0	45	0	1
36	0	204527	1	9	0	6	3	1	0	1506	0	40	0	0
36	0	276276	3	10	3	10	2	1	0	0	0	40	0	0
28	0	110408	1	9	1	10	1	1	0	0	0	45	0	0
37	0	187022	7	13	0	7	2	1	0	0	0	40	0	0
35	0	117528	7	13	0	9	2	1	1	0	0	40	0	0
50	0	180439	3	10	1	4	1	1	0	0	0	33	0	0
47	0	185870	7	13	1	10	1	1	0	0	0	60	0	0
21	0	290504	3	10	0	4	3	1	0	0	0	40	0	0
49	0	162264	1	9	0	0	2	0	0	0	0	40	0	0
38	0	253716	1	9	3	6	2	1	0	0	0	40	0	0
28	5	190525	8	14	0	5	2	1	0	0	0	50	0	0
29	0	283227	7	13	0	5	2	1	0	0	0	40	0	0
31	0	375221	0	7	0	12	2	0	0	0	0	35	0	0
30	0	194971	1	9	1	4	1	2	0	0	0	52	27	0
30	0	198091	1	9	0	6	2	1	0	0	0	44	0	0
30	0	224462	0	7	1	12	1	1	0	0	0	50	0	0
38	0	198751	1	9	3	13	2	2	0	0	0	40	13	0
27	0	221166	7	13	1	8	1	1	0	0	0	45	0	0
54	1	277777	7	13	1	5	4	1	1	3103	0	40	0	1
32	1	247156	1	9	1	4	1	0	0	3103	0	38	0	1
23	0	61777	7	13	1	10	1	1	0	2580	0	40	0	0
62	0	67928	14	2	1	13	1	1	0	0	0	40	4	0
20	0	204596	3	10	0	10	0	1	1	0	0	32	0	0
23	0	27881	3	10	0	1	2	1	0	0	0	66	0	0
48	0	332884	2	12	3	6	2	1	0	0	0	40	0	0
60	0	178551	3	10	1	4	1	1	0	0	0	26	0	0
22	0	215917	1	9	1	6	1	4	0	0	0	40	0	0
56	0	284701	7	13	1	7	4	1	1	0	0	40	0	1
63	0	286990	3	10	1	10	1	1	0	0	0	50	0	1
73	0	366204	6	4	2	11	3	0	1	1264	0	10	0	0
22	0	163519	7	13	0	10	0	1	1	0	0	40	0	0
51	0	123780	1	9	3	0	3	1	1	0	0	40	0	0
39	0	108140	1	9	1	10	1	1	0	0	0	40	0	0
31	4	469263	1	9	3	6	3	0	0	0	0	50	0	0
52	0	216558	3	10	4	6	5	2	0	0	0	40	8	0
46	0	149218	7	13	1	10	1	1	0	0	0	40	0	1
32	0	113453	7	13	1	7	4	1	1	0	0	24	0	1
46	0	23545	1	9	3	2	2	1	0	0	0	40	0	0
46	0	409443	10	3	1	13	1	1	0	0	0	25	4	0
29	1	152744	8	14	0	5	5	2	1	1506	0	40	0	0
33	0	166543	6	4	1	0	1	0	0	0	0	40	0	0
23	0	224217	0	7	0	12	2	1	0	0	0	40	12	0
41	5	244522	1	9	3	2	3	1	0	0	0	55	0	0
50	0	148121	3	10	2	8	3	2	1	0	0	40	0	0
69	0	295425	2	12	1	8	1	1	0	0	0	24	0	0
30	3	255424	5	15	1	5	1	1	0	0	0	55	0	0
21	0	97214	1	9	0	7	0	1	1	0	0	35	0	0
29	1	158703	3	10	1	4	1	1	0	0	0	40	0	0
43	2	478972	1	9	1	3	1	1	0	0	0	50	0	0
44	0	180383	3	10	1	13	1	1	0	0	0	60	0	0
33	0	159123	3	10	1	7	1	1	0	0	0	40	0	1
51	0	231230	1	9	1	0	1	1	0	0	0	45	0	0
25	0	134232	7	13	0	4	0	1	1	0	0	20	0	0
23	0	90729	0	7	0	0	3	3	0	0	0	40	0	0
36	0	275338	7	13	1	8	4	1	1	0	0	40	0	1
23	0	410446	1	9	0	6	0	1	0	0	0	40	0	0
28	0	120475	1	9	0	6	2	1	0	0	0	35	0	0
39	4	127048	3	10	0	8	3	1	1	0	0	40	0	0
60	5	113544	7	13	1	8	1	1	0	0	0	50	0	1
34	6	233727	7	13	1	8	1	1	0	0	0	50	0	1
62	3	210064	3	10	2	5	3	1	0	0	0	20	0	0
53	0	77462	3	10	4	5	2	1	0	0	0	60	0	0
25	0	108001	3	10	1	13	1	1	0	0	0	45	0	0
36	0	379522	1	9	1	6	1	1	0	15024	0	40	0	1
29	5	51461	2	12	0	9	2	1	0	0	0	45	0	0
31	0	147270	3	10	0	7	0	1	1	0	0	35	0	0
44	0	118212	4	6	1	0	1	1	0	0	0	40	0	0
49	0	189792	8	14	1	5	1	1	0	0	0	60	0	0
58	0	225623	3	10	1	4	1	1	0	0	0	40	1	0
38	0	248445	10	3	1	0	1	1	0	0	0	40	4	0
39	0	218490	5	15	1	5	1	1	0	15024	0	60	0	1
22	2	379883	3	10	0	3	0	1	1	0	0	40	0	0
38	6	312232	7	13	1	10	1	1	0	0	0	55	0	1
47	0	234470	2	12	2	7	3	0	1	0	0	40	0	0
19	0	389942	1	9	0	6	2	1	0	0	0	40	0	0
38	0	79483	1	9	3	7	2	1	1	0	0	45	0	0
39	0	389279	11	11	3	8	3	1	1	0	0	40	0	0
50	3	107581	1	9	1	10	1	1	0	0	0	50	0	0
38	0	176458	1	9	3	4	3	1	1	0	0	35	0	0
19	0	70505	3	10	0	4	2	1	1	0	0	20	0	0
51	1	259646	8	14	3	8	3	1	1	0	0	40	0	0
40	0	235743	2	12	3	8	3	1	0	0	0	45	0	0
35	0	177449	7	13	1	10	1	1	0	0	1887	52	0	1
28	0	103432	1	9	0	12	0	1	0	0	0	45	26	1
47	0	347088	10	3	4	4	3	1	1	0	0	40	0	0
51	3	275924	7	13	1	8	1	1	0	99999	0	50	4	1
34	0	162113	3	10	1	8	4	1	1	0	0	48	0	1
17	0	147497	10	3	0	10	0	1	1	0	0	20	0	0
33	3	37232	11	11	3	6	2	1	0	10520	0	80	0	1
33	0	441949	3	10	0	13	0	1	0	0	0	24	0	0
30	0	285855	12	5	1	6	1	1	0	0	0	40	0	0
49	0	103123	7	13	1	13	1	1	0	0	0	40	0	1
46	0	207076	8	14	0	7	2	1	0	0	0	60	0	0
38	3	36270	1	9	5	1	3	1	0	0	0	60	0	0
43	0	206927	7	13	1	10	1	1	0	15024	0	50	0	1
32	0	236415	1	9	0	7	2	1	1	0	0	40	0	0
26	0	108035	1	9	0	8	2	1	1	0	0	40	0	0
21	0	225395	3	10	0	5	0	1	1	0	0	24	0	0
28	5	140239	1	9	4	4	0	1	1	0	0	11	0	0
36	0	338033	3	10	3	10	3	1	1	0	0	40	0	0
55	0	314164	5	15	1	5	1	1	0	0	0	40	0	1
56	0	337065	6	4	3	1	5	1	0	0	0	40	0	0
33	5	340899	9	16	1	9	1	1	0	0	0	45	0	1
49	0	102096	12	5	1	13	1	1	0	3781	0	40	0	0
47	0	31141	8	14	1	9	1	1	0	0	0	40	0	1
62	0	312818	7	13	1	8	1	1	0	0	1902	1	0	1
42	1	270147	8	14	0	5	2	1	1	0	0	40	0	0
41	0	97279	1	9	1	12	1	1	0	0	0	50	0	0
31	0	247328	10	3	0	12	2	1	0	0	0	30	11	0
48	3	31267	1	9	1	4	1	1	0	3411	0	70	0	0
32	0	220066	3	10	0	10	2	1	1	0	0	40	0	0
19	3	159269	1	9	0	4	0	1	0	0	0	53	34	0
47	0	155107	1	9	1	9	1	1	0	0	0	40	0	0
24	1	354351	1	9	1	6	1	1	0	0	0	60	0	1
18	0	129053	0	7	0	4	0	1	0	0	0	28	0	0
58	0	255822	6	4	1	13	1	1	0	0	0	40	0	0
49	0	192323	1	9	1	6	1	1	0	0	0	40	0	1
31	0	176244	1	9	1	7	4	1	1	0	0	35	0	0
23	0	223019	3	10	1	7	4	1	1	0	0	40	0	0
32	0	243243	1	9	1	7	1	1	0	0	0	77	0	0
22	5	194630	3	10	0	5	0	1	0	0	0	10	0	0
51	6	98980	1	9	5	8	2	1	0	0	0	99	0	1
39	0	223792	1	9	1	13	1	1	0	0	0	72	0	0
31	0	415706	4	6	4	4	3	1	1	0	0	40	0	0
38	1	68781	3	10	1	2	1	1	0	0	0	40	0	0
68	6	113718	0	7	1	10	1	1	0	0	1258	40	0	0
37	1	152587	3	10	0	6	2	1	0	0	0	40	0	0
25	5	120268	3	10	1	6	0	1	0	0	0	50	0	1
37	0	52870	7	13	1	8	1	1	0	0	0	40	0	0
55	1	193895	1	9	3	7	3	1	1	0	0	38	0	0
32	0	239662	1	9	1	6	1	0	0	0	1579	36	0	0
51	1	201040	8	14	1	5	1	1	0	0	0	40	4	1
36	5	25806	9	16	1	5	1	2	0	0	0	40	27	0
46	0	130667	1	9	1	12	1	0	0	0	0	40	0	0
55	0	141807	9	16	1	8	1	1	0	0	0	40	0	1
51	5	108037	9	16	3	8	2	1	1	0	0	40	0	0
50	1	129311	1	9	1	12	1	1	0	0	0	40	0	0
47	0	149218	1	9	1	8	1	1	0	0	0	65	0	0
42	0	337276	3	10	1	12	1	1	0	0	0	40	0	1
48	1	24366	11	11	1	2	1	4	0	0	0	40	0	0
61	2	149855	6	4	1	3	1	1	0	0	2057	70	0	0
35	6	49020	2	12	0	1	0	1	0	0	0	35	0	0
36	0	165007	1	9	0	5	2	1	0	0	0	40	0	0
31	0	83413	1	9	0	10	0	1	0	0	0	40	0	0
45	0	103331	3	10	1	4	1	1	0	15024	0	44	0	1
56	0	142689	0	7	3	10	2	1	0	0	0	50	0	0
36	0	398575	3	10	0	9	3	1	1	0	0	40	0	0
26	0	166301	7	13	0	9	2	1	0	0	0	40	0	0
37	0	53703	7	13	0	6	2	1	0	0	0	40	0	0
38	0	274907	2	12	0	5	2	1	0	0	0	35	0	0
34	0	226525	1	9	0	1	2	1	0	0	0	40	0	0
29	0	36440	7	13	0	7	2	1	1	0	0	40	0	0
37	0	81965	3	10	3	4	3	1	1	0	0	25	0	0
52	0	111192	3	10	1	0	1	4	0	0	0	40	0	0
20	0	214238	0	7	0	10	5	1	1	0	0	32	4	0
43	0	115932	7	13	1	10	1	1	0	0	0	40	0	1
33	0	173730	8	14	1	5	1	1	0	0	0	40	0	0
63	0	123157	1	9	1	13	1	1	0	0	0	40	0	0
67	0	220283	1	9	3	10	2	1	1	0	0	20	0	0
24	0	155066	11	11	0	10	2	1	0	0	0	40	0	0
29	0	244246	3	10	0	6	3	1	0	0	0	40	19	0
37	0	112264	1	9	1	10	1	1	0	0	0	40	0	0
54	0	200450	3	10	1	10	1	1	0	0	0	60	0	0
66	2	128609	1	9	3	3	2	0	0	0	0	40	0	1
57	0	340591	1	9	1	5	1	1	0	0	0	45	0	0
36	1	43712	11	11	3	8	2	1	0	0	0	50	0	0
41	0	316820	5	15	3	5	2	1	0	0	0	45	0	1
48	0	44142	3	10	1	7	1	1	0	0	0	45	0	0
24	0	311311	7	13	0	0	2	1	0	0	0	65	0	0
66	2	143417	11	11	1	3	1	1	0	0	0	45	0	0
29	0	264166	3	10	0	7	2	1	1	0	0	60	4	0
44	0	112656	1	9	1	7	4	1	1	0	0	20	0	0
45	0	123844	1	9	3	4	0	1	1	0	0	60	0	0
27	0	146760	3	10	0	4	0	0	1	0	0	40	0	0
36	0	225516	7	13	1	8	1	0	0	0	0	40	0	1
36	0	114366	2	12	1	8	1	1	0	0	0	50	0	0
32	5	199227	7	13	1	7	1	1	0	0	0	55	0	0
18	0	299347	1	9	0	4	0	1	1	0	0	20	0	0
39	0	74194	11	11	3	6	2	1	0	0	1721	45	0	0
25	0	244408	1	9	1	8	0	2	1	0	0	40	8	0
26	0	198289	13	8	0	1	5	1	0	0	0	40	12	0
63	5	89451	5	15	1	5	1	1	0	0	0	40	0	1
50	1	149433	1	9	1	6	1	1	0	0	0	45	0	0
47	0	236999	14	2	1	0	1	1	0	0	0	40	4	0
17	0	34943	4	6	0	4	0	1	1	0	0	15	0	0
46	6	40666	1	9	1	1	1	1	0	15024	0	40	0	1
34	0	329170	3	10	0	7	2	1	1	6849	0	70	0	0
26	0	122999	7	13	0	5	2	1	0	0	0	45	0	0
48	1	118972	4	6	1	12	1	1	0	0	0	40	0	0
47	0	205068	5	15	1	5	1	1	0	0	1977	60	0	1
40	0	195124	1	9	1	6	1	1	0	0	0	40	15	0
21	0	143184	3	10	0	4	0	1	1	0	0	40	0	0
55	2	90290	1	9	3	3	2	1	0	0	0	40	0	0
37	0	175232	7	13	1	5	1	1	0	0	0	40	0	1
41	0	319366	3	10	1	9	1	1	0	0	0	40	10	1
34	0	61559	1	9	0	6	2	1	0	0	0	35	0	0
47	0	247869	3	10	4	12	3	1	0	0	0	50	0	1
39	0	204158	3	10	1	10	1	1	0	5178	0	60	0	1
36	0	239755	11	11	0	0	2	1	0	0	0	40	0	0
29	0	198210	1	9	0	9	3	0	1	0	0	40	0	0
46	1	190961	1	9	4	7	3	0	1	0	0	40	0	0
77	0	171193	11	11	3	10	2	1	1	0	1668	30	0	0
27	0	110073	7	13	0	9	2	1	0	0	0	40	21	1
19	0	163885	1	9	0	0	0	1	1	0	0	40	0	0
38	0	99783	11	11	1	4	4	1	1	0	1902	40	0	0
18	0	430930	0	7	0	11	0	1	1	0	0	6	0	0
54	0	200450	3	10	1	9	1	1	0	0	0	35	0	0
33	0	226296	1	9	1	4	1	1	0	0	1672	50	0	0
45	6	214690	3	10	4	7	2	1	0	0	0	40	0	0
28	0	181008	7	13	1	8	1	1	0	0	0	50	21	1
26	1	345779	7	13	0	5	2	1	0	0	0	43	0	0
26	0	58350	7	13	0	5	2	1	1	0	0	50	0	0
41	0	164647	1	9	3	8	2	0	1	0	0	40	0	0
21	0	142809	1	9	0	8	2	1	0	0	0	40	0	0
38	0	105803	8	14	1	5	1	1	0	0	0	40	0	1
26	0	195067	7	13	1	10	1	1	0	0	0	40	0	0
49	0	289964	3	10	4	10	2	1	0	0	0	50	0	0
26	0	194813	3	10	1	0	1	1	0	0	0	40	0	0
43	6	303211	1	9	0	8	0	1	0	0	0	40	0	0
22	0	37932	3	10	0	10	2	1	0	0	0	25	0	0
73	3	268832	1	9	1	1	1	1	0	0	0	45	0	0
33	0	63925	10	3	0	0	2	1	0	0	0	35	0	0
25	0	189897	1	9	0	6	2	1	0	0	0	40	0	0
36	0	635913	1	9	5	4	2	0	0	0	0	40	0	0
25	2	296228	3	10	0	3	3	3	1	0	0	42	0	0
42	3	138162	7	13	1	8	1	1	0	0	0	45	0	0
54	3	164757	11	11	1	6	1	1	0	0	0	16	0	0
33	0	236013	2	12	1	8	4	1	1	0	0	55	0	1
79	0	149912	7	13	0	4	2	1	1	0	0	40	0	0
48	0	85384	7	13	1	8	1	1	0	7688	0	40	0	1
52	3	30008	8	14	1	1	1	1	0	0	0	45	0	0
23	5	209744	1	9	0	7	2	1	0	0	0	38	0	0
25	0	161027	1	9	0	10	0	1	0	0	0	40	0	0
54	0	131662	3	10	3	7	2	1	1	0	0	40	7	0
47	0	115971	3	10	1	6	1	1	0	0	0	40	0	1
21	0	88373	1	9	1	4	5	1	1	0	0	16	0	0
45	4	211399	8	14	1	8	1	1	0	7298	0	40	0	1
22	1	273989	7	13	0	5	2	1	0	0	0	40	0	0
27	0	124614	1	9	0	10	2	1	1	0	0	40	0	0
51	0	263439	7	13	1	13	1	1	0	0	0	40	0	0
56	3	19896	3	10	1	10	4	1	1	0	0	60	0	1
31	0	229732	1	9	0	6	5	1	0	0	0	50	0	0
59	2	169611	3	10	1	3	4	1	1	7298	0	12	0	1
36	0	220237	8	14	3	8	2	1	0	0	0	50	37	1
46	3	130779	11	11	1	1	1	1	0	0	0	48	0	1
24	0	152540	7	13	3	12	3	1	1	0	0	40	0	0
47	0	168330	1	9	1	6	1	1	0	2829	0	40	0	0
29	0	485944	7	13	0	10	0	0	0	0	0	40	0	0
34	0	199539	11	11	1	6	1	1	0	0	0	48	0	1
26	0	210521	1	9	1	6	1	1	0	0	0	42	0	1
19	0	244175	0	7	0	10	0	1	0	0	0	25	0	0
42	0	223763	8	14	1	7	1	1	0	0	0	40	0	1
56	3	183580	7	13	1	6	1	1	0	0	0	30	1	0
42	0	63596	1	9	3	4	2	1	1	0	0	30	0	0
35	0	108540	1	9	1	6	1	1	0	3137	0	40	0	0
43	3	116632	11	11	1	10	1	1	0	0	1887	45	0	1
17	0	175414	1	9	0	4	0	1	1	0	0	15	0	0
38	4	290624	11	11	0	7	2	1	1	0	0	40	0	0
33	0	557805	11	11	0	10	5	1	1	0	0	40	11	0
20	0	19410	1	9	0	4	3	4	1	0	0	40	0	0
48	0	206357	1	9	3	7	3	1	1	0	0	44	0	0
38	0	216385	1	9	1	0	1	0	0	0	1740	40	10	0
46	0	120131	7	13	1	8	1	1	0	3103	0	40	0	1
72	0	131699	3	10	2	7	2	1	1	0	0	6	0	0
30	3	157778	1	9	0	6	3	1	0	0	0	40	0	0
31	0	302679	1	9	1	6	1	1	0	0	0	40	0	0
29	0	133292	3	10	0	7	0	0	0	0	0	40	0	0
83	3	243567	0	7	0	1	2	1	0	0	0	20	0	0
61	0	72442	1	9	1	6	1	1	0	0	0	40	0	1
42	3	43909	8	14	3	5	2	1	1	0	0	32	0	0
23	0	108307	1	9	0	1	0	1	0	0	0	40	0	0
20	1	87467	3	10	0	5	0	1	1	0	0	18	0	0
42	5	99185	1	9	0	7	2	1	1	0	0	38	0	0
27	4	37274	1	9	0	6	0	1	0	0	0	20	0	0
44	3	342434	7	13	1	6	1	1	0	0	0	50	0	1
62	3	234372	8	14	1	10	1	1	0	0	0	40	0	0
66	6	107627	1	9	1	10	1	1	0	0	0	60	0	1
22	2	377725	7	13	0	3	2	1	1	0	0	23	0	0
32	0	30271	1	9	3	7	3	1	1	0	0	45	0	0
30	0	368570	1	9	1	7	1	1	0	0	0	50	0	0
43	0	316820	2	12	1	8	1	1	0	7688	0	40	0	1
56	5	176538	2	12	0	7	2	1	1	0	0	45	0	0
64	0	265786	10	3	1	4	1	0	0	0	0	40	0	0
31	0	82393	3	10	1	4	5	2	0	0	0	30	8	0
46	0	318259	3	10	4	9	3	1	1	0	0	55	0	0
45	0	157980	1	9	3	7	3	1	1	0	0	32	0	0
41	0	173981	1	9	1	4	1	1	0	0	0	40	1	0
52	4	165050	1	9	0	7	2	1	0	0	0	48	0	1
19	0	303652	1	9	0	10	3	1	1	0	0	30	0	0
34	0	393376	1	9	0	4	3	1	1	0	0	40	0	0
57	6	121912	7	13	3	8	2	1	0	0	0	50	0	1
30	0	351770	12	5	3	4	3	1	1	0	0	38	0	0
39	3	198841	7	13	1	5	1	1	0	0	0	60	25	1
41	1	139160	7	13	3	5	2	0	0	0	0	40	0	0
21	2	214810	3	10	0	3	0	1	1	0	0	25	0	0
31	0	137385	3	10	0	9	2	0	1	0	0	50	0	0
39	0	86643	7	13	3	8	2	1	0	27828	0	55	0	1
20	0	200089	0	7	0	1	5	1	0	0	0	36	11	0
26	0	219199	1	9	1	12	1	1	0	0	0	50	0	1
36	0	142711	1	9	4	0	2	1	0	0	0	40	12	0
29	0	626493	7	13	0	8	2	1	0	0	0	40	0	0
24	0	177125	3	10	1	12	1	1	0	0	0	60	0	0
28	5	181776	7	13	0	5	2	1	1	0	1876	70	0	0
36	0	257250	1	9	1	10	1	1	0	0	0	35	0	0
42	0	444134	1	9	1	12	1	1	0	0	0	40	0	0
18	2	24688	1	9	0	3	2	1	0	0	0	40	0	0
34	1	33731	3	10	1	12	1	1	0	0	0	40	0	1
27	0	209443	7	13	6	10	4	1	1	0	0	40	0	0
39	0	140854	1	9	1	12	1	1	0	0	1902	60	0	1
50	0	330142	3	10	1	4	1	1	0	0	0	44	0	0
26	0	29488	5	15	0	5	2	1	0	0	0	40	0	1
52	0	279129	8	14	1	8	1	1	0	0	0	60	0	1
32	0	177940	2	12	0	0	0	0	0	0	0	48	0	0
19	0	391403	3	10	0	7	0	1	0	0	0	30	0	0
36	0	334365	0	7	1	12	1	1	0	0	0	60	0	0
28	0	171356	3	10	0	10	0	1	0	0	0	55	0	0
45	0	71145	7	13	3	8	3	1	0	0	0	45	0	1
25	0	36943	2	12	3	4	2	1	1	0	0	32	0	0
42	0	285787	2	12	0	5	0	1	0	0	0	40	0	0
24	0	433580	3	10	1	7	1	1	0	0	0	40	0	0
55	3	50197	12	5	1	1	1	1	0	0	0	30	0	0
59	5	139611	5	15	1	5	1	2	0	0	1977	40	17	1
31	0	187802	3	10	3	4	2	1	1	0	0	40	0	0
28	0	241431	13	8	1	13	1	1	0	0	0	40	0	0
30	0	121775	7	13	1	1	1	1	0	0	0	40	0	0
19	0	136758	3	10	0	9	0	1	1	0	0	10	0	0
22	0	493034	1	9	0	4	0	0	0	0	0	40	0	0
20	0	132139	4	6	0	13	0	1	0	0	0	30	0	0
50	3	100109	0	7	3	6	3	1	0	0	0	40	1	0
23	0	198861	7	13	0	8	0	1	0	0	1669	40	0	0
19	0	273226	0	7	0	9	0	1	0	0	0	40	0	0
19	0	323054	1	9	0	10	2	2	0	0	0	30	0	0
22	0	284895	3	10	1	8	1	1	0	0	0	55	0	0
21	0	191324	3	10	0	4	0	1	0	0	0	25	0	0
53	0	92565	8	14	1	5	1	2	0	0	0	40	0	1
46	0	234690	7	13	1	7	1	1	0	0	0	40	22	1
20	0	258509	1	9	0	0	0	0	0	0	0	40	0	0
42	5	178897	8	14	3	5	3	1	1	1151	0	40	0	0
65	0	220788	8	14	0	5	2	1	0	0	0	60	0	0
55	0	376548	1	9	1	2	1	1	0	0	0	40	0	0
18	0	228592	1	9	0	12	0	1	0	0	0	18	0	0
33	1	177216	1	9	1	12	1	0	0	0	0	40	0	0
