33	2	211743	1	9	1	3	1	1	0	0	0	21	0	0
21	0	23813	4	6	3	6	2	4	0	0	0	40	0	0
47	0	195688	1	9	1	7	4	1	1	0	0	40	0	0
26	0	124953	1	9	0	9	2	1	0	0	0	40	1	0
34	0	129775	1	9	3	12	2	1	0	0	0	40	0	0
22	0	339644	1	9	5	7	5	1	1	0	0	40	0	0
61	0	149648	0	7	2	0	2	1	1	0	0	40	0	0
79	0	187492	1	9	1	5	1	1	0	0	0	7	0	0
18	0	336523	13	8	0	4	5	0	0	0	0	20	0	0
39	5	222530	3	10	0	5	2	0	1	0	1590	40	0	0
49	6	140644	7	13	1	10	1	1	0	5013	0	45	0	0
31	0	265201	1	9	0	7	2	1	1	0	0	40	7	0
47	0	135246	0	7	0	6	3	1	0	0	0	40	0	0
36	0	89202	11	11	1	8	1	1	0	0	0	50	0	1
25	0	296394	1	9	0	0	3	0	0	0	0	45	0	0
50	1	66544	8	14	3	5	3	1	1	0	0	65	0	0
41	3	165815	1	9	0	1	2	1	0	0	0	40	0	0
18	0	187722	3	10	0	4	0	1	1	0	0	20	0	0
38	1	187046	1	9	1	2	1	1	0	0	0	40	0	1
38	0	397877	7	13	1	8	1	1	0	15024	0	50	0	1
37	0	258827	7	13	1	10	1	1	0	0	0	50	0	1
19	0	119529	3	10	0	4	0	1	1	0	0	15	0	0
22	0	97212	1	9	0	4	2	1	1	0	0	15	0	0
19	0	47235	3	10	0	4	2	1	1	0	0	75	0	0
56	0	359972	3	10	3	6	2	1	0	0	0	40	0	0
20	0	97212	3	10	1	10	4	1	1	0	0	30	0	0
52	1	72036	11	11	1	7	1	1	0	0	0	25	0	0
35	0	174938	1	9	1	7	1	1	0	0	0	40	0	0
29	0	201404	1	9	0	0	2	1	0	0	0	56	0	0
23	0	234791	3	10	0	4	3	1	1	0	0	36	0	0
33	5	85632	3	10	1	7	4	1	1	0	0	40	0	0
17	0	147411	10	3	0	4	2	1	0	0	0	30	0	0
36	0	127388	2	12	1	10	4	1	1	0	0	40	0	0
21	0	116657	1	9	0	8	0	1	0	0	0	40	0	0
19	2	194608	3	10	0	3	0	1	1	0	0	10	0	0
28	0	108706	0	7	0	13	0	1	1	0	0	20	0	0
19	0	158343	3	10	0	4	0	1	1	0	0	12	0	0
51	0	914061	1	9	3	6	2	1	0	0	0	50	0	0
38	0	190174	3	10	1	7	4	1	1	0	0	30	0	0
19	0	456736	3	10	0	4	2	1	0	0	0	35	0	0
46	6	167882	11	11	3	8	2	1	1	8614	0	70	0	1
42	6	557349	7	13	1	8	1	1	0	0	0	70	0	0
19	0	310483	13	8	0	4	0	1	0	0	0	25	0	0
29	0	78261	1	9	4	2	2	1	0	0	0	55	0	0
39	0	172571	8	14	1	8	1	1	0	0	0	45	0	1
21	0	230229	1	9	0	13	5	1	0	0	0	40	4	0
30	0	183017	1	9	3	0	0	1	0	0	0	40	0	0
38	3	230329	1	9	1	10	1	1	0	0	0	48	0	0
47	0	46537	1	9	0	4	2	1	1	0	0	40	0	0
34	0	409622	10	3	1	6	1	3	0	0	0	40	4	0
46	0	190482	1	9	3	6	2	1	0	0	0	40	0	0
20	5	113588	1	9	0	9	0	1	1	0	0	24	0	0
46	3	246891	5	15	0	5	2	1	0	0	0	99	0	1
50	0	193081	15	1	0	4	2	0	1	0	0	40	10	0
50	2	284477	10	3	1	3	1	1	0	0	0	40	0	0
35	0	141420	1	9	1	12	2	1	0	0	0	40	0	0
32	0	197325	1	9	1	6	1	1	0	0	0	40	0	0
22	0	443336	3	10	0	4	2	1	1	0	0	25	0	0
37	0	66304	12	5	1	2	1	1	0	0	0	16	0	0
25	0	180783	1	9	3	6	0	1	0	0	0	10	0	0
38	1	218763	8	14	4	5	3	1	1	0	0	40	0	0
39	4	388252	7	13	0	9	0	0	0	0	0	40	0	0
22	0	55614	1	9	0	13	3	1	0	0	0	40	0	0
25	0	307643	2	12	1	6	1	1	0	3103	0	45	0	1
18	2	33241	3	10	0	3	0	1	1	0	0	40	0	0
25	1	58065	7	13	1	5	4	1	1	0	0	50	0	0
65	5	172348	1	9	2	7	3	1	1	0	0	20	0	0
72	0	138790	1	9	1	7	1	1	0	0	0	30	0	0
25	5	117393	7	13	1	8	4	1	1	0	0	38	0	0
22	0	227220	3	10	0	5	2	1	1	0	0	40	0	0
36	0	241306	3	10	1	6	1	1	0	0	0	40	0	1
27	0	189565	3	10	0	9	2	1	0	0	0	40	0	0
33	6	182714	7	13	0	5	2	1	1	0	0	40	0	0
28	0	113839	3	10	1	10	1	1	0	0	0	40	0	0
30	0	92531	7	13	1	7	1	1	0	0	0	40	0	1
24	0	119629	3	10	0	10	2	1	1	0	0	37	0	0
26	0	322585	1	9	0	10	0	1	0	0	0	40	0	0
38	0	277347	3	10	1	6	1	1	0	0	0	40	0	0
20	0	221955	10	3	0	6	5	1	0	0	0	40	4	0
38	0	149347	1	9	1	6	1	1	0	0	0	40	0	1
75	0	207116	1	9	5	4	2	1	0	0	0	40	0	0
35	0	174077	3	10	3	9	3	1	1	0	0	32	0	0
50	0	22418	1	9	1	6	1	1	0	0	0	40	0	0
23	3	255252	0	7	0	13	2	1	0	0	0	40	0	0
74	0	159138	1	9	2	4	2	1	1	0	0	12	0	0
38	0	414991	1	9	1	12	1	1	0	0	0	40	0	1
43	0	282678	1	9	3	8	2	1	1	0	0	60	0	0
53	4	164195	3	10	1	9	1	1	0	4386	0	40	0	1
21	0	143436	1	9	0	12	2	1	0	0	0	40	0	0
33	0	202046	1	9	1	0	1	1	0	0	0	40	25	0
21	2	202214	3	10	0	3	0	1	1	0	1721	40	0	0
55	0	236731	14	2	0	4	2	1	0	0	0	40	5	0
23	1	307267	7	13	0	5	2	1	1	0	0	10	0	0
49	0	144514	1	9	1	7	1	1	0	0	0	40	0	0
62	0	155913	2	12	1	6	1	1	0	0	0	40	0	1
17	0	206383	0	7	0	13	0	1	0	0	0	17	0	0
25	0	233994	1	9	1	0	1	1	0	0	0	50	0	0
33	3	123291	1	9	1	12	1	1	0	0	0	50	0	0
34	3	195602	1	9	1	6	1	1	0	0	0	55	0	0
20	0	151888	3	10	0	6	0	1	0	0	0	40	0	0
52	0	103995	1	9	1	10	4	1	1	0	0	40	0	0
31	0	263796	4	6	1	12	1	1	0	0	0	50	0	0
35	0	111499	1	9	1	5	1	1	0	0	0	40	0	0
28	0	202222	7	13	0	10	2	1	0	0	0	40	0	0
31	0	230246	7	13	0	10	2	1	0	0	0	40	0	0
36	0	37778	1	9	1	8	1	1	0	0	0	48	0	0
17	0	144752	4	6	0	13	0	4	0	0	0	20	0	0
27	0	220931	1	9	3	7	3	1	1	0	0	32	0	0
38	4	68840	3	10	1	8	1	1	0	0	0	40	0	1
38	0	205339	12	5	1	0	1	1	0	0	0	40	0	0
44	0	172837	1	9	1	7	1	0	0	0	0	52	0	1
41	5	159131	3	10	1	7	1	0	0	0	0	40	0	0
30	0	207284	1	9	1	0	1	1	0	0	0	40	0	0
20	0	350824	3	10	0	10	0	1	1	0	0	20	0	0
70	2	116080	9	16	1	3	1	1	0	0	0	2	0	1
39	3	183081	8	14	0	10	2	1	0	0	0	60	0	1
37	3	177974	1	9	1	1	1	1	0	3942	0	99	0	0
63	0	192849	7	13	3	4	2	1	1	0	0	10	0	0
18	0	169882	0	7	0	13	0	1	1	0	0	12	0	0
21	0	137320	3	10	0	7	0	0	0	0	0	20	0	0
34	0	251521	8	14	1	5	4	1	1	0	0	40	0	1
17	0	329791	13	8	0	13	0	1	0	0	0	25	0	0
32	0	261319	3	10	1	6	1	1	0	0	0	50	0	1
37	1	343052	1	9	4	7	3	1	1	0	0	40	0	0
28	0	53271	1	9	0	12	5	1	0	0	0	38	0	0
20	0	129024	3	10	0	4	0	1	1	0	0	25	0	0
29	0	179768	3	10	1	6	1	1	0	0	0	50	0	0
32	0	144949	1	9	1	10	1	1	0	0	0	40	0	1
27	0	150861	3	10	0	4	0	1	1	0	0	40	0	0
44	1	112763	8	14	3	5	3	1	1	0	0	38	0	0
25	0	116358	1	9	0	7	0	2	0	0	0	40	8	0
38	3	331374	0	7	1	4	1	1	0	0	0	60	0	0
52	0	152811	4	6	2	4	3	1	1	0	0	40	0	0
68	1	202699	5	15	1	5	1	1	0	6418	0	35	0	1
55	0	92847	6	4	2	11	3	1	1	0	0	30	0	0
41	0	137142	1	9	3	12	2	1	0	0	0	50	0	0
36	0	953588	0	7	2	7	3	1	1	0	0	40	0	0
35	1	225544	7	13	1	2	1	1	0	0	0	48	0	0
62	0	116289	7	13	1	5	1	1	0	0	0	45	0	0
32	0	279912	3	10	0	9	2	0	1	0	0	40	0	0
57	3	256630	7	13	3	10	2	1	0	0	0	60	25	1
42	0	259727	7	13	3	5	3	0	1	25236	0	20	0	1
47	0	331650	1	9	1	7	4	1	1	0	0	40	0	1
34	0	182006	0	7	0	7	2	1	1	4416	0	30	0	0
19	0	277708	1	9	0	13	0	0	0	0	0	40	0	0
36	0	64874	0	7	1	0	1	1	0	0	0	40	0	0
37	0	376455	3	10	1	8	1	1	0	0	0	40	0	1
57	0	125000	3	10	1	6	1	1	0	0	0	40	0	1
43	0	390369	2	12	1	13	1	1	0	0	0	40	0	1
51	0	250423	7	13	1	8	1	1	0	0	0	50	0	1
48	1	27802	8	14	4	5	2	1	0	0	1876	50	0	0
50	0	137192	7	13	1	6	1	2	0	0	0	20	8	0
28	5	200068	7	13	0	7	2	3	1	0	0	40	0	0
26	0	220656	1	9	0	7	0	0	0	0	0	40	0	0
35	0	199501	2	12	3	8	3	0	1	0	0	50	32	0
26	0	181613	1	9	1	0	4	0	1	0	0	40	0	0
32	0	329432	8	14	0	7	3	1	1	0	0	40	0	0
37	0	139180	0	7	0	4	3	0	1	0	0	40	0	0
24	2	263612	1	9	0	3	3	0	1	0	0	40	0	0
73	2	402363	8	14	1	3	4	1	1	0	0	16	0	1
25	0	256545	3	10	0	4	2	1	1	0	0	45	0	0
31	0	246439	1	9	0	1	2	1	0	0	0	38	0	0
20	0	182615	1	9	0	13	0	1	0	0	0	40	0	0
26	0	131401	7	13	0	8	2	1	1	0	0	40	0	0
26	0	259138	0	7	1	4	4	1	1	2407	0	36	0	0
43	0	107503	7	13	1	5	1	1	0	0	0	48	0	1
61	5	205482	1	9	5	12	2	1	1	0	0	60	0	0
34	0	184833	7	13	0	8	2	1	1	4650	0	50	0	0
43	0	395997	1	9	1	12	1	1	0	0	0	55	0	0
33	0	158438	3	10	1	6	1	1	0	0	0	50	0	1
42	6	190044	11	11	1	8	1	1	0	7298	0	52	0	1
42	3	184378	3	10	1	5	1	1	0	0	0	40	0	0
18	0	118983	1	9	0	8	0	1	0	0	0	30	0	0
48	0	99127	11	11	1	7	1	1	0	0	0	40	0	0
41	1	106982	7	13	1	5	4	1	1	0	0	52	0	0
47	0	213668	3	10	4	0	2	1	0	8614	0	65	0	1
50	1	159689	3	10	2	7	3	1	1	0	0	35	0	0
57	0	354923	7	13	3	8	2	1	1	0	0	45	0	0
21	0	200207	1	9	0	13	0	1	0	0	0	40	0	0
28	1	98590	3	10	1	2	1	1	0	0	0	40	0	1
42	0	221947	8	14	1	8	1	1	0	0	0	45	0	1
33	0	160634	1	9	1	0	1	1	0	0	0	50	0	1
53	1	179237	12	5	1	12	1	1	0	0	0	40	0	0
39	0	97771	11	11	1	8	1	1	0	0	0	45	0	0
17	0	237399	0	7	0	10	0	1	0	0	0	20	0	0
35	0	276559	7	13	1	5	1	1	0	7298	0	45	0	1
50	0	178251	8	14	1	7	4	1	1	0	0	40	0	1
58	0	145370	7	13	1	10	1	0	0	15024	0	50	0	1
21	0	249271	3	10	0	6	0	1	0	0	0	40	0	0
66	3	257562	0	7	1	1	1	1	0	0	0	40	0	0
59	4	115842	1	9	1	5	1	1	0	0	0	40	0	0
21	0	341368	1	9	3	6	2	1	0	0	0	20	0	0
20	2	172232	3	10	0	3	0	1	0	0	0	60	0	0
25	0	67151	7	13	0	8	2	1	1	0	0	60	0	0
21	0	228649	1	9	0	6	0	1	0	0	0	40	0	0
53	0	164198	1	9	1	12	1	0	0	0	0	40	0	1
64	1	190228	1	9	2	7	2	1	1	0	0	35	0	1
19	0	179707	3	10	0	7	0	1	0	0	0	30	0	0
59	6	132559	9	16	1	6	1	1	0	0	1977	55	0	1
36	0	473547	1	9	1	6	1	0	0	0	0	30	0	0
55	6	284526	10	3	1	10	1	1	0	0	0	40	22	0
20	0	112854	3	10	0	9	2	1	1	0	0	32	0	0
28	0	271012	1	9	0	7	2	0	1	0	0	40	0	0
34	0	298995	3	10	0	9	2	0	1	0	0	50	0	0
20	8	273905	1	9	5	3	5	1	0	0	0	35	0	0
41	0	172712	7	13	3	9	3	1	1	0	0	40	0	1
33	0	205249	8	14	0	5	2	2	0	0	0	55	1	0
24	0	375698	3	10	0	7	2	1	1	0	0	40	16	0
42	5	355756	3	10	3	9	2	1	0	0	0	40	0	0
28	0	147951	11	11	1	6	1	1	0	0	0	42	0	0
58	0	156493	1	9	1	0	1	1	0	0	0	35	0	0
34	0	215857	1	9	0	0	2	4	0	0	0	40	4	0
22	0	88824	3	10	0	7	2	1	0	0	0	40	0	0
26	0	242150	1	9	1	0	1	1	0	0	0	40	4	0
30	0	295010	3	10	1	7	5	1	1	0	0	40	0	1
67	3	268781	7	13	1	5	1	1	0	0	0	20	0	1
46	0	360593	8	14	3	5	2	1	0	4650	0	44	0	0
35	0	306678	3	10	1	6	1	1	0	0	0	52	0	0
42	6	377018	0	7	1	8	1	1	0	0	0	40	0	0
24	0	131230	3	10	0	5	2	1	0	0	0	40	0	0
18	2	457710	0	7	0	3	0	1	0	0	0	16	4	0
34	6	229732	2	12	3	4	3	1	0	0	0	40	0	0
21	0	159879	3	10	0	7	0	1	1	0	0	40	0	0
49	0	204629	7	13	1	10	1	1	0	0	0	40	0	1
48	0	46580	1	9	3	5	3	1	1	0	0	40	0	0
25	0	471768	1	9	0	7	0	0	1	0	0	32	0	0
38	0	117802	8	14	1	8	1	1	0	7688	0	60	0	1
28	0	175537	3	10	4	7	3	0	1	0	0	37	0	0
22	0	247734	1	9	0	10	0	1	0	0	0	40	0	0
43	0	190885	6	4	2	4	3	1	1	0	0	38	4	0
49	0	117849	1	9	1	6	1	1	0	0	0	40	0	1
54	6	103794	8	14	3	8	3	1	1	5721	0	35	0	0
35	3	222450	1	9	1	1	1	1	0	0	0	40	4	0
36	0	558344	1	9	0	4	2	0	0	0	0	48	0	0
18	0	131825	0	7	0	0	0	1	0	0	0	21	0	0
45	0	166181	1	9	2	11	0	0	1	0	0	25	0	0
22	0	179392	1	9	0	4	0	1	1	0	0	20	0	0
47	1	232149	8	14	3	5	3	1	1	0	0	45	0	0
23	0	96748	7	13	0	12	0	1	0	0	0	40	0	0
36	0	177895	8	14	3	5	2	1	1	0	0	40	0	0
23	0	207066	4	6	0	4	2	1	0	0	0	30	0	0
53	0	127749	1	9	1	7	1	1	0	0	0	40	0	1
23	0	216129	3	10	0	13	0	1	0	0	0	40	0	0
67	2	401273	3	10	2	3	2	1	1	0	0	5	0	0
51	0	245356	3	10	1	8	1	1	0	7298	0	55	0	1
52	0	30846	3	10	3	0	2	1	1	0	0	40	0	0
47	0	216414	7	13	0	8	2	1	0	0	0	40	0	0
47	0	361390	4	6	1	0	1	1	0	4064	0	40	24	0
29	0	255364	3	10	3	4	0	1	0	594	0	24	0	0
19	0	197377	3	10	0	7	0	0	0	0	0	20	0	0
66	3	197816	7	13	1	8	1	1	0	0	0	17	0	1
38	0	194140	3	10	4	0	3	0	0	0	0	50	0	0
67	2	110122	1	9	1	3	1	1	0	0	0	32	0	1
33	0	102130	11	11	3	10	2	1	0	0	0	50	0	0
51	4	85815	7	13	1	8	1	2	0	0	0	40	0	1
30	0	176064	1	9	3	6	3	1	0	0	0	55	0	0
43	0	38946	7	13	1	5	1	1	0	0	0	50	0	1
29	0	249463	1	9	1	6	1	1	0	0	0	50	0	0
38	0	175665	3	10	1	5	4	1	1	0	0	40	0	0
58	0	111385	1	9	0	6	2	1	0	0	0	40	0	0
56	5	165867	9	16	1	5	1	1	0	0	0	40	0	1
41	0	347890	1	9	3	0	2	1	0	0	0	40	0	0
43	6	49249	2	12	1	8	1	1	0	0	0	50	0	1
50	0	125417	7	13	1	8	1	1	0	7298	0	65	0	1
73	3	30958	3	10	1	10	1	1	0	0	0	25	0	0
45	5	191001	7	13	1	7	1	1	0	7688	0	40	0	1
18	3	68073	0	7	0	7	0	1	1	0	0	20	0	0
33	0	233149	13	8	3	0	0	1	0	0	0	40	0	0
20	0	204596	13	8	0	7	0	1	1	0	0	20	0	0
37	0	109996	12	5	1	4	4	2	1	0	0	40	36	0
29	0	251170	1	9	3	7	0	1	1	0	0	40	0	0
22	0	140001	3	10	0	4	0	1	0	0	0	40	0	0
61	5	347445	8	14	1	8	1	1	0	0	0	40	0	1
27	3	229126	7	13	0	5	2	2	1	0	0	30	0	0
47	0	235431	15	1	0	10	3	0	1	0	0	40	10	0
56	0	209280	1	9	4	10	3	0	1	0	0	16	0	0
26	0	172013	1	9	0	6	0	1	0	0	0	40	0	0
30	6	133876	1	9	1	8	1	1	0	0	0	45	0	0
60	0	152727	3	10	1	8	1	1	0	0	1902	40	0	1
30	0	139838	4	6	4	4	2	0	0	0	0	40	0	0
28	0	153885	3	10	1	12	4	1	1	0	0	45	0	0
64	3	21174	1	9	1	6	1	1	0	0	0	20	0	0
32	0	101266	1	9	1	4	1	1	0	0	0	40	1	0
32	0	99548	3	10	3	13	2	4	0	0	0	40	0	0
31	1	220669	7	13	0	5	0	1	1	6849	0	40	0	0
36	0	91716	3	10	1	12	1	1	0	0	0	45	0	0
32	3	112115	13	8	1	6	1	1	0	0	0	70	0	1
49	0	220978	1	9	1	6	1	1	0	0	0	44	0	0
40	0	121012	1	9	1	0	1	1	0	0	0	40	0	0
41	0	242804	1	9	1	12	1	1	0	0	0	40	0	0
51	3	192654	7	13	2	8	3	1	0	0	0	50	0	0
45	0	111706	14	2	0	0	3	2	1	0	0	40	13	0
41	0	174196	3	10	1	7	4	0	1	0	0	40	0	0
54	0	312500	3	10	0	4	2	1	1	0	0	40	0	0
19	0	39623	3	10	0	10	0	1	1	0	0	25	0	0
36	0	355468	4	6	4	10	2	1	0	0	0	40	0	0
45	5	62726	3	10	3	4	2	1	1	0	0	40	0	0
58	4	75867	1	9	1	9	1	1	0	0	0	40	0	0
60	2	76449	1	9	1	3	1	1	0	0	0	40	0	0
34	0	111567	3	10	0	8	2	1	0	0	0	40	0	1
58	0	112945	11	11	1	8	1	1	0	0	0	40	0	0
53	0	191389	1	9	3	8	2	1	1	0	0	40	0	0
42	0	208584	2	12	4	10	2	0	1	0	0	40	0	0
49	0	99340	10	3	4	0	3	1	1	0	0	40	5	0
54	3	308087	8	14	3	5	2	1	0	0	0	30	0	0
64	0	166843	1	9	2	4	5	1	0	0	0	28	0	0
62	2	122433	4	6	3	3	3	1	0	0	0	35	0	0
31	0	103573	3	10	1	4	1	1	0	0	0	45	0	0
28	0	264735	8	14	0	7	2	2	0	0	0	50	17	0
58	3	281792	3	10	1	10	1	1	0	0	0	60	0	0
52	0	184081	6	4	1	0	1	0	0	0	0	40	32	0
22	0	381741	1	9	1	9	1	1	0	0	0	40	0	0
58	0	98630	8	14	1	5	1	1	0	0	0	40	0	1
25	0	161631	3	10	1	6	1	1	0	0	0	40	0	0
33	0	152591	3	10	3	8	0	1	1	0	0	40	0	0
69	3	150080	1	9	1	1	1	1	0	0	0	40	0	0
18	0	278141	0	7	1	4	1	1	0	0	0	35	0	0
48	3	229328	13	8	2	10	3	2	1	0	0	40	14	0
26	0	278916	3	10	4	13	0	0	0	0	0	20	0	0
43	4	421871	7	13	0	7	2	0	0	6849	0	50	0	0
35	0	164193	3	10	0	12	2	1	0	0	0	40	0	0
33	3	189265	3	10	0	4	2	1	1	0	0	5	0	0
52	0	384959	3	10	1	12	1	1	0	0	0	36	0	1
62	0	67320	1	9	2	4	5	0	1	0	0	40	0	0
50	0	174655	7	13	1	6	1	1	0	0	1887	40	0	1
30	1	327203	1	9	1	4	1	1	0	0	0	40	0	0
25	0	51148	1	9	3	7	5	1	1	0	0	40	0	0
19	0	287380	3	10	0	13	0	1	0	0	0	27	0	0
58	0	131608	7	13	1	10	1	1	0	0	0	55	0	1
41	0	122857	1	9	0	11	2	2	1	0	0	40	1	0
28	0	259609	1	9	0	6	0	1	0	0	0	50	0	0
33	0	104509	7	13	0	5	3	1	1	0	0	40	0	0
51	0	203435	1	9	3	10	2	1	1	0	0	40	0	0
27	0	148429	1	9	1	12	1	1	0	0	0	60	0	0
26	0	106950	3	10	0	6	2	0	0	0	0	40	0	0
19	0	87402	3	10	0	6	2	1	0	0	0	40	0	0
32	0	265638	3	10	1	2	1	0	0	0	0	60	0	0
27	0	430710	1	9	4	10	0	1	0	0	0	40	0	0
50	4	193116	1	9	1	8	1	1	0	0	0	40	0	1
29	0	94880	3	10	5	6	5	1	0	0	0	40	4	0
67	0	186427	7	13	1	8	1	1	0	0	0	45	0	0
53	0	348287	1	9	3	6	5	1	0	0	0	40	0	0
58	0	77498	1	9	1	10	1	1	0	0	0	60	0	0
47	0	199058	3	10	1	5	1	1	0	0	0	40	0	1
30	0	156464	1	9	0	10	0	1	0	0	0	40	7	0
40	0	202508	5	15	1	5	1	1	0	7688	0	48	1	1
45	0	131309	7	13	0	6	2	1	0	0	0	32	0	0
41	0	99679	4	6	1	6	1	1	0	0	0	40	0	0
26	0	136309	2	12	0	9	2	1	0	0	0	50	0	0
27	0	294451	0	7	1	1	1	1	0	0	0	40	0	0
44	0	104719	2	12	0	7	2	1	0	0	0	38	0	0
72	3	207889	6	4	1	1	1	1	0	0	0	50	0	0
24	0	215890	1	9	1	7	1	1	0	0	0	40	0	0
34	0	341239	1	9	0	12	0	0	0	0	0	40	0	0
66	3	58326	0	7	3	4	2	1	1	0	0	40	0	1
35	0	176544	3	10	3	10	2	1	0	0	1741	50	0	0
37	0	216149	0	7	1	6	1	1	0	0	0	45	0	0
65	0	274637	12	5	1	2	1	1	0	0	0	16	0	0
23	0	163870	1	9	0	6	0	1	0	0	0	40	1	0
52	2	287575	1	9	4	3	3	1	0	0	0	40	0	0
35	0	268292	11	11	1	10	1	1	0	0	0	65	0	0
43	0	343061	3	10	1	10	1	1	0	0	0	50	22	0
46	1	481258	7	13	1	7	1	1	0	0	0	45	0	1
17	0	181129	4	6	0	10	0	1	1	0	0	10	0	0
18	2	153302	1	9	0	3	2	1	1	0	0	40	0	0
48	0	235891	1	9	0	4	2	1	0	0	0	40	12	0
33	3	41210	7	13	1	1	1	1	0	0	0	75	0	0
31	1	152109	3	10	1	7	1	1	0	0	0	30	0	0
28	0	114072	1	9	1	8	1	1	0	0	0	40	0	1
30	0	83066	1	9	1	12	1	0	0	0	0	30	0	0
18	0	110230	0	7	0	13	0	1	0	0	0	5	0	0
33	6	137421	1	9	1	10	1	2	0	0	0	45	14	0
46	6	222829	8	14	1	8	1	1	0	0	0	60	0	1
50	5	89652	8	14	2	5	3	1	1	0	0	60	0	0
43	6	375807	7	13	1	10	1	1	0	0	1977	60	0	1
29	0	184224	1	9	0	12	0	1	0	0	0	40	0	0
18	0	54639	1	9	0	1	0	1	0	0	0	40	0	0
47	6	77764	7	13	1	5	1	1	0	0	0	60	0	1
28	0	61523	1	9	3	8	2	1	0	0	0	55	0	0
60	3	54614	11	11	1	4	4	1	1	0	0	40	0	0
34	0	188246	1	9	1	13	1	1	0	0	0	40	1	0
25	0	267594	3	10	1	7	4	1	1	0	0	40	0	0
19	0	140499	1	9	0	2	5	1	0	0	0	40	0	0
35	0	73471	1	9	1	13	1	1	0	0	0	40	0	0
41	4	33487	3	10	3	7	5	4	1	0	0	38	0	0
23	2	201179	3	10	0	3	0	1	0	0	0	40	0	0
69	3	165814	3	10	1	8	1	1	0	0	0	35	0	0
44	5	46221	9	16	0	5	2	1	0	0	0	45	0	1
49	6	172246	7	13	1	10	1	1	0	99999	0	40	0	1
31	4	148207	1	9	1	2	1	1	0	0	0	53	0	0
36	0	389725	7	13	1	9	1	1	0	7298	0	40	7	1
33	0	343519	3	10	0	4	2	1	1	0	0	25	0	0
35	0	67317	2	12	0	13	2	1	0	0	0	50	0	0
53	3	257728	1	9	1	6	1	1	0	0	0	50	0	1
32	0	264554	3	10	1	9	1	1	0	0	0	40	0	1
26	0	224567	0	7	0	10	2	1	0	0	0	45	0	0
40	0	24038	7	13	0	8	2	1	1	0	0	55	0	0
35	0	210945	8	14	1	5	1	1	0	0	0	60	0	1
52	3	123727	1	9	4	8	2	1	0	0	0	60	0	0
32	2	78374	7	13	0	3	2	2	1	0	0	1	0	0
18	0	138266	1	9	0	7	0	1	1	0	0	25	0	0
58	0	147098	5	15	1	5	1	1	0	15024	0	60	0	1
26	0	211695	1	9	1	7	1	1	0	0	0	40	0	0
33	3	196480	1	9	1	6	1	0	0	0	0	40	0	0
39	0	373699	8	14	3	8	2	1	0	0	0	40	0	0
47	0	189680	7	13	0	10	0	1	0	0	0	40	0	0
33	0	342458	1	9	0	6	2	1	0	0	0	40	0	0
28	0	161155	3	10	0	6	3	1	0	0	0	48	0	0
48	1	116601	8	14	3	5	3	2	1	0	0	50	28	0
67	6	127605	7	13	1	10	1	1	0	0	2174	40	0	1
22	3	47541	3	10	0	10	0	1	0	0	0	20	0	0
62	0	134779	3	10	3	5	2	1	1	4650	0	40	0	0
42	3	177937	8	14	0	5	2	1	0	0	0	45	0	0
53	0	114758	9	16	1	5	1	1	0	0	0	20	0	0
64	1	287277	12	5	1	4	1	1	0	0	0	40	0	0
29	0	173113	7	13	1	9	1	1	0	0	0	40	0	0
51	0	169785	7	13	5	8	2	1	1	0	0	60	0	1
64	3	280508	1	9	1	12	1	1	0	0	0	50	0	0
24	0	360077	0	7	0	5	0	1	0	0	0	40	0	1
47	0	165229	13	8	1	7	1	1	0	0	0	40	0	0
35	0	282753	11	11	1	6	1	1	0	0	0	40	0	1
31	0	308812	8	14	3	8	2	1	1	0	0	40	0	0
64	0	132519	1	9	1	13	4	0	1	0	0	40	0	0
38	0	185053	8	14	1	5	4	1	1	0	0	20	0	1
42	1	261899	8	14	1	5	1	1	0	0	0	50	0	1
46	0	119939	0	7	1	6	1	1	0	0	0	40	0	0
37	0	276165	1	9	0	7	2	1	0	0	0	40	0	0
30	0	361280	7	13	0	5	2	2	0	0	0	40	0	0
33	0	195770	1	9	1	0	1	1	0	0	0	40	0	0
52	1	289804	7	13	1	5	1	0	0	0	0	40	0	0
21	0	247115	1	9	0	7	0	0	1	0	0	60	0	0
48	4	50459	1	9	3	4	3	1	0	0	0	40	0	0
22	0	260617	13	8	1	0	1	1	0	0	0	60	0	0
20	0	155066	1	9	0	0	0	1	0	0	0	60	0	0
80	0	227210	7	13	1	8	1	1	0	9386	0	40	0	1
47	1	47270	2	12	4	7	3	0	1	0	0	40	0	0
35	0	111128	7	13	1	8	1	1	0	15024	0	65	0	1
37	0	119929	1	9	1	10	1	1	0	0	0	45	0	1
73	0	157248	1	9	2	7	2	1	1	0	0	20	0	0
45	0	174386	1	9	0	4	5	1	1	0	0	30	0	0
34	0	21755	1	9	1	1	1	4	0	0	0	63	0	0
35	0	261646	1	9	1	0	1	1	0	0	0	40	0	0
41	0	590204	8	14	1	5	4	1	1	15024	0	40	0	1
36	0	679853	1	9	1	6	1	0	0	0	0	40	5	0
40	0	144928	3	10	1	13	1	1	0	7298	0	40	0	1
26	2	88513	7	13	0	3	2	1	0	0	0	40	0	0
27	0	110663	1	9	1	10	1	1	0	0	0	50	0	0
52	3	182187	1	9	1	12	1	0	0	0	0	40	10	1
45	0	160703	8	14	3	5	2	1	1	0	0	55	0	0
39	0	279323	1	9	1	7	1	1	0	0	0	40	0	0
30	0	131425	1	9	1	6	1	1	0	0	0	40	0	0
38	0	180288	3	10	1	10	1	1	0	0	1977	60	0	1
43	6	123490	7	13	1	8	1	1	0	0	0	40	0	1
20	0	421474	3	10	0	10	0	1	0	0	0	20	0	0
38	0	100079	9	16	5	5	2	2	0	27828	0	60	27	1
30	0	95639	0	7	0	13	5	4	0	0	0	40	0	0
30	0	169002	11	11	0	7	0	1	0	0	0	40	0	0
59	3	49893	1	9	2	6	2	1	0	0	0	24	0	0
30	4	234994	3	10	3	8	2	0	0	0	0	40	0	0
43	6	137232	7	13	5	10	3	1	1	0	0	42	0	0
49	3	27067	11	11	0	7	2	1	1	0	0	60	0	0
40	0	193385	5	15	1	5	4	2	1	0	0	40	27	0
34	0	181372	0	7	1	4	4	1	1	0	0	23	0	0
47	0	189143	1	9	3	1	2	1	0	0	0	40	0	0
57	3	115422	1	9	1	6	1	1	0	3137	0	40	0	0
64	3	163510	8	14	1	5	1	1	0	0	2415	50	0	1
35	0	241998	1	9	0	13	2	1	0	0	0	30	0	0
39	0	106838	3	10	1	10	1	1	0	4386	0	45	0	1
90	2	50746	4	6	3	3	2	1	1	0	0	7	0	0
30	1	325658	1	9	1	8	1	1	0	0	0	40	0	0
71	0	244688	6	4	1	12	1	1	0	6514	0	40	0	1
29	0	244721	7	13	0	6	2	1	0	0	0	40	0	0
40	0	170721	4	6	1	6	1	1	0	0	0	50	0	1
39	0	105803	3	10	1	10	1	1	0	0	0	40	0	0
53	0	152810	7	13	1	5	1	1	0	0	0	40	0	1
50	0	138944	7	13	1	10	1	1	0	0	0	60	0	0
50	0	392668	3	10	1	0	1	1	0	4386	0	40	0	0
28	0	192257	7	13	1	5	1	1	0	0	0	40	16	0
79	2	23275	4	6	1	3	1	1	0	0	0	20	0	0
70	6	46577	7	13	2	1	3	1	1	0	0	6	0	0
44	0	174325	3	10	1	6	1	0	0	0	0	40	0	0
41	1	307767	1	9	1	2	1	1	0	0	0	40	0	0
27	0	192698	3	10	0	7	2	1	1	0	0	40	0	0
19	0	443809	1	9	0	4	5	1	0	0	0	30	0	0
18	0	218100	0	7	0	10	0	1	1	0	0	25	0	0
37	0	516701	8	14	0	8	2	0	0	0	1564	50	1	1
20	0	123173	3	10	0	10	0	0	1	0	0	15	0	0
33	0	241697	3	10	5	10	3	4	0	0	1602	40	0	0
53	6	233149	2	12	1	12	1	1	0	0	0	45	0	1
56	0	357939	1	9	1	0	1	1	0	0	0	40	0	0
18	0	73928	1	9	0	10	0	2	1	0	0	20	0	0
54	5	88528	8	14	0	5	3	1	1	0	0	37	0	0
40	0	245073	6	4	0	4	2	1	0	0	0	20	0	0
45	0	148824	6	4	1	0	1	4	0	0	0	40	0	0
27	0	106276	1	9	0	7	0	1	1	0	0	40	0	0
48	0	185039	3	10	3	8	2	1	1	0	0	40	0	0
35	0	210310	1	9	1	10	1	1	0	0	0	55	0	1
27	0	150767	3	10	0	0	0	1	0	0	0	48	0	0
72	2	31327	7	13	1	3	1	1	0	0	0	20	0	1
27	0	30237	1	9	1	10	4	1	1	0	0	45	0	0
22	0	264765	3	10	0	1	0	1	0	0	0	10	0	0
29	0	148069	11	11	0	7	2	1	1	0	0	40	0	0
34	2	41493	7	13	3	3	0	1	1	0	0	40	0	0
51	3	168539	1	9	1	1	1	1	0	0	0	84	0	0
54	2	108233	2	12	4	3	2	0	1	0	0	20	0	0
25	5	66692	7	13	0	10	2	1	1	0	0	40	0	0
35	0	122747	7	13	1	5	1	1	0	0	0	50	0	1
36	6	176289	9	16	0	5	2	1	1	0	0	40	0	0
57	0	238017	1	9	2	9	2	0	1	0	0	54	0	0
28	0	41099	3	10	1	10	1	1	0	0	0	40	0	0
34	0	190151	3	10	0	7	2	1	1	0	0	42	0	0
58	0	109159	1	9	2	9	3	1	1	0	0	38	0	0
37	1	176949	8	14	1	8	1	1	0	7688	0	55	0	1
61	0	293899	7	13	1	8	1	1	0	0	0	50	0	1
48	0	168262	7	13	1	10	1	1	0	0	0	25	0	1
64	0	208862	0	7	1	12	1	1	0	0	0	15	0	0
50	0	69477	4	6	1	1	1	1	0	0	0	45	0	0
34	0	443546	1	9	0	13	0	1	0	0	0	40	7	0
21	2	202989	3	10	0	3	0	1	0	0	0	80	0	0
59	3	49996	1	9	2	4	2	0	1	0	0	20	0	0
75	5	220618	3	10	2	7	2	1	1	0	0	10	0	0
30	0	127875	7	13	1	7	4	1	1	0	0	40	0	0
26	0	217517	11	11	1	12	1	1	0	2885	0	40	0	0
20	0	162151	1	9	0	10	0	0	1	0	0	20	0	0
53	4	314871	3	10	4	7	2	0	1	0	0	40	0	0
48	1	193960	8	14	1	5	1	1	0	7688	0	50	0	1
33	0	198103	1	9	0	6	0	1	0	0	0	40	0	0
47	5	106466	3	10	3	6	3	1	0	0	0	40	0	0
51	0	122109	7	13	3	8	3	1	1	0	0	50	0	0
54	0	254152	1	9	1	5	1	1	0	0	0	40	0	0
51	0	249449	7	13	1	8	1	1	0	0	0	55	0	1
47	0	184169	7	13	3	7	2	1	1	0	0	35	0	0
34	6	156192	3	10	1	8	1	1	0	0	0	45	0	1
31	3	175509	1	9	3	9	2	1	0	0	0	60	0	0
42	0	297266	3	10	1	10	1	1	0	0	0	90	0	1
24	0	188073	3	10	0	7	0	0	1	0	0	40	0	0
18	2	221312	3	10	0	3	5	1	0	0	0	40	0	0
79	0	121552	6	4	2	4	3	0	0	0	0	5	0	0
38	0	177134	1	9	1	10	4	0	1	0	0	40	0	0
67	0	127921	1	9	1	8	1	1	0	9386	0	40	0	1
25	0	210794	3	10	0	0	0	1	1	0	0	40	0	0
47	0	149366	7	13	1	0	1	1	0	0	0	40	2	0
25	0	214303	1	9	1	5	4	1	1	0	0	20	1	0
24	2	205940	12	5	0	3	0	1	1	0	0	30	0	0
24	2	43535	3	10	1	3	4	1	1	0	0	30	0	0
47	0	158924	7	13	1	8	4	1	1	0	0	40	0	1
46	0	270437	1	9	3	8	3	1	1	0	0	40	0	0
26	0	266505	1	9	1	10	1	1	0	5013	0	38	0	0
32	0	37070	1	9	0	0	2	1	0	0	0	40	16	0
26	4	56419	5	15	0	5	2	2	1	0	0	20	14	0
52	0	389270	11	11	3	7	2	1	1	0	0	36	0	0
61	0	205266	1	9	1	7	1	1	0	0	0	40	0	0
46	4	104575	11	11	3	9	2	1	1	0	0	40	0	0
41	3	99220	3	10	1	0	1	1	0	0	0	40	0	0
48	0	178313	1	9	1	10	1	1	0	0	0	60	0	0
41	1	103614	7	13	1	5	1	1	0	0	0	45	0	1
47	0	114882	11	11	1	12	1	1	0	0	0	40	0	0
33	0	186977	1	9	1	12	1	1	0	0	0	40	15	0
22	0	208893	3	10	0	10	2	1	0	0	0	10	0	0
57	6	84231	8	14	1	10	1	1	0	0	1977	50	0	1
20	0	129240	3	10	0	10	0	1	1	0	0	30	0	0
64	0	113061	1	9	1	6	1	1	0	0	0	40	0	0
36	0	243409	7	13	1	6	1	1	0	0	0	45	0	0
18	2	28132	13	8	0	3	0	1	1	0	0	40	0	0
40	0	77975	1	9	1	6	1	1	0	0	0	40	0	0
28	2	241580	1	9	3	3	3	1	1	0	0	55	0	0
40	0	165599	1	9	1	10	1	1	0	4064	0	40	0	0
31	0	85374	1	9	0	4	2	1	0	0	0	42	0	0
32	3	45604	7	13	1	1	1	1	0	0	0	70	0	0
42	0	109501	10	3	4	13	3	1	1	0	0	40	0	0
22	2	289405	3	10	0	3	0	1	0	0	0	40	0	0
25	0	75759	3	10	0	7	2	1	0	3325	0	40	0	0
27	0	144808	3	10	0	7	0	0	1	0	0	40	0	0
21	2	231511	3	10	0	3	0	1	1	0	0	20	0	0
47	0	155890	7	13	1	5	1	1	0	7688	0	40	0	1
56	3	108496	1	9	1	6	1	1	0	0	0	40	0	0
31	0	101562	3	10	3	4	0	1	1	0	0	35	0	0
29	0	116372	7	13	0	10	2	1	1	0	0	50	0	1
17	0	58037	4	6	0	4	0	1	0	0	0	40	0	0
38	0	339025	1	9	1	13	1	2	0	0	1579	40	13	0
31	0	117659	0	7	1	12	1	1	0	0	0	40	0	1
23	0	372898	1	9	1	10	4	1	1	0	0	40	0	0
24	0	199426	7	13	0	4	0	1	1	0	0	30	0	0
25	0	36023	1	9	5	12	2	1	0	0	0	55	0	0
64	2	186535	7	13	1	3	1	1	0	3103	0	3	0	0
44	0	57600	3	10	1	7	4	1	1	0	0	38	0	0
48	0	369522	3	10	3	8	2	1	1	0	0	60	0	0
35	0	28572	0	7	0	6	2	1	0	0	0	40	0	0
35	0	215323	7	13	1	4	1	1	0	0	0	40	0	0
38	0	81846	8	14	1	5	1	2	0	0	0	40	27	0
68	0	535762	3	10	1	7	1	1	0	0	1844	10	0	0
59	0	239405	1	9	3	4	3	0	1	0	0	35	32	0
43	1	43998	7	13	3	5	3	1	1	0	0	50	0	0
28	0	408417	3	10	0	10	0	0	0	0	0	40	0	0
50	3	43705	7	13	3	8	2	1	0	0	0	50	0	0
45	0	176841	1	9	0	4	2	1	1	0	0	40	11	0
17	0	120676	0	7	0	10	0	1	1	0	0	16	0	0
44	1	207685	8	14	0	5	2	1	0	8614	0	33	0	1
26	0	157708	3	10	0	7	2	1	1	0	0	40	0	0
27	0	126349	3	10	0	10	2	1	0	0	0	49	0	0
40	0	277647	3	10	1	7	1	1	0	0	0	35	0	1
45	0	174426	8	14	1	5	1	1	0	0	0	43	0	0
43	3	37869	7	13	1	5	1	1	0	0	1977	40	0	1
28	0	150025	3	10	0	1	2	1	0	0	0	40	2	0
54	3	155496	3	10	0	4	3	1	1	2176	0	40	0	0
43	0	174748	7	13	3	8	3	0	1	7430	0	45	0	1
40	6	140915	7	13	1	9	1	3	0	0	0	40	40	1
19	0	187161	3	10	0	10	0	1	1	0	0	18	0	0
24	0	181820	3	10	0	1	2	1	0	0	0	45	0	0
20	0	438321	1	9	0	0	2	1	0	0	0	50	0	0
55	0	342121	1	9	0	8	2	1	0	0	0	54	0	0
39	0	135162	13	8	1	6	1	1	0	0	0	45	0	0
22	0	289448	2	12	0	7	0	2	1	0	2205	30	8	0
44	3	157237	11	11	1	5	1	1	0	15024	0	50	0	1
30	0	184542	3	10	0	7	2	1	1	0	0	40	0	0
74	0	70234	1	9	2	10	3	1	1	0	0	26	0	0
30	0	170412	3	10	3	6	2	1	0	0	0	40	0	0
31	0	171184	3	10	3	8	2	1	1	0	0	40	5	0
56	2	141076	1	9	3	3	2	0	1	3674	0	40	0	0
59	0	168145	1	9	3	6	2	1	1	0	0	40	0	0
24	0	172594	7	13	0	7	0	1	1	0	0	40	0	0
21	0	133582	10	3	0	1	2	1	0	2176	0	36	4	0
51	0	214840	3	10	1	6	1	1	0	0	0	48	0	1
20	2	301408	3	10	0	3	0	1	1	0	1602	30	0	0
33	0	97723	1	9	1	6	1	1	0	0	1672	40	0	0
51	3	318351	2	12	1	5	4	1	1	0	0	30	25	1
20	0	69911	3	10	0	10	0	1	1	0	0	15	0	0
59	0	200316	1	9	1	6	1	1	0	0	0	40	0	0
31	1	265426	7	13	0	5	0	1	1	0	0	30	0	0
39	0	66687	3	10	4	6	3	1	0	0	0	45	0	0
31	0	107417	3	10	0	5	2	1	0	0	0	40	0	0
46	2	140782	1	9	4	3	0	1	1	0	0	36	0	0
23	2	212210	3	10	0	3	0	1	1	0	0	15	0	0
57	0	144012	7	13	1	8	1	1	0	0	0	40	0	1
67	2	40021	9	16	1	3	1	1	0	0	0	40	0	0
35	3	228493	14	2	1	8	1	1	0	4386	0	65	4	0
40	5	114714	9	16	1	8	1	2	0	0	0	40	23	1
17	0	188758	0	7	0	4	0	1	0	0	0	20	0	0
34	0	176862	7	13	0	5	2	1	0	0	0	40	0	0
33	1	107793	1	9	1	6	1	1	0	0	0	50	0	1
47	3	333052	7	13	3	8	2	1	1	0	0	5	0	0
49	0	175958	7	13	1	8	1	1	0	0	0	46	0	1
24	0	125012	7	13	5	7	0	0	1	0	0	20	0	0
28	0	135296	3	10	0	9	2	1	1	0	0	40	0	0
30	1	31171	3	10	0	6	2	1	0	0	1590	40	0	0
31	0	103860	4	6	0	6	2	1	0	0	0	45	0	0
40	0	90582	1	9	1	13	1	1	0	0	0	40	0	0
46	0	216292	1	9	1	10	1	1	0	0	0	45	0	0
54	1	188588	10	3	0	0	2	1	0	0	2001	35	0	0
27	2	173178	3	10	0	3	2	0	0	0	0	36	0	0
50	6	193720	7	13	1	8	1	1	0	0	1672	48	0	0
35	0	218542	12	5	1	8	4	1	1	0	0	40	0	0
44	0	138845	1	9	1	0	1	1	0	0	0	45	0	0
46	5	86837	3	10	5	7	2	2	0	0	0	50	8	0
22	5	125010	7	13	0	5	0	1	1	0	0	20	0	0
38	0	50149	3	10	0	4	2	1	1	0	0	30	0	0
46	0	241350	3	10	0	8	2	1	0	8614	0	50	0	1
81	0	39895	6	4	2	8	2	1	1	0	0	2	0	0
36	3	258289	1	9	0	6	0	1	0	0	0	35	0	0
28	3	183151	1	9	1	6	1	1	0	0	0	40	0	1
58	2	228614	6	4	1	3	1	0	0	0	0	35	0	0
51	0	192236	3	10	1	13	1	1	0	3464	0	48	0	0
37	2	161664	3	10	1	3	4	1	1	0	0	60	0	0
45	0	105381	3	10	3	0	2	1	1	0	0	40	0	0
40	0	235786	1	9	4	6	2	1	0	0	0	40	0	0
44	0	118947	8	14	1	10	1	1	0	0	0	44	0	1
35	0	168817	1	9	0	0	0	1	0	0	0	40	0	0
34	0	24361	7	13	0	5	2	1	1	0	0	40	0	0
25	0	321223	3	10	3	4	2	1	1	0	0	20	0	0
66	0	146810	1	9	1	12	1	1	0	0	0	24	0	0
30	1	94041	7	13	0	9	2	1	0	3325	0	35	0	0
40	3	814850	12	5	3	4	2	4	1	0	0	20	0	0
43	0	331649	7	13	1	12	1	1	0	0	0	45	0	0
43	0	209894	3	10	3	4	3	1	1	0	0	38	0	0
44	0	229954	2	12	2	7	3	1	1	0	0	40	0	0
48	0	287547	3	10	3	5	3	1	1	0	0	40	0	0
42	0	184018	8	14	1	10	1	1	0	0	0	45	0	1
25	0	332409	11	11	1	6	1	1	0	0	0	40	0	1
33	1	113364	1	9	1	4	1	1	0	0	0	40	0	0
28	5	134813	7	13	0	5	2	1	0	0	0	65	0	1
24	0	273049	7	13	0	8	2	1	0	0	0	42	0	0
29	0	334277	7	13	0	10	2	1	0	0	0	45	0	0
51	5	196395	1	9	1	5	1	0	0	0	0	60	0	1
47	0	138069	3	10	1	6	1	1	0	0	0	40	0	0
45	0	358259	3	10	0	6	2	1	0	0	0	50	0	0
36	0	362067	11	11	4	7	3	0	1	0	0	40	0	0
54	0	209947	0	7	1	12	1	1	0	0	0	42	0	0
23	0	122244	3	10	0	9	0	1	1	0	0	40	0	0
36	0	116546	1	9	1	4	1	1	0	0	0	40	0	0
44	0	213934	1	9	1	6	1	1	0	2829	0	42	0	0
27	1	24988	11	11	0	9	2	1	1	0	1564	72	0	1
53	0	157229	2	12	1	10	4	2	1	0	0	40	17	0
30	0	162442	3	10	0	6	0	1	1	0	0	40	0	0
67	4	231604	1	9	0	7	2	1	0	0	0	40	0	1
24	0	187031	8	14	0	10	3	0	1	0	0	38	0	0
33	0	172714	11	11	1	6	1	1	0	0	0	40	0	0
29	3	198286	7	13	0	5	2	1	1	0	0	40	0	0
51	3	220001	7	13	3	10	3	1	1	0	0	40	0	0
44	0	262656	1	9	0	4	3	0	0	0	0	32	0	0
27	0	203776	0	7	1	0	1	1	0	0	0	40	0	0
36	0	193815	3	10	1	6	1	1	0	0	0	50	0	1
57	1	173242	7	13	3	5	2	1	1	0	0	35	0	0
43	0	108126	1	9	3	4	3	1	1	0	1762	24	0	0
62	0	199021	1	9	5	6	2	1	0	0	0	54	0	0
53	0	92968	2	12	4	8	3	1	1	0	0	40	0	0
44	0	173682	1	9	3	12	2	1	0	0	0	40	0	0
44	1	277533	3	10	1	2	1	1	0	0	0	40	0	1
22	0	90896	3	10	0	10	0	1	1	0	0	40	0	0
57	6	212600	7	13	1	8	1	1	0	0	1977	40	0	1
52	0	261671	1	9	1	0	1	2	0	0	0	40	13	0
66	0	86321	1	9	2	12	2	1	0	0	0	22	0	0
37	3	119992	1	9	1	1	1	1	0	0	0	99	0	0
33	0	427812	12	5	1	13	1	1	0	0	0	40	12	0
34	0	55849	1	9	1	8	1	1	0	7298	0	50	0	1
23	0	271354	1	9	1	12	1	1	0	0	1902	50	0	1
36	0	131239	1	9	0	6	5	1	0	0	0	40	0	0
50	5	139157	8	14	3	5	2	1	0	0	0	60	0	1
39	5	305541	1	9	0	4	3	1	1	0	0	55	0	0
50	0	151159	11	11	1	4	1	1	0	0	0	55	0	0
23	0	84726	2	12	1	1	4	1	1	0	0	45	7	0
47	2	175530	10	3	4	3	0	1	1	0	0	56	4	0
39	1	364782	3	10	1	2	1	1	0	0	0	40	0	1
43	0	137304	7	13	1	9	4	0	1	0	0	40	0	1
23	0	197613	7	13	0	7	2	1	1	0	0	40	0	0
44	6	171615	5	15	1	5	1	1	0	0	0	55	0	1
57	3	105824	0	7	1	1	1	1	0	0	0	99	0	0
47	1	250745	1	9	3	4	0	1	1	0	0	32	0	0
28	0	352451	6	4	4	0	3	0	1	0	0	40	0	0
17	0	123947	0	7	0	13	0	1	0	0	0	15	0	0
43	0	178983	8	14	4	10	3	1	1	6497	0	50	0	0
47	0	101299	7	13	1	8	1	1	0	0	0	50	0	1
53	6	124993	4	6	1	8	1	1	0	0	0	60	0	0
26	0	178478	3	10	0	10	0	1	1	0	0	40	0	0
46	0	67001	9	16	1	5	1	1	0	0	0	40	0	1
20	0	97295	3	10	0	7	2	1	1	0	0	25	0	0
48	1	169515	7	13	3	2	2	0	1	0	0	43	0	1
49	0	121253	1	9	3	8	2	1	1	0	1564	40	0	1
52	4	35546	1	9	1	9	1	1	0	0	0	40	0	0
35	0	111635	1	9	1	4	1	1	0	0	0	40	0	0
51	0	207419	1	9	3	6	2	1	0	0	0	60	0	0
31	0	143083	8	14	1	8	4	1	1	0	0	40	0	1
42	3	248094	1	9	1	1	1	1	0	0	0	50	0	0
41	0	170685	3	10	3	10	3	1	0	0	0	46	0	0
46	0	116143	7	13	1	1	1	1	0	0	0	40	0	0
25	0	223426	11	11	0	10	2	1	0	0	0	65	25	1
23	0	370548	1	9	1	13	1	1	0	0	0	27	0	0
43	0	245525	7	13	1	13	1	1	0	0	0	38	0	0
41	0	408229	3	10	0	7	2	1	0	0	0	15	0	0
29	1	181434	7	13	1	5	1	1	0	7298	0	40	0	1
27	0	213225	7	13	1	5	4	1	1	7298	0	45	21	1
24	0	199915	7	13	0	10	0	1	1	0	0	35	0	0
44	1	143104	3	10	1	8	4	1	1	0	0	38	0	1
31	0	874728	1	9	0	7	5	0	0	0	0	40	0	0
43	0	27661	3	10	0	6	2	1	0	0	0	40	0	0
41	1	216116	1	9	3	2	3	0	1	0	0	40	0	1
43	0	193882	3	10	1	12	1	1	0	0	0	50	0	0
50	3	98180	3	10	1	10	1	1	0	99999	0	45	0	1
70	3	92353	0	7	1	1	1	1	0	0	0	40	0	0
78	3	184762	1	9	1	1	1	1	0	3471	0	50	0	0
21	2	148294	3	10	0	3	0	1	0	0	0	40	0	0
26	0	128777	3	10	0	10	5	0	1	0	0	40	0	0
73	0	108098	1	9	3	7	2	1	1	0	0	32	0	0
47	0	233511	1	9	3	8	2	1	0	0	0	40	0	0
39	0	223792	1	9	1	0	1	1	0	0	0	40	0	1
61	0	43904	1	9	3	4	2	0	0	0	0	40	0	0
45	0	239864	1	9	0	7	0	1	0	0	0	40	0	0
47	0	159075	1	9	3	10	2	1	0	0	0	40	0	0
38	3	103474	7	13	0	4	0	1	1	0	0	20	0	0
21	0	90896	1	9	0	0	0	1	1	0	0	40	0	0
46	0	145290	11	11	1	10	1	1	0	0	0	40	0	1
23	0	155818	7	13	0	7	0	1	1	0	0	40	0	0
28	3	35864	3	10	1	8	1	3	0	0	0	70	30	1
18	0	394954	3	10	0	7	2	1	1	0	0	40	0	0
50	5	34637	12	5	1	5	1	1	0	0	2002	40	0	0
34	0	38223	11	11	1	6	1	1	0	0	0	40	0	0
30	0	352105	7	13	0	5	2	0	1	0	0	40	0	0
53	0	291096	14	2	3	0	2	1	0	0	0	40	0	0
63	3	144391	7	13	1	1	1	1	0	0	0	20	0	0
62	0	44013	1	9	1	6	1	1	0	0	0	40	0	0
28	0	134890	1	9	0	12	0	1	0	0	0	40	0	0
39	3	497525	4	6	4	6	2	0	0	0	0	40	0	0
28	0	195520	3	10	0	12	0	1	0	0	0	20	0	0
44	3	35166	3	10	1	1	1	1	0	0	0	75	0	0
26	0	180514	7	13	0	6	2	0	0	0	0	40	0	0
32	0	262153	0	7	5	6	0	1	0	0	0	40	0	0
39	1	91039	8	14	1	8	1	1	0	0	0	45	0	0
70	2	30140	12	5	0	3	3	1	0	0	0	40	0	0
27	0	125791	7	13	0	5	5	1	1	0	0	15	0	0
31	0	337505	5	15	1	5	1	2	0	0	0	40	16	0
61	0	258775	1	9	1	2	1	1	0	4386	0	40	0	1
32	0	153152	4	6	1	4	1	1	0	0	2051	38	0	0
21	2	120998	3	10	0	3	0	1	0	0	0	40	0	0
24	3	434102	0	7	0	5	2	1	1	0	0	3	0	0
39	0	342768	3	10	1	12	1	1	0	0	0	40	0	1
29	0	160786	3	10	1	0	1	1	0	0	0	46	0	0
52	0	279440	1	9	1	8	1	1	0	5178	0	40	0	1
26	3	67240	1	9	0	13	2	1	0	0	0	35	0	0
30	0	196963	2	12	0	9	0	1	1	0	0	15	0	0
70	0	115239	1	9	1	7	1	1	0	0	0	30	0	0
29	0	133937	1	9	0	13	0	1	0	0	0	30	0	0
32	0	31714	3	10	3	7	5	1	1	4865	0	40	0	0
32	0	347623	1	9	1	13	1	1	0	0	0	40	0	0
58	0	174848	13	8	1	6	1	1	0	0	0	40	0	0
75	3	106873	0	7	2	10	2	1	0	0	0	40	0	0
37	0	49687	7	13	3	6	2	1	0	0	1980	40	0	0
39	0	256294	1	9	1	4	1	0	0	0	0	40	0	0
66	5	33155	1	9	1	8	1	1	0	0	0	45	0	1
46	0	131939	1	9	3	6	2	1	0	0	0	40	0	0
49	1	95256	7	13	1	2	1	1	0	0	0	42	0	1
32	0	198901	4	6	1	6	1	1	0	0	0	40	0	0
20	0	177287	1	9	0	8	0	1	1	0	0	40	0	0
44	0	144925	3	10	3	0	2	1	0	3325	0	40	0	0
42	0	188243	7	13	3	8	2	1	1	0	0	50	0	1
34	3	198068	1	9	1	6	1	1	0	0	0	40	0	0
37	0	116960	1	9	1	2	1	1	0	0	0	40	0	1
22	0	172496	3	10	0	13	2	1	0	0	0	40	19	0
21	2	399449	3	10	0	3	0	1	1	0	0	20	0	0
33	0	251990	1	9	4	7	2	3	0	0	0	37	0	0
54	4	28683	1	9	1	7	1	1	0	4386	0	41	0	1
36	0	109133	7	13	1	10	1	1	0	0	0	50	0	1
36	0	24504	1	9	3	7	3	1	1	0	0	40	0	0
44	0	201495	2	12	1	8	1	1	0	0	1977	50	0	1
49	0	187634	7	13	3	10	2	1	1	0	0	50	0	1
40	0	77391	1	9	1	12	1	1	0	0	0	40	0	0
49	3	36601	1	9	1	6	1	1	0	0	0	40	25	1
31	3	197193	1	9	0	4	2	1	0	0	0	27	0	0
81	3	184762	3	10	1	9	1	1	0	0	0	25	37	0
40	0	200671	1	9	3	0	0	0	0	0	0	40	0	0
47	0	186539	3	10	1	4	1	1	0	0	0	10	0	0
39	0	199816	1	9	1	12	1	1	0	0	0	50	0	1
42	0	171351	1	9	1	13	1	1	0	0	0	40	0	0
29	0	119793	6	4	1	6	1	1	0	0	0	40	26	1
40	1	38876	1	9	1	8	1	1	0	0	0	48	0	0
28	0	145242	7	13	1	5	4	1	1	4386	0	20	0	1
19	2	292774	1	9	0	3	0	1	0	0	0	40	0	0
32	5	217251	11	11	3	8	2	1	1	0	0	43	0	0
35	0	195253	3	10	1	8	1	1	0	0	0	60	0	0
35	2	139854	2	12	1	3	1	1	0	0	0	15	0	0
52	5	145072	8	14	3	5	2	1	1	0	0	40	0	0
17	0	108085	13	8	0	4	0	1	1	0	0	24	0	0
23	0	72055	1	9	0	7	3	1	1	0	0	40	0	0
76	0	82628	6	4	1	4	1	1	0	0	0	45	0	0
41	3	49156	9	16	0	5	2	1	0	0	0	30	0	0
46	0	187666	1	9	3	8	3	1	1	0	0	55	0	0
49	3	225456	7	13	1	10	1	1	0	0	0	60	0	1
60	4	286253	1	9	5	13	2	1	0	0	0	40	0	0
65	2	168548	1	9	1	3	1	1	0	0	0	40	0	0
62	0	190384	1	9	0	7	2	0	1	0	0	37	0	0
46	4	362835	2	12	1	5	1	1	0	0	0	40	7	1
50	0	243322	1	9	5	12	2	1	0	0	0	45	0	0
39	0	49105	11	11	4	7	0	1	1	594	0	40	0	0
20	0	72520	3	10	0	4	0	1	0	0	0	30	0	0
38	0	200352	7	13	1	8	1	1	0	0	0	50	0	0
56	0	146660	1	9	3	13	3	1	0	0	0	10	0	0
30	3	247328	11	11	4	10	2	1	0	0	0	40	4	0
41	0	304605	1	9	1	6	1	1	0	0	0	40	25	1
29	0	309778	7	13	0	6	2	1	0	0	0	40	0	0
43	0	248476	7	13	1	13	1	1	0	0	0	60	0	0
28	0	129624	7	13	1	10	1	1	0	0	0	45	18	0
30	0	97723	1	9	1	6	1	1	0	0	0	35	0	1
19	0	143404	1	9	0	0	0	1	0	0	0	30	0	0
56	0	127264	3	10	1	6	1	1	0	0	0	34	0	0
28	0	179191	1	9	1	6	1	1	0	0	0	35	0	0
23	0	230824	7	13	0	6	2	1	0	0	0	35	0	0
34	0	410615	2	12	1	8	1	1	0	0	0	60	0	1
43	0	224998	7	13	1	8	1	0	0	0	1977	40	0	1
60	3	54553	1	9	1	6	1	1	0	0	0	20	0	0
43	1	225165	3	10	1	2	1	1	0	0	0	40	0	0
60	6	75257	1	9	1	6	4	1	1	0	0	40	0	0
42	0	33155	1	9	1	6	1	1	0	0	0	85	0	0
32	1	450141	3	10	3	2	2	1	0	0	1408	40	0	0
31	0	441949	3	10	1	9	1	1	0	0	0	40	4	1
25	0	131341	1	9	0	1	2	1	0	0	0	36	22	0
25	0	227548	13	8	1	4	1	0	0	3103	0	40	0	0
41	6	38876	2	12	1	1	1	1	0	0	1977	50	0	1
26	0	143756	3	10	0	4	2	1	0	0	0	40	0	0
45	1	308275	7	13	1	8	1	0	0	7688	0	65	0	1
35	0	173586	1	9	1	6	1	1	0	0	0	45	0	1
21	0	196074	12	5	0	4	5	1	0	0	0	40	0	0
39	4	178877	1	9	1	9	1	1	0	0	0	40	0	1
22	0	285580	7	13	0	8	0	1	0	0	0	45	0	0
66	3	219220	7	13	1	6	1	1	0	2290	0	40	7	0
32	4	228696	3	10	3	7	3	1	0	0	0	40	4	0
39	0	185405	4	6	1	6	1	1	0	0	0	40	0	0
41	6	240124	3	10	1	1	1	1	0	0	0	50	0	0
26	2	96130	1	9	0	3	2	1	0	0	0	40	21	0
31	0	329172	3	10	3	7	3	1	1	0	0	40	0	0
27	0	147280	0	7	0	4	0	3	0	0	0	40	0	0
34	0	197252	7	13	1	8	1	1	0	0	0	45	0	1
43	5	118544	8	14	1	8	1	1	0	0	0	50	0	1
56	0	183169	1	9	0	7	0	1	1	0	0	35	0	0
34	0	205810	1	9	1	13	4	0	1	0	1672	40	0	0
23	0	132556	1	9	0	13	2	1	0	0	0	40	0	0
29	0	438429	1	9	0	7	3	1	1	0	0	40	0	0
34	0	104293	2	12	0	9	3	1	1	0	0	40	0	0
37	0	506830	7	13	0	7	2	0	1	0	0	40	0	0
42	0	56072	2	12	1	10	1	1	0	0	0	45	0	1
51	1	164300	1	9	4	7	3	1	1	0	0	40	12	0
34	0	274577	1	9	3	7	3	0	1	0	0	40	0	0
60	3	36568	12	5	1	12	1	1	0	0	0	70	0	0
41	0	223548	1	9	0	6	3	1	0	0	0	40	4	0
27	1	478277	7	13	1	5	1	0	0	0	0	40	0	0
46	0	254672	3	10	0	0	2	1	1	2354	0	40	0	0
22	0	171538	1	9	3	4	0	1	1	0	0	35	0	0
17	2	220302	4	6	0	3	0	1	0	0	0	40	0	0
18	0	87135	0	7	0	4	0	1	0	0	0	15	0	0
46	3	138626	1	9	1	8	1	1	0	0	0	40	0	1
40	0	179069	7	13	0	5	2	1	0	0	0	30	0	0
24	0	88824	7	13	0	9	2	1	0	0	0	40	0	0
28	3	159623	3	10	0	5	0	1	0	0	0	30	0	0
67	2	350525	3	10	1	3	1	1	0	0	0	15	0	1
53	3	276369	1	9	1	1	1	1	0	0	0	99	0	0
25	0	96862	3	10	0	5	2	1	1	0	0	65	0	0
18	0	245486	1	9	0	4	0	1	1	0	0	20	0	0
64	1	209899	3	10	1	2	1	1	0	0	0	35	0	0
45	0	306122	7	13	0	4	2	0	1	0	0	44	0	1
32	0	240763	0	7	3	12	0	0	0	0	0	45	0	0
30	0	323069	1	9	0	7	2	1	1	0	0	30	0	0
35	0	179579	1	9	1	7	1	1	0	0	0	45	0	0
46	2	162034	3	10	3	3	2	1	0	0	0	40	0	0
19	0	291181	1	9	0	10	5	1	1	0	0	28	4	0
31	0	356823	7	13	0	9	2	1	1	10520	0	40	0	1
39	0	312271	3	10	1	10	1	1	0	0	0	60	0	0
33	0	182714	7	13	0	8	2	1	1	0	0	40	0	0
25	0	184569	1	9	0	13	5	1	0	0	0	45	0	0
55	0	129762	1	9	3	4	5	1	1	0	0	40	31	0
23	0	216867	1	9	0	12	0	1	0	0	0	40	0	0
45	3	155489	3	10	1	10	1	1	0	0	0	65	0	0
42	0	256179	3	10	1	0	4	0	1	0	0	48	0	1
65	0	51063	4	6	3	4	2	0	0	0	0	64	0	0
37	5	164898	7	13	1	5	1	1	0	0	0	40	0	1
28	0	202206	1	9	1	0	1	1	0	0	0	50	12	0
48	0	115358	6	4	1	11	4	0	1	0	0	15	0	0
43	1	343068	8	14	3	5	2	1	1	0	0	65	0	0
44	0	152908	1	9	0	7	5	1	1	0	0	40	0	0
58	1	217802	8	14	1	5	1	0	0	7688	0	45	0	1
70	3	380498	7	13	2	5	2	1	1	0	0	30	0	0
28	1	257124	8	14	0	5	2	1	0	0	0	55	0	0
46	1	313635	5	15	4	5	2	0	0	4650	0	40	0	0
33	0	168906	3	10	3	4	3	1	1	0	0	55	0	0
35	1	99146	7	13	1	2	1	1	0	0	0	50	0	0
18	0	190325	0	7	0	5	0	1	0	0	0	40	0	0
29	0	272715	4	6	3	4	2	1	1	0	0	30	0	0
29	0	118598	1	9	0	0	3	0	1	0	0	40	0	0
59	0	97213	1	9	1	1	1	1	0	0	0	40	0	1
29	0	39388	1	9	1	1	1	1	0	0	0	40	0	0
22	0	190916	0	7	3	10	5	1	1	0	0	25	0	0
34	0	61308	1	9	1	8	1	1	0	0	0	45	0	0
30	0	27856	1	9	1	7	4	1	1	0	0	40	0	0
54	5	151580	3	10	1	5	1	1	0	0	1902	40	0	1
38	0	248011	0	7	3	12	3	1	0	0	0	55	0	0
44	0	188615	1	9	1	10	1	1	0	0	0	60	0	1
30	0	62932	1	9	0	1	0	1	0	0	0	60	0	0
28	0	32510	1	9	1	7	4	1	1	0	0	15	0	0
60	2	155977	3	10	2	3	3	0	1	0	0	54	0	0
57	4	250873	1	9	1	12	1	1	0	0	0	40	0	0
38	0	257942	1	9	0	7	2	1	0	0	0	60	0	0
43	0	334141	6	4	3	4	3	0	1	0	0	40	0	0
22	2	144210	0	7	1	3	4	1	1	0	0	20	0	0
34	0	87535	9	16	0	8	2	1	1	0	0	40	0	0
46	0	222011	3	10	3	8	2	1	0	0	0	50	0	0
44	0	33895	1	9	3	4	3	1	1	0	0	40	0	0
23	0	168997	3	10	0	8	0	1	0	0	0	40	0	0
50	1	163576	8	14	0	5	2	1	1	0	0	50	0	1
72	0	98035	6	4	1	4	1	1	0	0	0	20	0	0
20	2	41356	11	11	0	3	2	1	1	0	0	40	0	0
24	0	245361	1	9	0	1	0	1	0	0	0	40	0	0
35	0	109133	1	9	0	4	2	1	0	0	0	40	1	0
62	2	111563	12	5	1	3	1	1	0	0	0	21	0	0
75	3	124256	3	10	1	8	1	1	0	0	2149	35	0	0
21	2	227521	3	10	0	3	0	1	1	0	0	15	0	0
60	3	197060	1	9	1	6	1	1	0	0	0	30	0	0
18	0	332125	1	9	0	0	5	1	0	2176	0	25	0	0
19	0	348867	1	9	0	10	5	0	1	0	0	15	0	0
31	6	118584	3	10	3	8	2	1	1	0	0	40	0	0
36	3	110622	7	13	3	10	3	2	1	0	0	8	14	0
24	0	43535	7	13	0	4	2	1	1	0	0	32	0	0
62	0	84784	1	9	3	0	3	1	0	0	1741	40	0	0
25	0	266600	1	9	1	7	1	0	0	3137	0	40	0	0
28	0	106935	7	13	1	10	1	1	0	0	0	50	0	1
56	0	265518	3	10	1	5	1	1	0	0	0	45	0	0
38	0	289653	11	11	2	0	2	1	0	0	0	40	0	0
32	0	340917	8	14	1	5	1	1	0	0	1848	60	1	1
41	0	56651	13	8	1	6	1	1	0	0	0	40	0	0
33	0	374833	14	2	5	1	3	1	0	0	0	40	4	0
38	0	210198	1	9	0	10	3	1	1	0	0	30	0	0
44	0	240448	1	9	0	13	0	1	1	0	0	20	0	0
20	0	206869	3	10	0	10	0	1	1	0	0	30	0	0
72	6	149689	5	15	1	5	1	1	0	20051	0	48	0	1
72	0	75594	3	10	1	6	1	1	0	2653	0	40	0	0
37	0	110331	5	15	1	4	4	1	1	0	0	60	0	1
54	0	353787	3	10	1	7	1	1	0	0	0	40	0	1
48	0	142909	1	9	1	9	1	1	0	0	0	40	0	0
40	0	54102	3	10	3	10	2	1	1	0	0	20	0	0
36	6	339116	11	11	3	8	2	1	1	0	0	40	1	0
60	2	50783	6	4	1	3	1	1	0	0	0	40	0	0
35	0	415500	1	9	1	6	1	0	0	0	0	40	0	0
41	0	79586	7	13	1	5	1	2	0	0	0	60	27	1
52	0	142757	3	10	1	5	1	0	0	0	0	56	0	1
37	0	91716	1	9	3	10	3	1	0	0	0	75	0	0
22	0	376393	1	9	1	7	4	1	1	0	0	30	0	0
59	0	129762	3	10	0	7	3	1	1	0	0	40	31	0
34	0	293017	3	10	0	9	3	0	1	0	0	40	0	0
42	3	54583	7	13	3	5	3	1	1	0	0	30	0	0
21	0	54472	1	9	0	4	2	1	1	0	0	40	0	0
22	2	129767	2	12	0	3	0	1	1	0	0	5	0	0
40	0	109217	0	7	1	6	1	1	0	0	0	45	4	0
32	0	189265	7	13	0	7	2	1	1	0	0	40	0	0
32	0	221680	7	13	0	0	2	1	0	0	0	40	0	0
46	0	200947	1	9	1	13	1	1	0	0	0	35	24	0
21	0	402136	3	10	0	8	0	1	1	0	0	20	0	0
30	0	119411	1	9	0	4	2	1	0	0	0	40	1	0
47	3	136258	3	10	3	4	2	1	0	0	0	30	0	0
53	0	35459	3	10	1	6	1	1	0	0	0	47	0	1
31	0	157640	7	13	1	10	1	1	0	7688	0	55	0	1
39	0	181384	2	12	0	7	2	1	0	0	0	20	0	0
50	0	81253	1	9	1	4	4	2	1	0	0	30	0	0
21	0	152668	3	10	0	4	2	1	0	0	0	35	0	0
17	2	387063	4	6	0	3	0	1	1	0	0	20	0	0
73	2	132256	7	13	2	3	3	1	1	0	0	7	0	0
39	0	106964	8	14	1	10	1	1	0	0	1977	55	0	1
21	2	214238	1	9	5	3	0	1	1	0	0	40	0	0
20	0	218068	3	10	0	12	0	1	0	0	0	23	0	0
33	0	162572	1	9	0	12	2	1	0	0	0	60	0	0
74	3	160009	2	12	1	8	1	1	0	0	0	30	0	1
25	0	164488	3	10	3	6	2	1	0	0	0	40	0	0
51	2	209794	1	9	1	3	4	1	1	0	0	3	0	1
31	0	119033	1	9	0	13	0	1	0	0	0	50	0	0
27	0	311446	3	10	0	7	2	1	1	0	0	60	7	0
31	0	128065	0	7	1	1	1	1	0	0	0	55	0	1
48	0	101016	8	14	3	5	3	1	1	0	0	40	0	0
73	0	33493	1	9	2	10	2	1	1	0	0	3	0	0
34	0	130078	8	14	1	5	4	1	1	7688	0	32	1	1
30	0	284826	1	9	1	5	1	1	0	0	0	50	0	0
53	3	169112	7	13	1	8	1	1	0	0	0	40	35	1
37	4	362006	1	9	1	7	4	1	1	0	0	40	0	1
19	0	124906	3	10	0	7	0	1	1	0	1719	25	0	0
53	0	229247	13	8	1	12	1	1	0	5013	0	45	0	0
59	6	170993	5	15	3	5	2	1	0	13550	0	40	0	1
39	0	157641	7	13	3	7	3	1	1	0	0	40	0	0
23	0	224632	7	13	0	7	0	0	1	0	0	38	0	0
26	0	159732	7	13	0	7	2	1	0	0	2205	43	0	0
56	3	221801	3	10	1	4	1	1	0	0	0	40	0	0
90	0	347074	3	10	0	7	0	1	1	0	1944	12	0	0
35	0	143059	1	9	1	12	4	1	1	0	1902	28	0	1
23	0	37072	1	9	1	6	1	1	0	0	0	40	0	0
52	0	137815	12	5	3	12	2	1	0	0	0	40	0	0
43	4	594194	1	9	1	6	1	0	0	0	0	40	0	1
41	0	284716	1	9	4	4	3	1	1	0	0	15	0	0
39	0	202662	3	10	0	10	2	1	0	0	0	40	0	0
56	1	191754	8	14	1	5	1	1	0	0	0	50	0	1
31	0	175985	3	10	3	8	2	1	1	0	0	50	0	0
69	0	108196	7	13	1	12	1	1	0	0	0	25	1	0
37	0	51198	3	10	1	6	1	1	0	0	0	45	0	0
26	6	384276	3	10	1	8	1	1	0	0	0	60	0	1
46	3	368355	7	13	1	10	1	1	0	0	0	60	0	1
20	0	221661	4	6	0	10	2	1	1	0	0	30	4	0
51	0	108435	7	13	1	4	1	1	0	0	0	40	0	1
63	2	176827	3	10	1	3	1	1	0	0	0	30	0	1
42	0	209547	3	10	1	10	1	1	0	5178	0	40	0	1
29	0	197565	1	9	1	4	4	1	1	0	1902	35	0	1
62	0	180418	13	8	0	6	3	1	0	0	0	40	0	0
35	3	45880	7	13	1	10	1	1	0	0	0	40	0	0
52	1	203953	1	9	1	12	1	1	0	0	0	40	12	1
64	3	178748	14	2	1	6	1	1	0	0	0	40	4	0
28	0	203171	11	11	0	9	0	1	0	0	0	55	0	0
71	0	132057	7	13	1	5	1	0	0	9386	0	50	0	1
33	1	40142	1	9	1	2	1	1	0	0	0	56	0	0
36	0	224541	6	4	1	13	1	1	0	0	0	40	11	0
67	3	221252	8	14	3	10	2	3	0	0	0	40	0	0
26	0	133766	0	7	1	12	1	1	0	0	0	35	0	0
41	0	244945	3	10	1	8	1	1	0	0	0	65	0	1
35	0	171393	1	9	1	12	1	1	0	0	0	50	0	0
63	3	326903	14	2	1	4	1	1	0	0	0	25	0	0
27	0	91257	1	9	1	4	1	1	0	0	0	40	11	0
41	0	118001	0	7	0	0	2	0	0	0	0	40	0	0
30	0	168906	3	10	0	7	3	1	1	0	0	44	0	0
27	0	267912	4	6	0	13	3	1	0	0	0	40	4	0
55	0	327406	3	10	3	10	2	1	0	0	0	65	0	1
25	0	141876	7	13	0	5	0	1	0	0	0	40	0	0
33	0	185177	1	9	0	0	2	1	0	0	0	40	0	0
35	0	191807	11	11	1	9	1	1	0	0	0	40	0	0
39	0	114942	3	10	1	12	1	1	0	0	0	43	0	1
32	6	204470	3	10	1	10	1	1	0	0	0	99	0	1
50	0	195844	9	16	0	8	2	1	0	13550	0	50	0	1
39	0	184659	1	9	1	0	1	1	0	0	0	40	0	0
39	0	224466	3	10	3	6	3	0	0	0	0	24	0	0
46	1	149551	1	9	1	2	1	1	0	5013	0	50	0	0
53	0	113522	1	9	1	2	1	1	0	0	0	40	0	0
68	0	116993	5	15	2	5	3	1	0	0	0	60	0	1
45	0	277434	3	10	3	7	2	1	0	0	0	50	0	0
42	0	167948	9	16	1	5	1	2	0	0	0	40	14	1
67	6	273239	7	13	1	10	1	1	0	0	0	50	0	1
74	0	322789	4	6	1	2	1	1	0	0	1411	40	0	0
20	1	240517	3	10	0	7	0	1	1	0	0	20	0	0
52	1	230112	8	14	1	5	1	1	0	0	0	40	0	1
21	1	211385	0	7	0	4	0	0	0	0	0	25	0	0
33	0	109282	6	4	0	13	2	1	0	0	0	40	0	0
32	0	367904	4	6	3	0	2	1	1	0	0	40	4	0
43	0	34278	3	10	1	10	1	1	0	0	0	35	0	0
67	0	221281	1	9	3	7	2	1	1	0	0	15	0	0
39	0	179671	4	6	1	6	1	1	0	0	0	40	0	0
28	5	106721	8	14	1	5	1	1	0	0	0	40	1	0
27	0	152951	1	9	0	0	0	1	0	0	0	40	0	0
30	0	315203	6	4	0	4	2	1	1	0	0	30	5	0
44	0	117728	11	11	1	9	1	1	0	0	0	40	0	1
23	0	192017	11	11	0	6	2	1	0	0	0	40	0	0
17	2	186575	0	7	0	3	0	1	0	0	0	10	0	0
42	0	120837	1	9	3	1	2	1	0	0	0	50	0	0
39	3	289430	10	3	1	1	1	1	0	0	0	50	4	0
44	0	304175	7	13	3	10	2	1	0	0	0	40	0	1
52	1	251841	8	14	0	5	2	1	1	0	0	50	0	0
17	0	33611	0	7	0	4	0	1	0	0	0	40	0	0
44	3	38122	1	9	3	6	2	1	0	0	0	45	0	0
23	3	72143	7	13	0	8	2	1	1	0	0	40	0	0
52	4	385183	7	13	1	7	1	1	0	0	0	40	0	1
58	0	37345	1	9	1	10	1	1	0	0	0	40	0	0
31	0	290964	11	11	1	9	4	1	1	0	0	38	0	1
26	0	52839	3	10	3	8	2	1	0	0	0	40	0	0
33	6	134737	1	9	1	1	1	1	0	2829	0	70	0	0
21	0	55465	4	6	0	0	0	1	0	0	0	40	0	0
48	0	377401	3	10	3	10	2	1	0	0	0	40	0	1
21	0	323497	1	9	0	4	0	0	0	0	0	36	0	0
21	0	334693	3	10	0	10	2	1	1	0	0	50	0	0
41	6	163215	5	15	0	5	2	1	1	0	0	60	0	1
54	0	178530	7	13	1	8	1	1	0	0	0	60	0	1
38	0	368256	2	12	0	10	2	1	1	0	0	45	0	0
37	0	191137	1	9	1	7	1	1	0	0	0	42	0	0
64	0	212513	7	13	3	7	2	1	1	0	0	40	0	0
56	0	147653	3	10	1	8	4	1	1	0	0	50	0	0
41	0	173307	1	9	1	6	1	1	0	0	0	40	0	1
42	0	212760	3	10	1	10	1	1	0	0	0	60	0	1
53	5	101238	3	10	1	8	1	1	0	0	0	40	0	1
37	0	306868	1	9	3	6	3	1	0	0	0	38	0	0
60	4	117509	1	9	2	7	2	1	0	0	0	40	0	0
35	0	151835	1	9	1	0	1	1	0	0	0	45	0	1
70	0	291998	3	10	1	10	1	1	0	20051	0	65	0	1
44	0	136986	9	16	1	5	1	1	0	0	0	50	0	1
50	0	201984	6	4	1	6	1	1	0	0	0	40	0	0
58	0	187060	1	9	3	7	2	1	1	0	0	40	25	0
46	0	174928	1	9	3	7	2	1	0	0	0	40	12	0
29	0	445480	13	8	1	0	5	1	0	0	0	40	0	0
26	0	265781	7	13	0	8	2	1	0	0	0	60	0	0
33	1	377107	3	10	4	4	0	0	1	0	0	35	0	0
42	0	347890	7	13	1	8	1	1	0	0	1902	50	0	1
24	0	199336	1	9	0	6	3	1	0	0	0	45	0	0
17	0	111593	0	7	0	10	0	1	1	0	0	8	0	0
35	0	258657	2	12	1	6	1	1	0	0	0	60	0	0
37	4	39207	1	9	0	7	2	1	0	0	0	40	0	1
59	0	159770	2	12	1	8	1	1	0	0	0	40	0	1
27	0	309463	12	5	0	13	2	1	0	0	0	10	0	0
38	4	215419	8	14	0	8	2	1	1	0	0	55	25	0
47	3	177533	3	10	1	6	1	1	0	0	0	40	0	0
42	0	251239	12	5	0	1	2	1	0	0	0	40	12	0
40	4	134307	7	13	3	5	2	0	1	0	1741	40	0	0
21	0	24598	3	10	0	4	0	1	1	0	0	40	0	0
36	3	140676	7	13	0	10	2	1	0	0	0	50	0	0
46	0	143542	0	7	2	0	5	1	0	0	0	20	0	0
65	2	38189	1	9	0	3	2	0	0	2346	0	40	0	0
31	0	158291	1	9	1	7	1	1	0	0	0	40	0	0
29	0	118503	1	9	3	0	2	1	0	0	0	50	0	0
50	3	71609	4	6	1	8	1	1	0	0	0	60	0	0
46	0	203653	7	13	3	10	5	0	0	0	0	40	0	0
31	0	181751	1	9	3	7	2	1	1	0	0	40	0	0
36	0	162358	8	14	0	5	2	1	1	0	1408	40	0	0
66	2	231315	2	12	2	3	3	1	1	0	0	3	0	0
59	4	181940	1	9	1	7	1	1	0	0	0	40	0	1
30	0	213226	7	13	3	10	2	1	0	27828	0	40	0	1
27	0	452963	3	10	0	0	2	1	0	0	0	40	0	0
44	0	268039	3	10	3	13	5	0	0	0	0	40	0	0
34	0	141841	1	9	4	6	0	0	0	0	0	40	0	0
58	3	194733	3	10	1	5	1	1	0	0	0	45	0	0
36	0	214008	3	10	1	7	1	1	0	0	0	40	0	1
29	2	147755	1	9	0	3	2	1	0	0	0	32	1	0
42	5	273869	1	9	3	2	3	1	1	0	0	40	0	0
24	0	160261	3	10	0	10	2	2	0	0	0	64	1	0
25	0	48029	3	10	1	8	1	1	0	0	0	40	0	1
18	0	163460	3	10	0	10	0	0	0	0	0	20	0	0
55	0	112529	10	3	0	12	2	0	0	0	0	40	0	0
55	0	109075	0	7	1	0	1	0	0	5013	0	48	0	0
31	0	182699	2	12	1	6	1	0	0	0	0	40	0	0
33	0	101867	1	9	0	0	3	2	0	0	0	40	8	0
65	1	382245	1	9	2	8	3	1	1	0	0	40	0	0
18	0	200290	1	9	0	10	0	1	0	0	0	35	0	0
23	5	35805	7	13	1	5	1	1	0	0	0	60	0	0
22	0	157541	1	9	1	13	1	1	0	0	0	50	0	0
61	1	192085	1	9	1	12	1	1	0	0	0	15	0	0
40	0	33795	11	11	1	6	1	1	0	0	0	40	0	0
51	0	345459	3	10	0	8	3	0	1	0	0	40	0	0
25	0	105520	1	9	0	4	0	0	0	0	0	40	0	0
63	1	114752	7	13	2	7	3	2	1	0	0	35	8	0
17	0	98572	0	7	0	10	2	1	1	0	0	20	0	0
54	3	83984	8	14	3	9	2	1	1	0	0	20	0	0
45	1	317846	2	12	3	8	3	1	0	0	0	47	0	0
28	5	319027	1	9	0	5	2	0	1	0	0	40	0	0
24	0	84319	3	10	0	0	2	1	0	0	0	40	0	0
70	0	298470	7	13	2	10	2	1	0	0	0	30	0	0
46	0	278322	9	16	1	10	1	1	0	0	0	40	0	1
51	1	169182	12	5	2	4	2	1	1	0	0	45	22	0
58	0	498267	1	9	3	8	2	1	1	0	0	40	0	0
71	2	94314	1	9	1	3	4	1	1	1173	0	18	0	0
26	0	50053	7	13	0	5	2	1	0	0	0	37	0	0
38	0	107302	3	10	1	6	1	1	0	3103	0	40	0	1
40	0	110009	4	6	1	0	1	1	0	0	0	40	1	0
45	0	154174	1	9	1	6	1	1	0	0	0	50	0	0
43	0	147110	3	10	1	5	1	1	0	0	0	40	0	1
55	3	141122	7	13	1	8	1	1	0	0	0	50	0	0
38	0	162164	0	7	2	6	3	1	0	0	0	40	0	0
26	2	168095	1	9	0	3	2	1	1	0	0	40	0	0
19	0	134664	1	9	1	10	1	1	0	3781	0	40	0	0
66	0	95644	7	13	3	8	2	1	1	0	0	40	0	0
34	0	198183	7	13	0	10	2	1	1	0	0	50	0	0
35	0	538583	0	7	4	12	2	0	0	0	0	40	0	0
47	2	308499	1	9	3	3	3	1	1	0	0	40	0	0
34	0	108837	7	13	1	9	1	1	0	0	0	48	0	1
55	0	27227	3	10	1	4	1	1	0	0	1977	35	0	1
43	4	117022	11	11	3	13	3	0	0	0	1726	40	0	0
66	0	133884	1	9	2	6	2	1	0	0	0	40	0	0
42	0	602513	7	13	1	5	1	1	0	0	0	45	0	1
55	6	114495	7	13	1	8	1	1	0	0	2415	50	0	1
43	0	171087	7	13	1	5	1	1	0	5178	0	40	0	1
33	0	53373	4	6	0	4	3	1	0	0	0	40	0	0
18	0	323810	1	9	0	10	0	1	1	0	0	40	1	0
50	0	200325	3	10	3	8	2	1	1	0	0	40	0	0
38	0	322092	1	9	3	13	2	1	0	0	0	40	0	0
46	0	209739	1	9	1	6	1	1	0	0	0	46	0	0
38	0	589809	7	13	1	7	1	1	0	0	0	45	0	1
45	3	105838	11	11	1	8	1	1	0	0	0	35	0	0
30	0	119522	4	6	1	6	1	1	0	0	0	45	0	0
56	0	258579	8	14	1	8	1	1	0	0	0	50	0	1
29	0	123200	3	10	1	0	1	3	0	0	2415	40	12	1
34	0	275771	1	9	3	8	3	1	1	0	0	50	0	0
58	1	33386	3	10	2	7	5	1	1	0	0	25	0	0
47	1	101016	7	13	1	7	4	1	1	7688	0	40	0	1
62	0	217434	7	13	1	10	1	1	0	0	0	40	0	0
24	0	187229	1	9	0	13	0	0	1	0	0	40	0	0
49	0	207772	1	9	3	9	3	1	0	0	0	40	0	0
40	4	179717	1	9	1	7	1	1	0	7298	0	50	0	1
17	0	260978	0	7	0	4	0	1	0	0	0	14	8	0
36	0	280570	3	10	1	6	1	1	0	0	0	45	0	0
73	0	179001	1	9	2	10	2	1	1	0	0	7	0	0
26	5	79089	7	13	0	7	2	1	1	0	0	20	0	0
63	0	85420	3	10	1	8	1	1	0	0	0	10	0	0
21	1	244074	1	9	0	4	2	1	1	0	0	22	0	0
49	3	259087	0	7	2	6	3	1	1	0	0	40	1	0
20	0	361138	1	9	0	10	3	1	0	0	0	45	0	0
40	0	309311	1	9	1	0	1	1	0	0	0	40	0	0
36	0	46756	3	10	0	6	2	1	0	0	0	50	0	0
55	4	272339	1	9	2	7	3	1	1	0	0	40	0	0
39	0	82521	7	13	1	10	1	1	0	0	0	45	0	1
40	0	103759	1	9	3	6	2	1	0	0	0	40	0	0
18	0	150675	4	6	0	10	0	1	0	0	0	40	0	0
42	0	180096	1	9	1	13	1	1	0	0	0	60	0	0
49	0	157991	3	10	3	7	3	0	1	0	0	40	0	0
26	0	164170	3	10	0	10	5	2	1	0	0	35	8	0
18	0	186946	3	10	0	0	0	1	1	0	0	23	0	0
57	0	201159	2	12	2	7	5	1	1	0	0	40	0	0
35	3	61343	1	9	3	0	3	1	0	0	0	40	0	0
21	0	130534	4	6	0	6	2	1	0	0	0	50	0	0
43	0	222635	0	7	3	1	2	1	0	0	0	80	0	0
32	0	169768	7	13	4	9	2	0	0	0	0	40	0	0
23	0	72922	3	10	0	10	2	1	1	0	0	30	0	0
59	0	66440	1	9	4	7	3	1	1	0	0	40	0	0
50	0	338836	7	13	1	5	1	1	0	0	1887	36	0	1
47	1	122206	1	9	1	12	1	1	0	0	0	20	0	1
36	0	145704	1	9	3	0	3	1	1	0	0	40	0	0
35	5	88215	7	13	1	5	4	2	1	0	0	40	8	1
24	0	114873	1	9	0	2	2	3	0	0	0	40	0	0
22	0	240063	1	9	0	13	0	1	0	0	0	40	0	0
67	3	167015	7	13	2	10	2	1	0	0	0	30	0	0
44	1	354230	3	10	1	6	1	1	0	0	0	40	0	0
34	0	124827	4	6	1	12	1	1	0	0	0	80	0	0
24	0	225739	3	10	0	10	2	1	0	0	0	40	0	0
68	2	188102	1	9	1	3	1	1	0	0	0	8	0	1
46	1	349986	7	13	3	6	2	1	0	0	0	40	0	0
41	0	112763	1	9	3	13	0	1	1	2597	0	40	0	0
66	0	242589	1	9	1	4	1	1	0	0	0	34	0	0
21	0	366929	1	9	1	10	4	1	1	0	0	38	0	0
25	0	154210	0	7	5	10	0	2	0	0	0	35	17	0
31	0	274222	14	2	0	12	5	3	0	0	0	40	11	0
51	5	166459	8	14	1	8	1	1	0	0	0	40	0	1
33	0	36222	9	16	1	5	1	1	0	0	0	45	0	1
24	0	240063	7	13	0	5	2	1	0	0	0	20	0	0
31	4	158847	2	12	0	7	0	0	1	0	0	40	0	0
31	0	203488	7	13	1	10	1	1	0	0	1977	45	0	1
54	0	96062	1	9	1	0	1	1	0	0	0	40	26	0
49	3	126077	1	9	1	8	1	1	0	0	0	35	0	0
59	0	162580	1	9	0	6	5	1	1	0	0	35	0	0
76	3	413699	6	4	1	1	1	1	0	0	0	28	0	0
32	0	303692	9	16	3	5	2	1	0	0	0	40	0	1
47	3	184682	1	9	4	10	3	1	1	0	0	35	0	0
70	6	217801	7	13	1	10	1	1	0	0	0	15	0	0
41	0	306496	11	11	1	9	1	1	0	0	0	40	0	1
46	0	110171	1	9	1	6	1	1	0	0	0	40	24	0
36	5	89625	1	9	0	2	5	2	1	0	0	40	0	0
23	2	234108	3	10	0	3	2	1	0	0	0	40	0	0
44	0	270147	7	13	1	8	4	1	1	0	0	45	0	1
32	3	195891	1	9	0	6	3	1	0	0	0	40	30	0
47	0	131160	7	13	3	4	2	1	1	99999	0	40	0	1
56	0	93211	1	9	2	4	3	1	1	0	0	40	25	0
38	0	181661	2	12	1	9	1	1	0	0	0	56	0	1
74	0	146365	1	9	2	4	2	1	1	0	0	28	0	0
19	0	219671	3	10	0	5	2	1	1	0	0	20	0	0
74	0	203523	1	9	1	13	1	1	0	2653	0	12	0	0
22	2	268145	1	9	0	3	2	1	1	0	0	40	0	0
32	0	137421	1	9	5	4	5	3	0	0	0	40	4	0
31	0	302679	13	8	1	5	1	1	0	0	0	55	0	0
24	0	421474	7	13	1	10	1	1	0	0	0	40	0	0
46	0	98524	7	13	3	8	2	1	0	0	0	40	25	1
27	0	282313	1	9	1	12	1	0	0	0	0	40	0	0
56	0	157786	7	13	1	8	1	1	0	0	1902	55	0	1
40	0	83508	7	13	1	9	4	1	1	0	0	20	0	0
67	5	167687	1	9	1	8	1	1	0	3456	0	35	0	0
45	3	187272	1	9	1	6	1	2	0	0	0	45	14	0
36	4	187089	7	13	0	8	2	1	1	0	0	40	0	0
47	0	167625	8	14	3	5	3	1	1	0	0	40	0	1
61	0	190955	7	13	1	8	1	1	0	7688	0	40	0	1
50	0	185846	1	9	1	12	1	1	0	3103	0	40	0	1
43	0	55764	3	10	0	13	3	0	0	0	0	40	0	0
69	0	164110	7	13	1	10	1	1	0	10605	0	50	0	1
32	0	117444	7	13	0	8	2	1	0	0	0	50	0	0
38	3	164593	7	13	0	8	2	1	0	0	0	30	1	0
45	0	22610	3	10	3	7	3	1	1	0	0	40	0	0
32	0	303942	10	3	1	0	1	1	0	0	0	48	0	0
51	4	378126	1	9	3	7	3	1	1	0	1980	40	0	0
38	6	231491	1	9	1	6	1	1	0	0	0	50	0	1
36	0	69481	5	15	1	5	1	1	0	0	0	55	0	1
42	0	199018	8	14	1	8	1	1	0	0	0	40	0	1
24	0	255252	1	9	0	6	2	1	0	0	0	40	0	0
50	0	193871	8	14	1	5	4	1	1	0	0	38	0	0
36	0	23892	2	12	3	10	2	1	1	0	0	40	0	1
31	0	201156	3	10	3	0	3	1	1	0	0	55	0	1
33	0	171468	3	10	1	6	4	1	1	0	0	40	0	0
37	0	255454	6	4	1	0	1	0	0	7298	0	35	10	1
26	0	207258	3	10	0	8	0	1	1	0	0	40	0	0
43	3	134440	1	9	1	1	1	1	0	0	0	99	0	0
46	0	107737	3	10	1	10	1	1	0	0	0	40	0	0
22	0	193190	1	9	0	4	0	0	1	0	0	40	0	0
45	0	114774	8	14	3	5	2	1	1	0	2258	55	0	0
17	0	507492	0	7	0	10	0	1	1	0	0	15	3	0
23	0	209955	3	10	0	10	0	1	0	0	0	25	25	0
36	0	298635	7	13	1	4	1	3	0	0	0	40	30	1
47	0	175600	3	10	1	9	1	1	0	0	0	40	0	0
29	0	294592	8	14	0	8	2	1	0	0	0	45	0	0
39	0	40955	5	15	3	5	2	1	0	0	0	45	0	1
33	0	268996	11	11	3	10	2	1	0	0	0	25	0	0
30	0	175323	11	11	1	8	4	1	1	0	0	52	0	0
22	0	125010	7	13	0	7	2	1	1	0	0	20	0	0
18	2	201871	13	8	0	3	0	1	0	0	0	7	0	0
28	0	203171	3	10	3	6	2	1	0	0	0	40	0	0
40	0	53774	1	9	1	7	4	1	1	4064	0	12	0	0
29	0	247867	7	13	1	5	1	1	0	0	0	40	0	1
28	0	126135	3	10	0	1	2	1	1	0	0	40	0	0
23	0	82067	3	10	0	6	0	1	0	0	0	30	0	0
45	0	224559	4	6	1	7	1	0	0	0	0	40	0	0
48	1	127675	8	14	2	5	3	1	1	0	0	44	0	0
47	0	101825	1	9	1	7	4	1	1	0	0	40	0	1
48	3	259412	5	15	1	10	1	1	0	0	0	20	0	0
25	0	166977	7	13	1	5	4	1	1	0	1887	40	0	1
63	0	546118	3	10	1	8	1	1	0	0	0	35	0	1
42	0	110318	1	9	2	8	2	1	1	0	0	40	0	0
33	0	175856	7	13	1	8	1	1	0	0	0	50	0	1
30	0	156763	1	9	0	8	0	1	0	0	0	40	0	0
45	6	213897	8	14	1	10	1	2	0	0	1902	40	36	1
24	0	44493	11	11	1	6	4	1	1	0	0	40	0	0
34	0	201156	0	7	0	6	2	1	1	0	0	30	0	0
27	0	375703	7	13	0	7	0	0	1	0	0	40	0	0
31	0	293594	1	9	0	7	3	1	1	0	3770	37	12	0
44	1	183850	7	13	1	2	1	1	0	0	0	56	0	0
27	0	84433	3	10	0	8	2	1	1	0	0	50	0	0
62	2	296485	11	11	4	3	2	1	0	0	0	10	0	0
28	0	214026	1	9	3	10	3	1	1	0	0	35	0	0
40	1	104235	7	13	1	5	1	1	0	0	2051	30	0	0
42	0	212894	7	13	1	10	1	1	0	0	0	70	0	1
24	0	446647	7	13	0	7	0	1	0	0	0	15	0	0
56	0	530099	1	9	0	6	2	1	0	0	0	40	0	0
27	0	42850	1	9	0	6	2	1	0	0	0	40	1	0
43	0	120277	3	10	3	10	3	1	0	0	0	55	0	0
56	0	146554	1	9	4	7	5	0	1	0	0	40	0	0
20	0	44793	3	10	0	12	2	1	0	0	0	60	0	0
52	0	182907	1	9	1	12	1	1	0	0	0	55	0	0
50	0	341797	2	12	1	6	1	1	0	0	0	40	25	1
29	0	226441	3	10	0	7	2	1	1	0	0	40	0	0
23	0	48988	3	10	0	7	2	1	0	0	0	50	0	0
32	0	252646	11	11	1	6	1	1	0	0	0	40	0	1
27	2	214695	7	13	1	3	1	1	0	0	0	30	0	0
23	0	189194	3	10	0	0	0	1	0	0	0	40	0	0
28	0	68021	7	13	3	5	2	1	1	0	0	40	0	0
32	0	117369	1	9	0	4	2	1	0	0	0	48	0	0
19	0	340094	3	10	0	10	0	1	1	0	0	20	0	0
34	1	161113	3	10	1	12	1	1	0	0	0	40	0	0
23	5	279243	1	9	1	2	1	1	0	0	0	38	0	0
49	0	110669	4	6	3	0	2	1	1	0	0	32	0	0
17	0	121470	13	8	0	12	0	1	0	0	0	10	1	0
39	0	453686	7	13	3	5	2	1	0	0	0	40	0	1
32	0	281219	11	11	3	10	3	1	1	0	1380	40	0	0
30	0	235738	1	9	3	4	3	1	1	0	0	40	0	0
25	0	272167	7	13	0	7	2	1	0	0	0	30	0	0
76	2	84737	7	13	2	3	5	2	0	0	0	32	27	0
62	0	176965	6	4	1	4	1	1	0	0	0	40	0	0
61	0	101701	7	13	1	4	1	0	0	0	0	20	0	0
33	0	22405	1	9	4	4	3	4	1	0	0	72	0	0
50	0	98815	11	11	1	7	1	1	0	0	0	46	0	1
43	0	195897	1	9	1	6	1	1	0	0	0	40	0	1
27	0	96718	1	9	1	0	1	1	0	0	0	39	0	0
67	0	126361	0	7	1	4	1	0	0	0	0	9	0	1
27	5	56365	8	14	1	5	1	2	0	0	0	20	27	0
33	4	344073	7	13	0	2	2	1	0	0	1408	50	0	0
35	0	306388	1	9	3	10	3	1	1	0	0	30	0	0
20	0	143604	3	10	0	10	3	1	1	0	0	2	0	0
26	0	174592	7	13	0	4	0	1	1	0	0	15	0	0
45	3	48553	3	10	1	6	1	1	0	0	0	60	0	0
23	0	358355	10	3	1	13	4	1	1	0	0	40	4	0
48	0	443377	8	14	0	5	2	1	0	0	0	50	0	0
28	1	229656	8	14	1	8	4	1	1	0	1485	40	0	1
40	0	115516	8	14	1	4	1	2	0	0	0	40	27	0
62	0	189665	8	14	1	8	1	1	0	15024	0	40	0	1
52	3	105010	3	10	0	6	3	1	0	0	0	30	0	0
50	0	320510	3	10	1	8	1	1	0	0	0	60	0	1
43	0	175943	1	9	1	10	5	1	1	0	0	20	0	0
44	0	89172	8	14	3	7	2	1	0	0	0	40	0	0
25	0	281627	7	13	0	9	2	1	1	0	1564	30	0	1
23	5	1117718	3	10	0	2	2	0	0	0	0	30	0	0
39	0	108293	1	9	0	7	3	1	1	0	0	40	0	0
26	0	152035	1	9	0	8	2	1	1	0	0	40	0	0
40	0	38389	11	11	1	6	1	1	0	0	0	40	0	0
23	0	213902	3	10	0	4	3	1	1	0	0	20	0	0
22	1	192812	7	13	0	5	0	1	1	0	0	35	0	0
35	0	301911	7	13	1	8	1	2	0	0	0	50	16	1
52	0	89041	8	14	1	8	1	1	0	99999	0	40	0	1
37	0	96483	2	12	1	7	5	2	1	5178	0	38	0	1
25	0	209970	3	10	0	4	2	1	1	0	0	45	0	0
27	0	110622	7	13	0	7	2	2	1	0	0	40	8	0
51	5	250807	3	10	0	8	2	1	0	0	0	40	0	0
18	5	391257	3	10	0	7	2	1	1	0	0	16	0	0
26	0	135521	1	9	0	6	0	1	0	0	0	50	0	0
21	2	108670	3	10	0	3	0	1	1	0	0	40	0	0
42	0	179533	1	9	1	6	1	1	0	0	0	40	0	1
64	0	250117	7	13	1	2	1	1	0	0	1902	50	0	1
34	5	101562	1	9	0	4	0	1	1	0	0	40	0	0
70	6	223275	7	13	1	8	1	1	0	0	0	40	0	0
27	0	126060	11	11	0	5	2	1	1	0	0	35	0	0
52	5	168035	3	10	1	9	1	1	0	0	0	45	0	0
25	0	175382	1	9	0	7	2	1	0	0	0	45	0	0
33	0	170540	1	9	4	7	2	1	1	0	0	40	0	0
18	0	243240	0	7	0	13	0	1	0	0	0	15	0	0
51	3	381769	1	9	1	1	1	1	0	0	0	50	0	0
35	0	104545	1	9	3	8	3	1	1	0	0	20	0	0
61	0	74040	7	13	3	10	2	2	1	0	0	30	14	0
41	4	275366	3	10	1	4	1	1	0	0	0	40	0	0
40	3	194360	11	11	1	10	1	1	0	0	0	72	0	1
24	5	334693	1	9	1	7	4	1	1	0	0	40	0	0
29	0	146764	3	10	3	7	2	1	1	0	0	35	0	0
24	2	184975	1	9	0	3	2	1	1	0	0	25	0	0
18	0	336508	0	7	0	7	0	1	1	0	0	15	0	0
60	0	427248	1	9	3	7	2	1	1	0	0	40	0	0
35	2	186489	0	7	1	3	1	1	0	0	2603	40	0	0
28	0	258364	3	10	3	7	3	1	1	0	0	40	0	0
26	1	214215	0	7	1	4	5	1	0	0	0	50	0	0
41	3	49448	1	9	1	6	1	1	0	99999	0	40	0	1
52	0	261198	1	9	3	6	2	1	0	0	0	40	0	0
45	6	270535	7	13	1	5	1	1	0	15024	0	40	0	1
26	3	218993	7	13	0	5	0	1	0	0	0	30	0	0
48	0	155489	3	10	3	5	2	1	0	0	0	40	0	1
18	2	151866	3	10	0	3	0	1	1	0	0	30	0	0
47	0	98828	1	9	2	5	3	3	1	0	0	35	12	0
22	0	233495	12	5	3	11	2	1	1	0	0	40	0	0
35	0	182203	3	10	3	0	3	2	1	0	0	40	8	0
38	0	33394	1	9	1	10	1	1	0	0	0	75	0	1
19	2	171583	3	10	0	3	0	1	0	0	0	30	0	0
34	1	80411	3	10	1	2	1	1	0	0	0	40	0	0
39	0	161295	2	12	3	7	3	1	1	0	0	40	0	1
49	2	178341	1	9	1	3	1	1	0	7688	0	50	0	1
38	0	311523	3	10	1	0	1	3	0	0	0	40	30	0
25	0	315130	7	13	0	9	2	1	1	0	0	10	0	0
23	0	67311	7	13	0	8	0	1	1	0	0	40	25	0
48	0	44907	7	13	3	9	2	1	1	0	0	45	0	0
62	0	104849	8	14	1	7	1	2	0	0	0	40	27	1
27	0	225768	1	9	0	4	0	1	0	0	0	20	0	0
24	0	186666	3	10	1	6	1	1	0	0	0	50	0	0
23	2	69510	7	13	0	3	2	1	0	0	0	50	0	0
59	0	171242	7	13	4	8	2	1	0	0	0	45	0	0
55	0	197420	1	9	0	11	3	1	1	0	0	40	4	0
48	0	224087	4	6	1	12	1	0	0	0	0	40	0	0
61	3	140141	3	10	1	6	1	1	0	0	0	40	0	0
43	3	175943	3	10	0	6	2	1	1	0	0	14	0	0
46	1	318259	1	9	0	4	3	1	1	0	0	40	0	0
34	0	190027	1	9	4	9	3	0	1	0	0	35	0	0
32	0	233838	1	9	1	12	1	0	0	0	0	50	0	0
51	2	117847	1	9	1	3	1	1	0	0	0	99	0	0
26	0	49092	1	9	1	5	1	1	0	0	0	30	0	0
39	0	171524	4	6	0	13	2	1	0	0	0	40	15	0
50	0	237868	1	9	1	10	1	1	0	0	1887	55	0	1
51	3	34067	1	9	1	6	1	1	0	0	0	40	0	0
43	6	25005	3	10	1	8	1	1	0	0	0	40	0	0
30	0	177437	7	13	3	10	2	1	0	0	0	40	0	0
44	1	185267	7	13	1	5	1	1	0	0	1902	40	0	1
40	0	104397	1	9	1	10	0	1	1	0	0	30	0	0
41	0	33331	8	14	1	8	1	1	0	0	1902	40	0	1
48	0	29128	1	9	3	4	3	1	1	0	0	20	0	0
57	5	328228	1	9	1	7	1	1	0	0	0	40	0	1
21	0	227411	11	11	0	10	0	1	1	0	0	40	0	0
27	0	169117	3	10	0	7	3	0	1	0	0	30	0	0
27	0	238267	3	10	0	4	3	1	1	0	0	10	0	0
31	0	118551	1	9	0	9	2	1	1	0	0	40	0	0
23	0	47541	1	9	1	0	1	1	0	0	0	50	0	0
45	0	92374	3	10	0	8	2	3	0	13550	0	60	17	1
61	1	224598	1	9	1	2	1	0	0	0	0	24	1	0
32	0	131568	3	10	1	0	1	1	0	0	0	40	0	0
42	0	183319	1	9	3	6	2	1	0	0	0	43	0	1
41	0	309932	1	9	1	6	1	1	0	0	0	50	0	0
60	0	197311	1	9	3	11	3	1	1	0	0	99	0	0
28	0	292120	3	10	0	7	0	1	1	0	0	42	0	0
49	0	117310	2	12	1	7	0	1	1	0	0	38	0	0
23	0	308647	11	11	1	9	1	1	0	0	1887	40	0	1
30	0	135785	7	13	0	5	2	1	1	0	0	40	0	0
28	0	179008	11	11	1	5	1	1	0	0	0	50	0	0
27	5	205188	1	9	1	2	1	1	0	0	0	60	0	0
26	0	193945	8	14	0	8	2	1	0	0	0	60	0	0
40	5	258589	8	14	0	6	2	1	0	0	0	80	0	0
30	5	107142	7	13	1	5	1	1	0	0	0	37	0	1
42	0	23157	7	13	1	5	1	1	0	0	0	50	0	1
72	3	47203	1	9	1	1	1	1	0	4931	0	70	0	0
30	0	279923	3	10	0	10	2	0	0	0	0	40	0	0
51	0	192386	11	11	3	6	2	1	0	6849	0	40	0	0
24	0	188569	8	14	0	8	0	1	1	4787	0	60	0	1
43	0	68748	1	9	0	6	5	1	0	0	0	40	0	0
53	0	239155	3	10	1	8	1	1	0	0	0	50	0	1
45	0	165346	3	10	3	8	3	1	1	0	0	64	0	0
21	0	392082	3	10	0	7	0	3	0	0	0	40	0	0
36	0	379522	7	13	3	5	2	1	0	0	0	40	7	0
34	0	109917	1	9	3	0	2	1	1	0	0	40	0	0
25	0	109097	0	7	0	7	2	1	1	0	0	40	0	0
57	5	202765	1	9	1	6	1	1	0	0	0	40	0	0
46	4	125892	8	14	1	8	5	1	0	15024	0	40	0	1
30	0	119411	1	9	3	1	2	1	0	0	0	40	0	0
31	0	88231	7	13	0	6	2	1	0	0	0	40	0	0
42	0	188561	7	13	1	5	1	1	0	0	0	40	0	0
48	0	191681	1	9	1	6	1	1	0	0	0	40	0	1
42	0	36999	3	10	3	6	2	1	0	3325	0	40	0	0
57	0	161662	1	9	5	6	2	1	0	4650	0	40	0	0
45	1	111994	8	14	1	5	1	1	0	0	0	40	0	1
27	0	247711	7	13	0	10	2	1	1	0	2258	55	0	0
41	0	271282	0	7	3	2	2	1	1	0	0	20	0	0
44	0	314739	3	10	1	10	1	1	0	0	0	40	0	1
39	5	195148	3	10	1	10	1	1	0	0	0	40	0	0
18	0	358121	3	10	0	10	0	1	1	0	0	25	0	0
31	0	101266	2	12	1	6	1	1	0	0	0	40	0	0
24	0	278391	1	9	0	7	3	1	0	0	0	50	0	0
19	0	206751	3	10	0	7	0	1	0	0	0	30	0	0
54	0	161147	1	9	0	7	0	1	1	2174	0	40	0	0
47	0	301431	3	10	3	0	3	1	1	0	0	40	0	0
17	0	347000	13	8	0	1	0	1	0	0	0	12	0	0
39	5	25806	8	14	1	5	1	2	0	0	0	48	27	0
24	0	181557	1	9	0	13	0	0	0	0	0	40	0	0
20	0	20057	3	10	0	2	2	4	1	0	0	40	0	0
25	0	190107	1	9	1	6	1	1	0	0	0	40	0	1
39	1	30269	7	13	0	5	2	1	1	0	0	44	0	1
20	0	117767	3	10	0	5	0	1	0	0	0	40	0	0
44	0	406734	8	14	1	6	1	0	0	0	0	40	0	0
23	0	236696	2	12	0	6	0	1	0	0	0	20	30	0
24	0	354691	13	8	0	6	2	1	0	0	0	40	0	0
53	0	199720	1	9	1	10	1	1	0	0	0	40	0	1
24	3	31606	7	13	1	5	5	1	1	0	0	20	0	1
45	4	133973	3	10	3	7	3	1	1	0	0	40	0	0
55	0	323639	3	10	1	12	1	1	0	0	0	74	0	1
21	0	225724	3	10	0	7	0	1	1	0	0	20	0	0
64	3	144391	8	14	1	1	1	1	0	0	0	40	0	0
36	0	34173	7	13	1	0	4	1	1	0	0	20	0	0
55	1	219074	3	10	3	7	2	0	1	0	0	55	0	1
21	0	379525	3	10	0	7	0	1	1	4416	0	24	0	0
17	1	287160	0	7	0	5	0	1	1	0	0	7	0	0
27	0	130386	3	10	0	4	0	1	1	0	0	40	0	0
25	0	409815	11	11	0	8	2	0	1	0	0	40	0	0
38	0	212143	3	10	1	8	4	1	1	0	0	35	0	1
33	2	33404	1	9	3	3	3	1	0	0	0	48	0	0
52	0	235567	1	9	3	7	2	1	1	0	0	40	0	0
22	0	306868	1	9	0	13	2	1	0	0	0	30	0	0
37	0	353550	8	14	1	8	1	1	0	15024	0	60	0	1
37	0	107302	3	10	1	5	1	1	0	15024	0	45	0	1
65	3	169435	8	14	1	5	1	1	0	0	0	39	0	1
28	0	105817	7	13	0	7	0	1	0	0	0	40	0	0
32	3	68879	7	13	1	8	1	1	0	0	0	50	0	1
53	3	206288	7	13	1	6	1	2	0	0	0	35	13	0
32	0	187936	4	6	0	6	2	0	1	0	0	50	0	0
45	0	226081	11	11	1	6	1	1	0	0	0	40	0	1
49	0	414448	6	4	1	13	1	1	0	0	0	40	1	0
34	1	79190	7	13	1	5	4	1	1	0	0	50	0	0
39	0	34996	1	9	1	4	4	1	1	0	0	40	0	0
43	0	318415	3	10	3	0	3	0	1	0	0	40	0	0
45	2	214800	1	9	1	3	1	1	0	0	0	12	0	0
35	0	148334	3	10	0	7	0	0	0	0	0	40	0	0
41	6	160120	9	16	1	10	1	2	0	0	0	40	23	1
62	3	285692	8	14	5	10	2	1	1	0	0	20	0	0
45	0	461725	1	9	1	13	1	1	0	0	0	40	0	0
35	0	104329	1	9	3	0	2	1	1	0	0	40	0	0
34	0	37284	3	10	1	6	1	1	0	0	0	40	0	0
40	0	154374	5	15	1	5	1	1	0	0	0	60	0	1
17	0	209650	4	6	0	4	0	1	0	0	0	15	0	0
18	0	227529	1	9	0	10	0	1	0	0	0	40	0	0
27	0	249382	1	9	3	4	3	0	1	0	0	40	0	0
20	0	305781	0	7	0	13	2	1	0	0	0	40	0	0
55	0	147989	3	10	1	6	1	1	0	0	0	58	0	0
57	0	207604	6	4	2	4	2	1	1	0	0	40	0	0
38	0	367260	9	16	1	7	1	1	0	0	0	40	0	0
20	0	147523	12	5	0	13	2	1	1	0	0	40	11	0
52	3	193116	6	4	1	6	1	1	0	0	0	20	4	0
18	0	50119	4	6	0	4	2	0	0	0	0	20	0	0
52	0	262579	1	9	1	13	1	1	0	0	0	45	0	0
42	0	244910	7	13	1	7	1	1	0	0	0	40	0	1
48	0	120902	7	13	1	9	1	1	0	0	0	40	0	1
55	0	217241	1	9	3	8	2	1	1	0	0	40	0	0
18	0	65098	1	9	0	6	0	1	0	0	0	30	0	0
17	0	364491	0	7	0	10	0	1	0	0	0	22	0	0
47	0	209739	1	9	1	13	1	1	0	0	0	40	0	0
29	0	72338	1	9	0	13	0	2	0	0	0	26	0	0
48	0	215895	7	13	0	8	0	1	0	0	0	40	0	0
31	0	32289	1	9	0	9	2	1	1	0	0	40	0	0
54	0	209464	3	10	3	7	3	1	1	0	0	40	0	0
69	0	98170	6	4	2	4	2	1	1	1086	0	20	0	0
40	0	271665	3	10	1	9	1	1	0	0	0	50	0	0
25	0	124111	1	9	0	0	0	1	1	0	0	50	0	0
82	3	121944	6	4	1	8	1	1	0	0	0	40	0	0
48	3	121424	7	13	4	9	2	1	0	0	0	50	0	0
53	5	33795	1	9	1	13	1	1	0	0	0	40	0	0
47	0	150429	3	10	1	6	1	4	0	0	0	50	0	1
57	0	124771	1	9	1	6	1	1	0	0	1740	40	0	0
21	0	204160	3	10	0	10	0	1	1	0	0	13	0	0
52	0	243616	10	3	4	6	3	0	1	4101	0	40	0	0
