45	0	168556	3	10	3	0	2	1	0	0	0	40	0	0
54	0	186224	8	14	0	5	2	1	0	0	0	40	0	1
69	3	187332	5	15	1	5	1	1	0	20051	0	45	0	1
30	0	113433	3	10	0	0	0	0	1	0	0	40	0	0
37	0	268598	6	4	1	6	1	3	0	0	0	40	0	0
60	6	137733	4	6	1	8	1	1	0	0	1977	44	0	1
55	0	210318	1	9	1	1	1	1	0	0	0	40	0	0
46	0	106662	7	13	4	10	2	1	0	99999	0	55	0	1
21	0	162667	1	9	1	6	5	1	0	0	0	40	33	0
25	0	187577	2	12	0	6	2	1	0	0	0	40	0	0
67	0	89495	1	9	1	10	1	1	0	1797	0	4	0	0
41	1	247082	8	14	1	5	1	1	0	0	0	40	0	1
53	0	157059	1	9	1	7	1	1	0	0	0	50	0	0
26	0	282643	1	9	0	7	0	1	1	0	0	40	0	0
68	3	69249	1	9	1	1	1	1	0	0	0	10	0	1
36	0	131766	2	12	0	8	2	1	1	3325	0	40	0	0
20	0	163665	2	12	0	7	0	1	1	0	0	15	0	0
20	0	165097	3	10	0	8	5	1	0	0	2001	40	0	0
35	0	194668	5	15	0	5	2	1	0	99999	0	45	0	1
27	0	116372	7	13	0	5	2	1	1	0	0	40	0	0
29	0	113635	1	9	0	6	0	1	0	0	0	40	0	0
28	0	162994	7	13	1	9	1	1	0	0	0	40	0	0
40	0	266803	8	14	1	5	4	1	1	15024	0	50	25	1
20	0	230482	12	5	0	13	0	1	0	0	0	40	0	0
51	0	299831	11	11	0	5	0	1	1	0	0	40	0	0
30	0	172830	8	14	0	7	2	1	1	0	0	40	0	0
50	0	144084	1	9	4	10	3	1	1	0	0	55	0	0
30	1	295737	1	9	1	5	1	1	0	0	0	40	0	0
34	0	207685	7	13	4	5	3	0	1	0	0	39	0	0
55	0	161423	8	14	1	5	1	1	0	0	0	52	0	1
53	3	122109	2	12	3	10	2	1	1	0	0	70	0	0
45	0	215892	8	14	0	8	2	1	1	0	2824	50	0	1
45	0	176517	2	12	3	5	3	1	1	0	0	50	0	0
40	3	220821	6	4	1	1	1	1	0	0	0	72	0	0
73	1	249043	8	14	1	8	1	1	0	0	0	20	22	0
18	0	58949	13	8	0	4	0	1	1	0	0	20	0	0
33	0	158438	1	9	1	10	1	1	0	0	0	55	0	1
33	0	154950	7	13	1	9	1	1	0	0	0	50	0	0
38	0	200445	3	10	1	0	1	1	0	0	0	48	0	1
65	2	224357	3	10	1	3	1	1	0	2290	0	4	0	0
31	4	103651	1	9	1	7	1	1	0	0	0	45	0	1
24	2	316524	7	13	0	3	5	1	1	0	0	40	0	0
51	6	200046	7	13	4	10	3	1	0	0	2824	40	0	1
32	0	193285	7	13	1	8	1	1	0	0	0	45	0	1
52	0	146015	1	9	1	6	1	1	0	0	0	40	0	0
41	6	195096	7	13	1	5	1	1	0	0	0	50	0	0
25	0	221078	1	9	0	10	2	1	1	0	0	35	0	0
45	1	186375	11	11	1	2	1	1	0	0	0	40	0	0
61	3	44983	1	9	1	6	1	1	0	0	0	20	0	0
71	0	29770	3	10	2	4	2	1	1	0	0	28	0	0
63	5	266565	1	9	3	7	2	1	1	0	0	27	0	0
45	5	235431	1	9	4	10	3	0	1	0	0	40	0	0
57	2	153788	7	13	1	3	4	1	1	99999	0	45	0	1
47	0	280030	1	9	1	6	1	1	0	0	0	52	0	0
50	3	158352	8	14	3	5	2	1	1	0	0	25	0	0
25	1	109972	7	13	0	5	0	1	0	0	0	45	0	0
32	0	278940	1	9	0	0	2	0	1	0	0	40	0	0
40	0	174395	9	16	1	8	1	1	0	0	0	40	0	1
50	0	141592	4	6	3	7	3	1	1	0	0	40	0	0
54	0	295525	3	10	3	2	3	1	1	0	0	40	0	0
34	0	121321	1	9	1	12	1	1	0	0	0	50	0	1
42	0	198955	12	5	3	0	2	0	1	0	0	46	0	0
27	2	105189	1	9	0	3	0	1	0	0	0	40	7	0
38	0	186191	1	9	3	10	2	1	0	0	0	60	0	0
17	0	208967	0	7	0	10	0	1	1	0	0	24	0	0
47	0	159399	5	15	1	5	1	1	0	0	0	55	0	1
21	2	169600	3	10	5	3	0	1	1	0	0	35	0	0
25	0	262656	2	12	0	10	0	1	1	0	0	40	0	0
30	0	284629	1	9	1	12	1	1	0	0	0	40	0	0
39	0	182189	1	9	1	6	1	1	0	0	1887	65	0	1
47	4	38819	7	13	1	2	1	1	0	0	0	45	0	1
57	0	191873	1	9	1	9	1	1	0	0	0	40	0	0
25	0	125082	1	9	0	13	0	0	1	0	0	40	0	0
68	0	67791	8	14	1	5	1	1	0	0	0	45	0	0
34	5	334744	1	9	1	0	1	1	0	0	0	65	0	0
35	0	198841	1	9	1	1	1	1	0	0	0	40	0	0
39	1	218490	2	12	1	6	1	1	0	0	0	40	0	1
47	0	188386	2	12	1	6	1	1	0	0	0	40	0	0
47	0	95661	3	10	2	8	2	1	1	0	0	45	7	0
55	3	79011	1	9	1	1	1	2	0	0	0	70	0	0
72	3	103368	3	10	1	1	1	1	0	0	0	21	0	0
32	0	119176	1	9	1	7	4	1	1	0	0	44	0	0
28	0	90928	11	11	0	8	2	1	1	0	0	40	0	0
61	6	218009	5	15	3	5	2	1	0	0	0	35	0	0
44	3	460259	7	13	1	10	1	1	0	0	0	50	0	1
35	1	405284	8	14	1	5	4	1	1	0	0	35	0	1
48	3	26502	7	13	1	8	1	1	0	0	0	40	0	1
49	4	157569	1	9	1	7	1	1	0	0	0	46	0	0
32	0	252168	3	10	0	4	2	0	0	0	0	35	0	0
26	4	269353	11	11	0	7	2	3	0	0	0	55	0	0
56	3	52822	7	13	3	1	2	1	0	0	0	30	0	0
71	2	365996	1	9	2	3	3	1	1	6612	0	42	0	1
24	5	147548	8	14	0	5	2	1	1	0	0	20	0	0
42	1	216411	2	12	1	7	4	1	1	0	0	35	12	1
37	5	122493	1	9	1	2	1	1	0	0	0	55	0	1
57	0	41680	3	10	3	9	2	0	1	0	0	40	0	0
48	1	100818	7	13	4	5	3	1	1	7443	0	45	0	0
39	0	30056	3	10	3	6	3	1	0	0	0	40	0	0
20	6	83141	1	9	0	6	0	1	0	0	0	40	0	0
46	0	178768	1	9	3	9	2	1	1	0	0	20	0	0
68	3	376957	10	3	1	6	1	0	0	0	0	6	0	0
33	0	194740	13	8	1	12	1	1	0	0	0	40	0	0
35	3	160728	1	9	1	1	1	1	0	0	0	50	0	0
62	2	198170	8	14	1	3	1	1	0	0	0	4	0	0
20	0	200967	1	9	0	4	0	1	1	0	0	30	0	0
42	5	116493	7	13	1	2	1	1	0	0	0	52	0	0
64	2	117349	1	9	1	3	1	1	0	0	0	24	0	0
42	0	188615	3	10	4	5	2	1	0	0	2231	50	25	1
47	0	849067	13	8	3	13	2	0	0	0	0	40	0	0
40	0	193459	2	12	4	0	2	1	0	0	0	40	39	0
51	5	177487	1	9	1	6	1	1	0	0	0	45	0	0
26	0	151971	3	10	0	13	3	1	0	0	0	35	0	0
32	6	169152	11	11	3	8	2	1	1	10520	0	80	37	1
59	0	108929	9	16	0	5	2	1	0	0	0	50	0	0
36	0	290861	0	7	5	6	2	0	0	0	0	40	0	0
38	3	168826	3	10	1	6	1	1	0	0	0	35	0	0
45	0	216414	8	14	1	9	1	1	0	0	0	50	0	1
38	0	324053	7	13	1	10	1	1	0	0	0	40	0	1
55	5	197399	8	14	1	5	1	1	0	0	0	40	0	0
46	0	138069	3	10	1	6	1	1	0	0	0	40	0	1
59	0	184553	1	9	1	13	1	1	0	0	0	45	0	0
31	0	328734	8	14	0	5	2	1	1	0	0	30	0	0
29	0	336167	1	9	0	0	3	0	1	0	0	30	0	0
34	0	195748	2	12	0	7	0	0	1	0	0	38	0	0
53	0	590941	9	16	0	5	3	1	1	0	1408	40	0	0
43	0	211580	3	10	1	5	1	1	0	0	0	40	0	1
52	2	73117	1	9	3	3	3	1	1	0	0	38	0	0
45	0	166863	4	6	1	0	1	1	0	0	0	40	0	0
29	0	141350	1	9	0	2	2	1	0	0	0	50	0	0
28	0	133937	7	13	1	7	1	1	0	15024	0	55	0	1
44	0	282192	2	12	1	5	1	0	0	0	0	60	0	0
32	0	237582	11	11	0	5	2	1	1	0	0	38	0	0
29	0	262758	2	12	0	4	3	0	0	0	625	60	0	0
48	6	188694	9	16	1	8	1	1	0	0	0	40	0	1
40	1	104196	13	8	1	8	1	1	0	0	0	40	0	0
23	0	172232	1	9	1	12	1	1	0	0	0	50	0	0
29	3	103432	1	9	0	6	2	1	0	0	0	50	0	0
65	0	183544	12	5	2	10	2	1	1	0	0	38	0	0
41	0	276289	7	13	0	5	2	0	0	0	0	60	1	0
58	0	111209	1	9	1	1	1	1	0	0	0	45	0	0
30	0	176862	11	11	1	5	1	1	0	0	0	40	0	0
55	0	201229	7	13	3	10	2	1	1	0	0	8	0	0
42	0	186689	1	9	1	4	4	0	1	0	0	60	0	0
31	0	177675	7	13	1	10	1	1	0	0	0	40	0	1
38	4	337505	3	10	1	7	1	2	0	0	0	40	8	1
53	0	156148	1	9	0	12	2	1	0	0	0	40	0	0
50	6	209642	3	10	1	10	1	1	0	99999	0	55	0	1
62	0	159474	1	9	1	0	1	1	0	0	0	50	0	0
37	0	75073	3	10	0	6	2	0	0	0	0	40	0	0
56	3	121362	7	13	1	8	4	1	1	15024	0	40	0	1
21	0	321369	4	6	0	6	0	1	0	0	0	40	0	0
43	2	49665	1	9	3	3	2	4	0	0	0	45	0	0
44	0	219155	2	12	1	10	1	1	0	0	0	40	0	1
48	0	329144	7	13	1	8	1	1	0	0	1977	60	0	1
40	1	161475	1	9	1	2	4	0	1	0	0	75	0	0
70	6	99554	7	13	3	10	2	1	1	0	0	40	0	0
40	0	277488	6	4	1	0	1	1	0	0	0	40	0	0
27	1	286352	7	13	0	5	2	1	1	0	0	35	0	0
26	0	109457	4	6	1	6	5	1	0	0	0	48	0	0
33	0	236304	7	13	1	8	1	0	0	0	0	60	0	1
35	0	399601	1	9	1	5	1	1	0	0	0	50	0	1
42	5	396758	3	10	3	5	0	1	1	0	0	40	0	0
37	0	21798	1	9	1	6	1	1	0	0	0	45	0	1
21	2	278130	3	10	0	3	0	1	0	0	0	40	0	0
17	0	192173	12	5	0	6	5	1	0	0	0	40	0	0
40	0	43546	3	10	3	0	3	1	1	0	0	48	0	0
20	0	87546	3	10	0	10	0	1	1	0	0	40	0	0
69	0	135891	7	13	1	5	1	1	0	0	0	7	0	1
32	0	312923	10	3	1	6	1	1	0	0	0	40	4	0
21	0	33432	3	10	0	5	0	1	1	0	0	8	0	0
25	0	270379	1	9	0	9	5	0	1	0	0	35	0	0
17	0	134829	0	7	0	4	0	1	0	2176	0	20	0	0
40	4	155106	1	9	1	7	1	1	0	0	0	55	0	1
19	2	145989	3	10	0	3	0	1	0	0	0	45	0	0
50	1	270221	3	10	3	7	0	1	0	0	0	43	0	1
24	0	123226	7	13	0	5	2	1	0	0	0	40	0	0
23	0	154641	1	9	0	13	0	1	0	0	0	40	0	0
73	0	145570	6	4	1	10	1	1	0	0	0	35	0	1
54	0	229983	7	13	3	5	2	1	1	0	0	36	0	0
68	3	140892	8	14	1	12	1	1	0	0	0	15	0	0
45	1	278303	2	12	1	8	1	1	0	0	0	40	0	0
66	0	127139	3	10	1	8	1	1	0	0	0	40	0	1
32	3	360689	0	7	3	6	2	1	0	0	0	50	0	0
24	0	19513	1	9	0	10	0	4	1	0	0	40	0	0
56	0	50490	1	9	1	10	1	1	0	0	0	45	0	1
50	3	34067	3	10	1	1	1	1	0	0	0	60	0	1
48	0	359808	1	9	0	13	2	1	0	0	0	40	0	1
28	0	105422	3	10	0	12	2	1	0	0	0	50	0	0
49	0	28171	1	9	3	9	2	1	0	4787	0	40	0	1
59	5	49230	1	9	2	7	2	1	1	0	0	40	0	0
24	0	165107	11	11	1	7	4	1	1	0	0	40	0	0
20	0	112706	0	7	0	13	0	1	0	0	0	39	0	0
56	0	28297	12	5	1	6	1	1	0	0	0	40	0	0
53	0	104748	4	6	1	12	1	1	0	0	0	45	0	0
21	0	129137	1	9	0	4	5	1	1	1055	0	35	0	0
30	0	298871	8	14	1	5	1	2	0	0	1887	45	30	1
30	1	229716	3	10	4	7	3	0	1	0	0	40	0	0
31	6	113752	1	9	1	8	1	1	0	0	0	40	0	1
32	3	198739	1	9	1	12	1	1	0	0	0	40	0	0
42	1	277256	7	13	1	5	1	1	0	0	0	40	0	1
31	0	114937	1	9	1	6	1	1	0	0	0	40	0	0
57	0	206206	0	7	1	6	1	1	0	0	0	40	0	1
19	0	197861	13	8	0	6	0	1	0	0	0	15	0	0
19	0	38925	0	7	0	4	0	1	0	0	0	40	0	0
26	0	34309	11	11	0	5	2	1	0	0	0	45	0	0
24	0	219122	1	9	1	10	1	1	0	0	0	20	24	0
41	3	51494	3	10	1	6	1	1	0	0	0	40	0	0
55	0	173422	3	10	1	0	1	1	0	0	0	40	0	0
20	2	116773	3	10	0	3	0	1	0	0	0	40	1	0
33	0	252340	3	10	0	7	2	1	1	0	0	40	0	0
25	0	213799	11	11	1	1	1	1	0	0	0	35	0	0
32	1	110100	11	11	3	5	3	0	1	0	0	40	0	0
53	0	146325	1	9	3	12	2	1	0	0	0	40	0	0
37	0	383352	3	10	3	7	3	1	1	0	0	38	0	0
33	0	369258	7	13	0	13	5	1	1	0	0	40	4	0
49	0	239865	1	9	1	9	1	1	0	0	0	50	0	1
52	0	200783	6	4	1	0	1	1	0	0	0	60	0	0
40	0	243580	7	13	1	8	1	1	0	0	0	44	0	1
36	0	132563	5	15	1	7	4	1	1	0	0	15	0	1
41	3	390369	5	15	1	5	1	1	0	0	0	58	0	1
25	0	403788	1	9	0	13	2	0	0	0	0	36	0	0
26	5	68346	8	14	0	5	2	1	0	0	0	10	1	0
59	0	136413	7	13	1	10	1	1	0	0	0	40	0	0
56	4	208791	7	13	1	8	1	0	0	0	0	50	0	0
21	0	572285	1	9	0	4	5	1	1	0	0	20	0	0
45	0	90992	1	9	1	12	1	1	0	0	0	70	0	0
18	0	156056	1	9	0	13	0	1	0	0	0	12	0	0
20	0	194102	3	10	0	5	5	1	0	0	0	12	0	0
42	0	149102	2	12	0	8	2	1	0	0	0	45	0	0
41	0	40151	1	9	1	6	1	1	0	0	0	40	0	1
40	0	356934	1	9	1	6	1	1	0	0	1902	45	0	1
28	4	72514	3	10	0	7	2	0	1	0	0	72	0	0
47	1	174126	1	9	2	8	3	1	1	0	0	40	0	0
31	0	324386	0	7	1	6	1	1	0	0	0	40	0	0
56	0	159544	8	14	1	5	1	1	0	0	0	60	0	0
34	0	114691	9	16	1	5	1	1	0	0	0	50	0	1
49	0	222829	8	14	1	5	1	1	0	0	0	42	0	1
63	0	298699	2	12	1	8	1	1	0	0	0	40	0	1
38	0	216845	10	3	1	0	1	1	0	0	0	48	4	0
44	0	321824	9	16	1	5	1	1	0	0	0	20	0	0
56	0	97541	1	9	1	10	1	1	0	0	1977	40	0	1
30	0	329425	3	10	1	0	1	1	0	0	0	40	0	0
38	6	148287	8	14	1	8	1	1	0	0	0	60	0	1
51	1	251346	12	5	1	4	4	1	1	0	0	38	12	0
30	0	143766	7	13	1	5	1	1	0	0	0	40	0	1
56	0	49647	11	11	0	1	2	1	0	0	0	70	0	0
50	0	233363	0	7	3	4	3	1	1	0	0	40	0	0
54	1	180427	1	9	1	6	1	1	0	0	0	45	0	0
46	0	30111	1	9	1	8	1	0	0	0	0	40	0	1
27	0	360527	1	9	1	8	1	1	0	0	0	40	0	0
46	0	135803	7	13	0	8	2	2	0	0	0	40	8	0
60	4	608441	1	9	1	12	1	0	0	0	0	40	0	0
42	1	720428	3	10	1	2	1	0	0	0	0	40	0	1
36	0	269784	4	6	4	13	3	1	1	0	0	40	0	0
30	0	423311	1	9	6	0	1	0	0	0	0	40	0	0
43	0	343591	8	14	3	8	2	1	1	0	0	50	0	0
29	0	37088	3	10	1	6	1	1	0	0	0	40	0	0
45	2	154430	3	10	3	3	2	1	1	0	0	35	0	0
22	0	113588	3	10	0	4	0	1	1	0	1741	30	0	0
46	0	190072	1	9	1	7	1	1	0	0	0	40	0	0
28	0	272132	5	15	5	5	2	1	1	0	0	65	1	0
44	4	32000	7	13	1	5	1	1	0	0	0	45	0	1
30	6	164190	7	13	0	8	2	1	0	0	2258	45	0	0
17	0	233781	0	7	0	4	0	0	0	0	0	18	0	0
23	0	401762	0	7	0	6	2	1	1	0	0	40	0	0
34	3	169186	1	9	1	1	1	1	0	0	0	50	0	0
33	0	164309	0	7	4	8	3	1	1	0	0	30	0	0
24	0	170800	7	13	0	8	0	1	1	0	0	37	0	0
32	0	37232	3	10	1	7	1	1	0	0	0	40	0	0
41	0	373403	7	13	1	5	1	1	0	0	0	40	0	1
44	0	192014	7	13	4	8	2	1	0	0	0	38	0	0
48	3	172034	7	13	1	8	1	1	0	0	0	60	0	0
36	1	322770	3	10	1	5	1	0	0	0	1887	40	32	1
39	0	269168	7	13	1	5	1	2	0	0	0	45	27	1
34	0	302570	1	9	1	4	1	0	0	0	0	36	0	0
35	0	103710	8	14	0	5	2	1	1	0	0	40	0	0
30	3	113364	3	10	0	6	0	1	0	0	0	30	0	0
33	0	121966	1	9	0	9	2	1	1	0	0	50	0	0
35	0	416745	7	13	1	5	1	1	0	0	0	40	1	1
30	1	154548	8	14	3	5	3	1	1	0	0	65	0	0
45	0	188794	1	9	3	4	2	1	1	0	0	40	0	0
37	0	156266	1	9	1	6	1	4	0	0	0	40	0	0
61	2	270599	14	2	2	3	2	1	1	0	0	18	4	0
36	0	19914	3	10	0	7	0	4	1	0	0	40	0	0
31	0	246439	2	12	0	9	0	1	0	0	0	45	0	0
38	0	101833	4	6	1	12	1	1	0	3103	0	40	0	1
32	0	177695	7	13	1	6	1	2	0	0	0	45	17	0
23	0	167868	3	10	0	7	0	1	1	0	0	24	0	0
22	0	82561	3	10	0	10	0	1	0	0	0	40	0	0
38	3	31848	1	9	1	1	1	1	0	0	0	50	0	0
45	2	117310	1	9	3	3	2	1	1	0	0	40	0	0
40	0	355918	7	13	1	6	1	1	0	0	0	50	0	1
38	0	49115	1	9	1	0	1	1	0	0	0	40	0	1
29	0	102875	0	7	1	13	0	0	0	0	0	20	0	0
67	2	194456	8	14	1	3	1	1	0	0	0	10	0	0
52	3	284648	1	9	3	8	3	1	1	0	0	99	0	1
52	3	73134	7	13	1	10	1	1	0	0	0	40	0	1
44	0	172600	1	9	0	10	2	1	1	10520	0	50	0	1
61	2	244856	7	13	1	3	1	1	0	4386	0	40	0	1
25	0	184303	6	4	0	11	5	1	1	0	0	40	3	0
25	5	154610	7	13	5	13	2	1	1	0	1719	15	0	0
33	0	260560	1	9	1	0	1	1	0	0	0	40	0	0
56	0	360770	14	2	1	0	1	0	0	0	0	40	5	0
24	0	315877	3	10	0	10	2	1	0	0	0	25	0	0
58	0	128258	1	9	3	10	2	1	1	0	0	24	0	0
33	0	179336	8	14	0	7	2	1	1	0	0	40	0	0
20	6	168165	3	10	1	0	1	1	0	0	0	40	0	0
55	0	109015	7	13	3	8	2	1	1	0	1876	40	0	0
22	0	89154	14	2	0	4	5	1	0	0	0	40	11	0
30	2	260954	6	4	0	3	2	1	0	0	0	40	0	0
38	0	85399	1	9	0	0	2	1	1	0	0	40	0	0
19	0	240841	3	10	0	7	0	1	0	0	0	50	0	0
20	0	119742	1	9	0	5	0	1	1	0	0	35	0	0
24	0	30656	3	10	0	4	2	1	0	0	0	24	0	0
30	1	263561	1	9	1	2	1	1	0	0	0	40	0	1
25	0	108838	7	13	0	7	2	1	1	0	0	40	0	0
21	0	259351	1	9	0	4	5	4	0	0	0	40	4	0
42	0	159449	1	9	3	6	2	1	0	0	0	40	0	0
53	3	195322	3	10	1	0	1	1	0	0	0	30	0	0
38	3	179481	7	13	1	5	1	1	0	0	0	50	0	0
40	5	195388	3	10	1	2	1	1	0	0	0	40	0	0
51	0	123429	1	9	1	13	1	1	0	0	0	40	0	0
36	4	116580	11	11	1	5	4	1	1	0	0	45	0	1
21	0	270043	3	10	0	9	0	1	1	0	0	25	0	0
49	3	232586	7	13	3	1	2	1	0	0	0	65	0	0
52	0	164519	1	9	2	7	5	0	1	0	0	40	0	0
33	3	141118	5	15	1	5	4	1	1	0	0	55	0	1
27	0	177955	7	13	0	9	0	1	1	0	0	40	4	0
45	1	149337	8	14	1	5	1	1	0	0	0	40	24	1
45	0	68896	1	9	1	0	1	0	0	0	0	48	1	0
27	0	22422	3	10	0	10	5	1	0	0	0	40	0	0
41	0	215453	14	2	1	4	1	1	0	0	0	43	4	0
30	1	170772	1	9	1	4	1	1	0	0	0	40	0	0
24	0	36011	3	10	1	10	1	1	0	0	2057	45	0	0
35	0	133839	1	9	1	6	1	1	0	0	0	60	0	1
48	4	50567	3	10	5	8	2	1	1	0	0	40	0	0
42	6	203233	5	15	1	5	1	1	0	99999	0	99	0	1
46	0	187510	4	6	1	0	1	1	0	0	0	40	0	1
24	4	290625	3	10	0	7	2	0	1	0	0	41	0	0
39	0	127573	7	13	1	5	4	1	1	0	0	30	0	1
27	0	50316	3	10	0	8	2	1	0	0	0	40	0	0
41	0	169473	1	9	3	4	2	1	1	0	0	30	0	0
46	0	25894	9	16	3	5	2	2	0	0	0	40	17	1
44	0	106900	8	14	1	10	1	1	0	0	0	50	0	1
43	0	157473	1	9	1	13	4	1	1	0	0	48	0	1
31	0	122612	8	14	1	10	4	2	1	0	0	25	16	1
17	0	132187	4	6	0	13	0	1	0	0	0	15	0	0
25	2	52151	3	10	1	3	1	1	0	0	0	2	0	0
31	0	212705	3	10	1	9	1	1	0	0	0	40	0	1
38	0	436361	8	14	1	5	4	1	1	0	1977	20	0	1
38	0	184456	3	10	0	4	2	1	0	0	0	50	37	0
69	1	142297	4	6	1	7	4	1	1	0	0	17	0	0
60	4	54701	7	13	1	5	1	1	0	0	0	40	0	1
34	0	245211	8	14	1	0	1	1	0	0	0	40	19	1
50	0	98975	7	13	1	7	1	1	0	15024	0	40	0	1
31	0	463601	1	9	0	13	5	0	0	0	0	40	0	0
26	0	297991	7	13	1	10	2	2	1	0	1977	75	18	1
36	0	196554	3	10	1	10	1	1	0	15024	0	40	0	1
23	0	113511	1	9	0	6	3	1	0	0	0	40	0	0
17	0	152710	0	7	0	4	0	1	1	0	0	20	0	0
30	0	147171	3	10	1	4	4	2	1	0	0	40	38	0
54	0	52724	1	9	3	7	3	1	1	0	0	40	0	0
35	0	177482	1	9	1	0	1	4	0	0	0	40	0	0
58	0	219537	6	4	3	0	3	1	1	0	0	40	0	0
33	0	350106	3	10	0	4	2	1	0	0	0	34	0	0
30	0	197947	1	9	0	8	2	1	0	0	0	40	12	0
21	0	253583	0	7	0	13	0	1	0	0	0	45	0	0
26	0	58751	1	9	1	13	5	1	0	0	0	40	0	0
29	0	206889	1	9	0	13	2	1	0	0	0	40	0	0
45	0	151399	13	8	1	12	1	0	0	0	0	40	0	0
40	1	50563	8	14	1	8	1	0	0	0	0	55	0	1
31	0	63861	1	9	3	10	2	1	1	0	0	34	0	0
47	0	165517	8	14	1	5	4	1	1	0	0	40	0	1
59	2	43103	3	10	1	3	1	1	0	0	0	40	0	0
21	2	123983	3	10	0	3	0	3	0	0	0	20	0	0
45	3	32172	1	9	1	1	1	1	0	0	0	70	0	0
30	0	192644	8	14	1	8	1	1	0	0	0	50	0	1
52	6	230919	7	13	1	10	1	1	0	0	0	60	0	1
68	0	115772	1	9	1	2	1	1	0	0	0	40	31	0
66	3	51687	7	13	1	10	1	1	0	0	0	20	0	0
26	0	191803	7	13	0	10	2	1	0	0	0	40	0	0
43	0	170721	3	10	1	6	1	1	0	0	0	40	0	1
20	2	132053	1	9	0	3	2	1	1	0	0	40	0	0
36	0	170842	8	14	1	8	1	1	0	0	0	35	0	0
22	2	51973	3	10	0	3	0	1	1	0	0	30	0	0
21	2	72621	3	10	0	3	0	1	0	0	0	45	0	0
20	5	205895	3	10	0	7	0	1	1	0	0	10	0	0
53	6	99185	1	9	1	6	1	1	0	0	0	80	37	0
30	0	149726	7	13	1	9	1	1	0	7688	0	40	0	1
38	0	372525	8	14	1	8	1	1	0	15024	0	45	0	1
21	0	165107	3	10	0	4	0	1	1	0	0	20	0	0
47	1	273767	7	13	0	5	2	1	1	0	0	50	0	0
61	0	227266	1	9	3	9	2	1	1	0	0	40	0	0
49	4	89334	7	13	1	5	1	1	0	0	0	40	0	0
44	0	199202	8	14	1	7	1	1	0	0	0	50	0	0
23	0	326587	1	9	0	7	2	1	0	0	0	40	0	0
49	3	144351	3	10	1	10	1	1	0	0	0	25	0	0
56	4	119254	1	9	3	7	2	1	1	0	0	40	0	0
62	0	193881	8	14	2	8	2	1	1	0	0	35	0	0
77	0	271000	1	9	2	8	2	1	1	0	0	40	0	1
17	2	74685	4	6	0	3	0	1	0	0	0	20	0	0
34	0	123291	4	6	0	13	5	1	0	0	0	40	0	0
33	1	557359	1	9	1	13	1	0	0	0	0	40	0	0
25	0	197403	11	11	0	6	0	1	0	0	0	40	0	0
33	0	184245	12	5	1	12	1	1	0	0	0	50	15	0
21	0	92898	1	9	0	7	0	1	1	0	0	40	0	0
51	0	105788	10	3	4	4	3	0	1	0	0	40	31	0
22	2	205940	1	9	0	3	0	1	1	0	0	30	0	0
45	0	212120	7	13	1	5	1	1	0	15024	0	40	0	1
35	0	351772	7	13	1	8	1	1	0	15024	0	45	0	1
33	0	309582	3	10	1	12	1	0	0	7298	0	50	0	1
28	0	244650	1	9	0	0	0	0	1	0	1602	25	0	0
58	3	290670	7	13	1	8	1	1	0	0	0	55	0	1
64	3	167877	1	9	1	5	1	1	0	0	0	60	0	1
37	0	454024	1	9	1	4	5	0	1	0	0	35	0	0
28	0	125531	1	9	0	4	2	1	1	0	0	30	0	0
22	0	220603	3	10	0	10	0	1	1	0	0	25	0	0
59	0	180645	1	9	3	7	2	1	1	0	0	40	0	0
35	0	98725	4	6	3	13	3	1	1	0	0	60	0	0
46	0	431515	7	13	0	13	2	1	0	0	0	40	0	0
31	0	122612	7	13	0	7	2	2	1	0	0	40	14	0
23	4	190290	1	9	0	14	0	1	0	0	0	40	0	0
76	0	174839	5	15	1	5	1	1	0	9386	0	25	0	1
46	4	83610	7	13	1	7	1	1	0	0	0	40	0	1
50	0	273534	1	9	1	13	1	1	0	0	0	30	0	0
26	0	383885	2	12	1	6	1	1	0	5013	0	50	0	0
19	0	188618	1	9	0	7	0	1	1	0	0	24	0	0
35	0	95653	1	9	3	6	2	1	0	0	0	56	0	0
61	0	204908	0	7	1	2	1	1	0	0	0	36	0	0
41	0	221172	7	13	0	8	0	1	0	0	0	40	0	0
31	0	97723	7	13	1	5	1	1	0	7688	0	40	0	1
32	0	200401	1	9	0	8	2	1	0	0	0	40	15	0
41	5	205153	8	14	1	8	1	1	0	0	0	50	0	1
38	0	170174	1	9	0	5	2	1	0	0	0	60	0	0
58	4	26947	7	13	2	5	3	4	1	0	0	40	0	0
17	2	154938	0	7	0	3	0	1	0	0	0	20	0	0
62	0	125832	12	5	2	0	2	1	1	0	0	35	0	0
25	3	150361	1	9	3	4	3	1	1	0	0	40	0	0
34	1	113183	8	14	3	5	2	3	1	0	0	40	0	0
23	0	39551	2	12	0	10	0	1	1	0	0	12	0	0
18	2	62854	0	7	0	3	0	1	0	0	0	40	0	0
61	2	31285	6	4	4	3	2	1	0	0	0	40	0	0
36	0	199217	1	9	3	13	2	1	0	0	0	40	4	0
47	1	40690	3	10	3	6	2	1	0	0	0	40	0	0
46	0	315671	6	4	1	10	4	1	1	0	0	30	0	0
23	0	180339	1	9	4	4	3	1	1	0	0	40	0	0
28	0	119545	7	13	4	10	2	1	0	0	0	42	0	0
23	0	195508	7	13	1	10	1	1	0	0	0	45	0	0
31	0	364657	3	10	1	7	1	1	0	0	0	45	0	1
49	4	168598	1	9	1	7	4	0	1	0	0	40	0	1
33	0	178683	3	10	1	0	1	1	0	5013	0	40	0	0
27	0	123116	3	10	1	6	1	1	0	0	2057	49	0	0
33	0	251117	10	3	1	0	1	1	0	0	0	40	4	0
35	1	42893	7	13	3	5	3	1	1	5721	0	40	0	0
19	0	386492	3	10	0	13	0	1	0	0	0	16	0	0
31	0	249869	1	9	1	10	1	1	0	0	0	40	0	0
55	0	116219	3	10	3	4	2	0	1	0	0	40	0	0
33	0	168981	1	9	0	10	0	1	1	0	0	40	0	0
67	2	137894	7	13	2	3	2	1	1	0	0	16	0	1
19	5	139091	3	10	0	4	0	0	0	0	0	35	0	0
25	0	219199	0	7	3	0	2	1	0	0	0	40	0	0
38	0	191455	1	9	1	4	4	1	1	0	0	10	0	0
39	0	325374	7	13	1	8	1	1	0	15024	0	40	0	1
77	2	180425	8	14	1	3	1	1	0	0	0	25	0	0
43	0	149871	1	9	0	7	3	0	1	0	0	40	0	0
30	0	342730	1	9	0	5	2	1	0	0	0	35	0	0
41	0	252392	12	5	1	0	1	1	0	0	0	40	4	0
60	0	193864	1	9	3	6	2	1	1	0	0	40	0	0
38	6	139364	7	13	1	6	1	1	0	15024	0	35	0	1
20	0	253612	1	9	0	10	0	1	1	0	0	30	0	0
34	0	287168	3	10	3	7	3	1	0	0	0	40	0	0
17	0	364952	4	6	5	4	5	1	0	0	0	40	0	0
45	0	82797	7	13	1	8	1	1	0	0	0	45	0	1
31	0	100135	8	14	3	8	2	1	1	0	0	40	0	0
54	1	287831	3	10	1	7	4	0	1	0	0	55	0	1
41	3	140108	1	9	1	7	1	0	0	0	0	30	0	0
19	0	180917	1	9	0	4	3	1	1	0	0	40	0	0
51	0	29036	1	9	3	7	3	1	1	0	0	40	0	0
42	3	221581	1	9	5	6	2	1	1	0	0	40	0	0
63	1	382882	6	4	1	6	1	1	0	0	0	40	0	0
35	0	237091	1	9	1	11	5	1	1	0	0	20	15	0
19	0	134252	3	10	0	10	0	1	0	0	0	15	0	0
29	0	269354	3	10	0	7	2	1	0	0	0	40	0	0
58	0	226922	1	9	4	4	2	1	1	2907	0	43	0	0
37	3	191841	7	13	3	4	3	1	1	0	0	48	0	0
28	0	37805	7	13	1	10	1	1	0	0	0	40	0	1
52	0	590522	10	3	1	6	1	1	0	0	2002	45	0	0
51	0	202752	13	8	4	12	2	0	0	0	0	40	0	0
34	2	304872	3	10	2	3	3	1	1	0	0	40	0	0
28	0	228075	3	10	1	7	1	1	0	0	0	40	0	0
43	0	163831	3	10	0	4	2	1	0	0	0	40	0	0
32	0	32326	7	13	1	6	4	1	1	0	0	40	0	1
40	0	179809	3	10	3	8	2	1	1	0	0	40	0	1
35	0	76878	6	4	1	7	1	1	0	0	0	40	24	0
44	4	210492	3	10	3	7	3	0	0	0	0	40	0	0
56	0	105582	3	10	1	4	1	1	0	0	0	45	0	1
44	0	160369	3	10	1	11	1	1	0	0	0	2	0	0
27	0	364986	3	10	0	4	2	1	0	0	0	38	0	0
56	2	169278	3	10	2	3	2	1	1	0	0	35	0	0
52	1	76081	7	13	0	5	2	0	1	0	0	40	0	0
27	5	234135	7	13	0	7	2	1	1	0	0	40	0	0
35	6	187693	2	12	1	6	1	1	0	0	0	80	0	1
32	0	188362	3	10	0	6	2	1	0	0	0	40	0	0
34	0	235271	3	10	0	0	0	1	0	0	0	86	0	1
34	0	51854	1	9	0	0	2	1	0	0	0	40	0	0
31	0	103772	3	10	3	7	2	1	1	0	0	40	0	0
55	4	300670	7	13	5	8	2	0	0	0	0	40	0	1
45	0	175990	1	9	3	8	3	1	1	0	0	38	0	0
43	0	173590	7	13	1	10	1	1	0	0	0	40	0	1
38	5	156866	7	13	1	7	1	3	0	0	0	40	0	1
56	0	71388	12	5	4	4	3	0	1	0	0	40	0	0
40	0	228659	2	12	1	2	1	1	0	0	0	60	0	0
55	3	110844	1	9	1	8	4	1	1	0	0	40	0	0
52	0	149908	5	15	3	5	3	1	1	25236	0	44	0	1
28	0	93021	10	3	0	0	3	3	1	0	0	40	1	0
19	1	273187	1	9	0	2	0	1	1	0	0	36	0	0
19	0	62419	1	9	1	6	1	1	0	0	0	35	0	0
24	0	218957	3	10	0	2	0	1	0	0	0	24	1	0
48	0	182715	1	9	1	10	1	1	0	0	0	48	0	0
29	0	157103	11	11	0	9	0	0	0	0	1974	40	0	0
54	0	133963	3	10	2	10	3	1	1	0	0	20	0	0
26	0	151724	3	10	1	10	1	1	0	0	0	40	0	1
58	0	196502	3	10	1	10	1	1	0	0	0	60	0	1
37	6	199816	5	15	1	5	1	1	0	0	0	50	0	1
41	0	413365	1	9	1	12	1	0	0	0	0	40	0	0
65	0	195568	3	10	2	0	2	1	1	0	0	20	0	0
43	0	186245	6	4	1	13	1	0	0	0	0	40	0	0
33	0	279231	7	13	1	10	1	1	0	0	1977	40	0	1
55	4	171870	1	9	1	7	1	1	0	0	0	46	0	1
32	0	127651	1	9	1	10	1	1	0	0	0	46	0	1
56	3	289605	1	9	1	6	1	1	0	0	0	40	0	0
29	0	130856	11	11	0	6	0	1	0	0	0	40	0	0
34	5	49539	1	9	0	4	0	1	1	0	0	20	0	0
39	3	263081	1	9	0	8	2	0	0	0	0	50	0	0
56	1	205759	1	9	1	6	1	1	0	0	0	40	0	0
33	0	358655	7	13	0	7	0	1	1	0	0	10	0	0
51	0	186299	15	1	0	0	2	1	0	0	0	30	0	0
47	0	289517	7	13	1	6	1	1	0	0	0	50	0	1
22	0	105686	1	9	0	13	3	1	0	0	0	40	0	0
58	1	81132	1	9	1	13	1	2	0	0	0	80	8	1
25	0	68302	1	9	1	6	1	1	0	0	0	40	0	0
34	0	443546	1	9	1	6	1	1	0	0	0	40	0	1
34	3	195891	7	13	1	10	1	1	0	0	0	50	1	1
35	0	99462	1	9	3	9	3	4	1	0	0	40	0	0
36	0	224541	3	10	1	6	1	1	0	0	0	40	0	1
70	2	262502	3	10	1	3	1	1	0	0	1844	24	0	0
41	0	118921	1	9	3	13	3	1	1	0	0	60	0	0
46	0	155489	7	13	1	5	1	1	0	0	0	50	0	1
38	3	248919	7	13	3	5	2	1	0	27828	0	35	0	1
47	0	139268	7	13	0	9	2	1	0	27828	0	38	0	1
43	3	245056	15	1	1	12	1	0	0	0	0	40	10	0
39	0	433592	1	9	1	12	1	0	0	0	0	45	0	1
29	0	336624	7	13	0	5	2	1	0	8614	0	40	0	1
47	0	177858	7	13	5	8	2	1	1	27828	0	60	0	1
37	0	207066	3	10	0	8	2	1	0	0	0	40	0	0
19	0	56750	3	10	0	8	2	1	1	0	0	30	0	0
67	0	110331	12	5	3	7	5	1	1	0	0	20	0	0
40	0	84801	7	13	1	8	1	1	0	7688	0	40	0	1
53	1	175897	1	9	1	6	1	1	0	0	0	40	0	0
31	0	369027	1	9	1	12	1	0	0	0	0	37	0	0
56	0	170411	1	9	3	2	0	1	0	4101	0	38	0	0
47	0	171751	1	9	3	10	2	1	1	0	0	40	0	0
37	0	61518	1	9	1	10	1	1	0	0	0	50	0	0
31	0	214235	1	9	1	10	1	1	0	0	1977	40	0	1
42	2	56483	3	10	6	3	4	1	1	0	0	14	0	0
44	0	154993	3	10	4	6	3	1	1	0	0	55	0	0
33	0	160594	3	10	1	8	1	1	0	7298	0	40	0	1
22	0	258298	3	10	0	7	0	1	0	0	0	35	0	0
52	0	192666	13	8	4	0	3	0	0	0	0	40	0	0
33	0	156602	7	13	0	10	0	1	0	3325	0	43	0	0
31	0	122116	11	11	1	6	1	1	0	0	0	40	0	0
75	1	73433	1	9	1	4	1	1	0	0	2467	40	25	0
50	0	99185	1	9	0	7	2	1	0	0	0	40	0	0
36	0	203828	1	9	1	6	1	1	0	0	0	40	24	0
58	1	101480	11	11	2	7	2	1	1	0	0	40	0	0
20	6	134815	12	5	0	6	3	1	0	0	625	40	0	0
36	5	235195	3	10	4	5	3	1	1	0	0	32	0	0
26	0	93169	2	12	1	7	4	1	1	0	0	40	0	0
58	1	36091	8	14	0	8	2	4	1	0	0	40	0	0
57	0	124318	1	9	1	7	4	1	1	0	0	45	0	0
46	6	188861	8	14	0	8	2	1	0	0	1564	50	0	1
29	0	194402	8	14	0	8	2	2	1	0	0	42	1	0
42	3	54651	5	15	1	5	1	1	0	0	0	40	22	1
34	0	169496	3	10	1	13	1	1	0	0	0	40	0	1
57	0	34366	3	10	1	12	1	1	0	0	0	50	0	0
35	5	213076	7	13	1	2	1	1	0	0	0	40	0	0
36	1	161132	3	10	0	2	2	1	0	0	0	56	0	0
46	0	479406	7	13	1	10	1	1	0	0	1672	40	0	0
39	0	115618	1	9	1	12	1	1	0	0	0	50	0	0
25	6	158033	1	9	0	0	2	1	0	0	0	65	0	0
43	0	108682	3	10	1	0	1	1	0	0	0	40	0	1
26	0	430195	0	7	4	4	3	0	0	0	0	40	0	0
46	1	138107	8	14	1	8	1	1	0	0	1902	60	0	1
27	0	215014	1	9	1	6	1	1	0	0	0	40	0	0
35	0	183279	1	9	1	6	1	1	0	0	0	40	0	0
68	3	119056	1	9	0	10	2	1	0	0	0	24	0	1
52	0	158583	3	10	3	9	2	1	1	0	0	36	0	0
26	0	242464	11	11	0	8	2	1	0	0	0	50	0	0
27	0	35204	3	10	1	6	1	1	0	0	0	46	0	0
52	0	233149	8	14	1	10	1	1	0	15024	0	40	0	1
54	0	182855	6	4	3	7	2	1	1	0	0	40	0	0
29	0	189346	1	9	0	12	3	1	0	0	0	40	0	0
39	0	82726	3	10	1	10	4	1	1	0	0	40	0	0
38	0	179481	3	10	1	8	1	1	0	0	0	45	0	1
19	0	167428	1	9	0	12	0	1	0	0	0	30	0	0
22	0	182117	3	10	0	6	0	1	0	0	0	40	0	0
58	0	162970	3	10	1	10	1	1	0	0	1977	60	0	1
39	0	421633	2	12	3	7	3	0	1	0	0	40	0	0
20	5	231931	3	10	0	5	0	1	0	0	0	40	0	0
26	0	132749	3	10	0	7	0	1	1	0	0	40	0	0
22	0	254351	1	9	0	4	2	1	0	0	0	45	0	0
31	5	152109	11	11	3	2	2	1	0	0	0	40	0	0
42	0	100479	7	13	1	10	1	1	0	0	0	40	0	1
53	1	222405	1	9	0	4	2	0	0	0	0	40	0	0
32	0	117028	1	9	1	6	1	1	0	0	0	40	0	0
33	0	91163	1	9	4	4	5	0	1	0	0	40	0	0
36	0	150104	8	14	1	5	4	1	1	0	0	40	0	1
39	0	114605	1	9	1	0	1	1	0	0	0	40	0	0
33	0	348152	3	10	0	7	2	1	0	0	0	40	0	0
33	0	174463	1	9	0	6	0	1	0	0	0	35	0	0
47	0	180243	7	13	0	10	5	1	1	0	0	40	0	0
31	0	238816	11	11	1	9	1	1	0	0	0	40	0	0
18	0	275848	13	8	0	10	5	1	1	0	0	16	0	0
51	0	114520	1	9	3	10	3	1	0	0	0	16	0	0
34	5	275880	7	13	4	8	3	0	1	0	0	38	0	0
39	0	188148	3	10	0	13	3	0	1	0	0	48	0	0
42	0	112494	3	10	1	6	1	1	0	7298	0	35	0	1
17	2	159771	4	6	0	3	0	0	0	0	0	6	21	0
27	0	278736	10	3	1	6	1	1	0	0	0	40	4	0
20	2	354351	3	10	0	3	0	1	0	0	0	35	0	0
33	0	252257	5	15	0	5	2	1	1	0	0	40	0	0
62	2	128230	8	14	1	3	1	1	0	0	0	48	0	1
27	0	321456	3	10	1	2	1	1	0	0	0	40	0	0
45	6	200825	7	13	1	8	1	1	0	0	0	50	0	1
19	0	86143	1	9	0	10	0	2	0	0	0	20	8	0
40	5	353687	1	9	1	8	4	1	1	0	0	40	0	1
43	1	212847	1	9	3	12	2	1	0	0	0	40	0	0
60	0	154589	1	9	1	6	1	1	0	3103	0	35	0	1
42	0	183765	3	10	1	10	1	1	0	0	0	50	0	0
28	0	186672	1	9	0	7	2	0	0	0	0	40	32	0
50	0	249096	3	10	1	12	1	1	0	0	0	60	0	1
27	0	190784	1	9	1	6	1	1	0	3137	0	45	0	0
25	0	144516	1	9	0	12	2	1	0	0	0	40	0	0
53	0	124993	1	9	1	5	1	1	0	0	0	43	0	1
24	0	111376	1	9	0	13	2	1	0	0	0	40	0	0
40	0	300838	14	2	1	6	1	3	0	0	0	40	4	0
28	0	359049	1	9	0	9	2	1	0	0	1092	60	0	0
36	2	100669	1	9	0	3	0	2	0	0	0	25	0	0
46	3	366089	7	13	1	10	1	1	0	0	0	60	0	1
19	0	110998	3	10	0	7	0	2	1	0	0	40	8	0
23	0	60409	3	10	0	9	2	1	1	0	0	40	0	0
55	0	129263	1	9	3	13	3	1	0	0	0	40	0	0
48	0	219967	12	5	1	6	1	1	0	0	0	40	0	0
45	0	171540	1	9	1	6	1	1	0	0	0	40	0	0
55	1	61708	7	13	1	8	1	1	0	0	0	40	0	1
36	0	294760	11	11	1	9	1	1	0	0	0	50	0	0
35	0	209280	1	9	3	4	3	1	1	0	0	31	0	0
31	0	208881	1	9	1	6	1	1	0	0	0	50	0	1
17	0	191535	0	7	0	7	0	1	0	0	0	7	0	0
31	0	143851	2	12	1	5	4	1	1	0	0	40	0	1
51	0	161599	7	13	3	7	2	1	1	0	0	40	1	0
20	3	428299	1	9	0	10	0	1	0	0	0	40	0	0
32	3	199366	4	6	5	6	0	1	0	0	0	16	0	0
34	1	484911	1	9	0	6	2	4	0	0	0	40	0	0
37	0	390243	1	9	0	12	2	0	0	0	0	45	0	0
55	3	204502	1	9	1	10	1	1	0	0	0	35	0	0
32	3	114419	11	11	1	6	1	1	0	0	0	50	0	0
49	0	79436	1	9	1	13	1	1	0	0	0	48	0	0
54	0	141272	1	9	1	7	4	1	1	0	0	40	0	1
62	1	123749	7	13	1	8	1	1	0	0	0	40	0	1
18	0	101173	1	9	0	8	0	1	1	0	0	35	0	0
49	0	39518	3	10	1	9	1	1	0	0	0	40	0	1
26	0	250038	12	5	0	1	5	1	0	0	0	40	4	0
59	6	165695	7	13	1	5	1	1	0	0	0	20	0	1
48	1	225594	1	9	1	4	1	0	0	0	0	40	0	0
21	5	51979	3	10	0	4	0	1	1	0	0	11	0	0
31	0	177675	3	10	1	10	1	1	0	0	0	60	0	1
37	0	199739	3	10	3	6	0	1	0	0	0	40	0	0
38	0	27408	1	9	0	1	2	1	0	0	0	60	0	0
28	0	110169	11	11	3	7	2	1	1	0	0	3	0	0
39	3	179488	1	9	1	8	1	1	0	0	0	50	0	0
30	0	118551	7	13	0	10	2	1	1	0	0	35	0	1
71	3	157845	7	13	1	10	1	1	0	0	0	20	0	0
37	3	68899	1	9	1	12	1	1	0	0	0	60	0	1
53	0	58535	1	9	3	10	2	1	1	0	0	40	0	0
39	0	191503	7	13	1	5	1	1	0	0	1887	40	0	1
34	0	113364	2	12	1	4	1	1	0	0	0	35	0	0
34	3	204742	1	9	1	12	1	1	0	0	0	62	0	0
21	0	163870	3	10	0	10	0	1	0	0	0	40	1	0
53	0	208122	3	10	1	12	1	3	0	0	0	60	0	1
46	1	174361	8	14	1	5	1	1	0	0	0	40	0	1
23	0	265077	7	13	0	7	0	1	1	1055	0	10	0	0
50	0	241648	11	11	3	4	2	1	1	0	0	20	0	0
30	0	94145	1	9	3	7	3	0	0	0	0	40	0	0
32	0	178449	1	9	0	6	2	1	0	0	0	50	0	0
23	0	236804	7	13	0	8	2	1	0	0	0	30	0	0
53	3	187830	8	14	1	8	1	1	0	7688	0	35	0	1
41	0	66208	5	15	3	5	3	1	1	0	0	45	0	0
42	0	219155	7	13	1	10	1	1	0	15024	0	50	0	1
38	0	99146	1	9	1	12	1	1	0	0	0	65	0	0
45	0	142889	1	9	3	6	3	1	0	0	0	44	0	0
56	0	136164	3	10	3	7	2	1	1	0	0	40	0	0
36	0	154410	7	13	1	5	1	1	0	0	0	40	0	1
65	0	113293	1	9	1	6	1	1	0	0	0	40	0	0
41	0	195096	7	13	1	8	1	1	0	0	0	50	0	1
42	0	172641	6	4	4	0	3	0	1	0	0	40	0	0
43	0	265072	7	13	0	5	2	2	0	0	2258	50	0	1
22	0	305874	1	9	1	6	1	1	0	0	0	60	0	0
51	0	312446	7	13	1	8	1	1	0	0	0	37	0	1
21	0	391312	1	9	0	4	2	0	1	0	0	30	0	0
32	0	234976	3	10	1	8	4	1	1	0	0	55	0	0
19	0	199495	3	10	0	13	0	1	0	0	0	40	0	0
53	0	98561	1	9	2	9	2	1	0	0	0	39	0	1
43	0	176452	12	5	5	6	2	1	0	0	0	50	1	1
17	0	188996	12	5	0	10	2	1	1	0	0	30	0	0
46	5	171926	8	14	3	8	3	1	0	7430	0	50	0	1
45	1	310260	7	13	1	5	1	1	0	0	0	50	0	1
52	0	72257	1	9	3	13	2	1	0	0	0	40	0	0
37	3	86643	2	12	0	12	2	1	0	0	0	50	0	0
18	0	115815	0	7	0	4	0	1	0	0	0	20	0	0
53	0	227475	7	13	3	10	2	1	1	0	0	40	0	0
45	1	324550	8	14	1	5	1	1	0	7688	0	40	0	1
37	0	138105	1	9	4	6	3	1	1	0	0	40	0	0
19	0	146189	0	7	0	10	3	4	0	0	0	43	0	0
25	0	478836	3	10	0	8	2	1	0	0	0	40	0	0
57	0	513440	8	14	1	8	1	1	0	0	0	40	4	0
19	0	151806	3	10	0	4	2	1	1	0	0	40	0	0
45	0	363253	3	10	0	5	2	1	0	0	0	50	1	1
54	6	263925	1	9	3	10	2	1	0	0	0	50	0	0
29	0	57617	3	10	0	4	2	1	1	0	0	34	0	0
32	0	208761	1	9	0	12	2	1	0	0	0	60	0	0
49	0	169092	1	9	1	7	5	1	1	0	0	40	1	0
34	0	173854	8	14	3	8	2	1	0	27828	0	60	0	1
46	1	116906	8	14	0	5	2	0	1	0	2258	35	0	0
43	0	163769	4	6	4	4	3	1	1	0	0	40	0	0
32	4	72630	5	15	0	5	2	1	0	14084	0	55	0	1
58	2	141409	11	11	1	3	1	1	0	0	0	40	0	0
67	0	24968	12	5	1	2	1	1	0	0	0	40	0	0
24	0	118514	1	9	0	6	0	1	0	0	0	40	0	0
19	2	116834	3	10	0	3	0	1	1	0	0	25	0	0
42	3	99185	7	13	1	6	1	1	0	0	0	50	0	1
32	0	121769	3	10	1	6	1	1	0	0	0	40	0	0
59	0	160271	6	4	4	0	2	1	0	0	0	40	0	0
34	0	123429	3	10	1	7	1	1	0	0	0	60	0	0
24	0	744929	1	9	0	8	0	0	1	0	0	40	0	0
21	0	143604	3	10	0	7	0	1	1	0	0	12	0	0
36	0	284582	3	10	4	10	3	1	1	0	0	40	0	0
38	2	229363	1	9	1	3	4	1	1	0	0	4	0	0
53	0	161482	7	13	3	5	2	1	1	0	0	50	0	1
24	3	107452	3	10	1	10	1	1	0	0	0	40	0	0
38	5	534775	3	10	0	9	3	0	1	0	0	50	0	0
51	0	183200	3	10	1	8	1	1	0	0	1902	40	0	0
42	0	169980	3	10	1	6	1	0	0	0	0	50	0	1
22	0	299047	3	10	0	7	0	1	1	0	0	30	0	0
53	0	92475	3	10	0	7	5	1	1	0	0	40	0	0
51	0	114758	0	7	1	0	1	1	0	0	0	48	0	1
65	3	55894	5	15	3	9	2	1	0	0	0	40	0	0
40	0	98466	0	7	1	6	1	1	0	0	0	50	0	0
39	0	170174	11	11	0	7	0	1	0	14344	0	40	0	1
54	0	335177	1	9	3	6	3	1	0	0	0	45	1	0
24	0	511231	1	9	0	4	0	0	0	0	0	40	0	0
32	1	257849	1	9	1	12	1	1	0	0	0	40	0	0
40	1	208751	7	13	3	5	3	1	1	0	0	40	0	0
36	0	383566	7	13	1	8	1	1	0	15024	0	55	21	1
47	2	214605	1	9	1	3	1	1	0	0	0	40	0	0
40	5	243664	7	13	1	5	4	0	1	0	0	40	0	0
41	0	176716	7	13	1	5	1	1	0	0	1902	40	0	1
38	0	366618	1	9	3	6	2	1	0	0	0	40	0	0
36	6	83748	3	10	1	8	5	2	1	0	0	70	14	0
64	0	278585	1	9	4	0	3	0	1	0	0	40	0	0
47	0	106942	6	4	4	4	2	1	1	0	0	38	0	0
22	0	372898	3	10	0	7	0	1	1	0	0	20	0	0
48	0	183610	11	11	3	9	2	1	1	0	0	40	0	0
45	0	106061	0	7	1	10	1	1	0	0	0	70	0	0
58	5	138130	1	9	0	9	0	0	1	0	0	40	0	0
48	0	43479	11	11	1	13	1	1	0	5013	0	40	0	0
49	0	118520	1	9	3	7	2	1	1	0	0	45	0	0
34	4	207284	13	8	1	6	1	1	0	0	0	40	0	0
43	5	598995	7	13	1	5	4	0	1	3103	0	40	0	1
50	5	141608	1	9	1	4	4	1	1	0	0	30	0	0
31	0	230912	3	10	0	7	2	1	1	0	0	55	0	0
31	0	309170	1	9	0	13	2	1	0	0	0	40	0	0
57	0	27459	1	9	5	12	2	1	0	0	0	40	0	0
33	3	266674	3	10	1	6	1	1	0	7298	0	56	0	1
52	0	93127	0	7	1	4	1	1	0	0	0	32	0	0
43	6	27444	7	13	1	10	1	1	0	99999	0	40	0	1
30	0	131415	7	13	0	11	2	1	1	0	0	60	0	0
54	0	105428	1	9	3	6	2	1	0	0	1741	40	0	0
36	0	139364	7	13	5	8	2	1	0	10520	0	40	6	1
43	0	236936	1	9	3	8	3	1	1	0	0	47	0	1
35	0	109204	7	13	1	12	1	1	0	0	0	40	0	0
56	0	456592	1	9	3	4	3	1	1	0	0	37	0	0
34	3	173201	8	14	0	5	0	1	0	0	0	50	22	0
19	2	183408	1	9	0	3	0	1	0	0	0	40	0	0
51	0	111721	1	9	1	4	1	1	0	0	0	35	0	0
39	0	268258	7	13	1	12	1	0	0	7688	0	50	0	1
59	0	128258	1	9	3	7	3	1	1	0	0	38	0	0
46	3	525848	0	7	1	12	1	0	0	0	0	48	0	0
39	0	124090	4	6	1	12	1	1	0	0	0	40	0	0
67	0	249043	3	10	1	10	1	1	0	6767	0	40	0	0
38	0	119098	3	10	0	9	2	1	0	0	0	42	0	0
70	2	30772	6	4	1	3	1	1	0	0	0	40	0	0
22	1	49414	3	10	0	7	0	4	1	0	0	40	0	0
30	0	197886	7	13	0	10	0	1	0	0	0	40	0	1
39	7	334291	1	9	1	8	1	1	0	0	0	40	0	0
21	2	171156	3	10	0	3	2	1	1	0	0	40	0	0
78	2	109498	12	5	2	3	3	1	0	0	0	40	0	0
43	3	83411	7	13	1	10	1	1	0	0	2415	40	0	1
47	1	209968	7	13	1	5	1	1	0	7298	0	40	0	1
20	0	223921	13	8	0	0	0	1	1	0	0	40	0	0
52	1	133403	1	9	1	12	1	1	0	0	0	40	0	1
50	0	75763	11	11	1	12	1	1	0	0	0	65	0	0
34	0	200401	1	9	4	12	0	1	0	0	0	25	15	0
45	0	55272	11	11	1	6	1	1	0	0	0	40	0	0
51	1	194970	1	9	1	8	1	1	0	0	0	40	0	1
38	3	143385	1	9	1	6	1	1	0	0	0	80	0	0
30	0	180317	11	11	3	0	2	1	0	0	0	40	0	0
19	0	255176	1	9	0	7	0	1	1	0	0	20	0	0
37	1	175120	8	14	0	5	2	1	0	0	0	45	0	0
38	6	66687	1	9	1	8	1	1	0	5178	0	50	26	1
27	4	115705	11	11	1	7	1	1	0	7298	0	50	0	1
17	2	197732	0	7	0	3	0	1	1	0	0	20	21	0
32	0	111883	2	12	1	5	1	1	0	0	0	40	0	0
23	0	210474	7	13	0	5	0	1	1	0	0	40	0	0
26	0	123472	1	9	0	4	0	1	1	0	0	40	0	0
24	0	257621	7	13	0	8	2	1	1	0	0	40	0	0
35	0	341943	3	10	0	8	2	1	1	0	0	50	0	0
57	0	181242	7	13	1	8	1	1	0	0	0	40	0	1
40	4	187164	7	13	0	9	0	1	0	0	0	40	0	0
32	0	308365	1	9	0	6	5	0	0	0	0	38	0	0
53	3	263439	11	11	1	10	1	1	0	0	0	50	0	1
23	0	442359	1	9	0	10	0	1	1	8614	0	15	0	1
54	3	166368	7	13	0	8	2	1	0	0	0	25	0	0
21	0	116968	3	10	0	7	0	1	0	2597	0	40	0	0
26	0	57593	0	7	1	6	1	1	0	0	0	40	0	0
29	0	247507	4	6	0	6	2	1	0	0	0	43	0	0
38	0	213512	3	10	1	10	1	1	0	0	0	50	0	0
19	0	71691	0	7	0	4	0	1	0	0	0	18	0	0
28	2	147719	3	10	0	3	2	2	0	0	0	48	17	0
40	0	244835	3	10	1	10	1	1	0	15024	0	50	0	1
21	2	285830	1	9	0	3	0	2	1	0	0	20	20	0
37	0	386461	10	3	3	0	3	1	0	0	0	45	4	0
41	0	154714	11	11	1	6	1	1	0	0	0	40	0	1
47	0	281401	10	3	3	10	5	1	1	0	0	32	4	0
35	0	189251	1	9	0	0	3	1	1	0	0	40	30	0
39	5	102729	2	12	1	9	1	1	0	0	0	40	0	0
29	0	327766	3	10	3	8	3	1	0	0	0	55	0	1
29	0	168479	8	14	0	10	2	1	0	0	0	40	0	0
54	0	249352	7	13	1	6	1	0	0	0	0	40	0	0
24	0	300008	1	9	1	7	4	1	1	0	0	40	0	0
32	0	296466	1	9	1	0	1	1	0	0	0	50	0	1
47	0	199277	1	9	1	0	1	1	0	0	0	50	26	1
36	0	174242	7	13	0	8	2	1	0	0	0	60	0	0
63	0	130968	12	5	3	12	2	1	0	0	0	50	0	0
25	0	288440	7	13	0	9	0	1	1	0	0	40	0	0
36	0	208358	3	10	1	12	1	1	0	0	0	40	0	1
40	3	458168	7	13	1	5	1	1	0	0	0	60	0	0
23	0	37894	1	9	4	4	0	1	1	0	0	40	0	0
38	3	107410	12	5	1	12	1	1	0	0	0	45	0	1
24	2	96844	3	10	0	3	2	1	1	0	0	20	0	0
53	0	402016	1	9	1	13	1	1	0	0	0	52	0	1
60	0	258869	9	16	4	11	3	1	1	0	0	30	28	0
35	0	114087	1	9	1	7	4	1	1	5013	0	40	0	0
33	0	116294	7	13	0	5	0	1	1	0	0	40	0	1
21	0	241523	1	9	0	13	0	1	0	0	0	40	0	0
23	2	163053	4	6	0	3	2	1	1	0	0	20	0	0
18	8	162908	0	7	0	3	0	1	0	0	0	35	0	0
45	5	310049	11	11	1	5	4	2	1	0	0	40	8	1
37	0	293475	2	12	0	5	2	1	1	0	0	40	0	0
60	1	169015	3	10	2	8	2	1	1	0	0	40	0	0
21	0	325762	3	10	0	10	0	1	1	0	0	35	0	0
37	3	101561	11	11	1	1	1	1	0	0	0	50	0	1
41	5	52131	1	9	3	5	0	1	0	0	0	40	0	0
30	0	163867	1	9	1	6	1	1	0	0	0	40	0	0
29	0	204663	1	9	0	6	0	1	0	3325	0	40	0	0
18	2	233136	0	7	0	3	0	1	1	0	0	15	0	0
61	3	48846	9	16	1	5	1	1	0	0	0	55	0	1
30	0	264351	7	13	1	12	1	1	0	0	0	25	33	0
41	0	190205	1	9	1	6	1	1	0	0	0	45	0	0
29	0	254450	11	11	0	9	2	1	1	0	0	40	0	0
28	3	29974	11	11	0	1	0	1	0	10520	0	45	0	1
53	4	40641	7	13	1	2	1	1	0	0	0	40	0	1
73	3	256401	9	16	1	5	1	1	0	0	0	28	0	1
25	0	203833	4	6	0	1	2	0	0	0	0	35	10	0
30	0	277455	1	9	0	2	2	1	0	0	0	40	0	0
38	0	176335	3	10	1	5	1	1	0	0	0	40	0	1
51	0	394690	1	9	3	8	2	1	1	0	0	40	0	0
23	5	71996	7	13	0	7	0	2	1	0	0	52	0	0
73	3	110787	9	16	1	8	1	1	0	1409	0	2	0	0
37	5	157641	3	10	0	2	2	1	1	0	0	30	0	0
72	0	164724	7	13	3	10	3	1	1	0	0	28	0	0
30	3	173792	3	10	4	5	3	0	1	0	0	40	0	0
23	0	163595	7	13	1	10	1	1	0	0	0	40	0	0
27	0	132412	4	6	0	0	2	1	0	0	0	40	1	0
22	0	193089	1	9	0	13	2	1	0	0	0	43	0	0
28	0	190525	7	13	1	8	1	1	0	0	0	50	0	1
30	0	175878	1	9	1	6	1	1	0	0	0	42	0	1
21	0	161902	0	7	1	13	1	1	0	0	0	40	0	0
35	0	211494	7	13	0	5	2	1	0	8614	0	40	1	1
42	0	89003	7	13	1	13	1	1	0	0	0	50	0	0
31	0	344200	3	10	1	10	1	1	0	0	0	40	0	0
29	0	62345	1	9	1	4	5	2	1	0	0	40	1	0
35	0	85799	1	9	3	7	2	1	1	0	0	40	0	0
27	2	26754	7	13	1	3	4	2	1	0	0	10	27	0
26	0	193347	3	10	3	10	0	1	1	0	0	28	0	0
45	3	176814	11	11	1	10	1	1	0	3411	0	40	0	0
27	0	336162	3	10	0	7	5	1	1	0	0	40	0	0
39	0	98975	7	13	0	10	2	1	1	8614	0	50	0	1
71	0	150943	7	13	2	8	5	1	1	0	0	40	0	0
22	1	131573	3	10	0	8	0	1	1	0	0	25	0	0
51	0	138852	4	6	1	6	1	1	0	0	0	50	0	0
48	0	35406	11	11	4	4	2	1	1	0	0	30	0	0
48	0	167159	1	9	0	7	2	1	0	0	0	40	0	0
21	0	80680	1	9	0	4	2	1	1	0	0	64	0	0
55	6	87584	1	9	1	7	4	1	1	0	0	10	0	0
33	0	56121	1	9	0	12	2	1	0	0	0	60	0	0
35	0	284358	1	9	1	8	1	1	0	0	0	50	0	1
22	0	224969	1	9	0	7	0	1	0	0	0	40	0	0
22	0	209034	3	10	0	4	2	1	1	0	0	35	0	0
33	2	177733	6	4	0	3	2	1	1	0	0	30	0	0
19	0	57366	3	10	0	0	0	1	1	0	0	30	0	0
23	0	35633	6	4	0	0	2	1	0	0	0	40	0	0
29	0	191177	1	9	0	8	2	1	1	0	0	55	0	0
75	0	199826	3	10	3	10	2	1	1	0	0	36	0	1
54	3	94323	12	5	1	6	4	4	1	0	2163	15	0	0
60	2	380268	5	15	1	3	1	1	0	0	0	40	0	1
90	0	272752	3	10	0	4	0	1	0	0	0	10	0	0
34	0	228386	1	9	1	6	4	0	1	0	0	70	0	0
20	0	187149	1	9	0	6	0	0	1	0	0	40	0	0
24	1	335439	1	9	0	7	2	1	1	0	0	38	0	0
24	0	250630	7	13	0	10	3	1	1	0	0	45	0	0
45	1	272182	3	10	1	9	1	0	0	5013	0	40	0	0
29	0	108574	8	14	0	5	2	1	1	0	0	40	0	1
47	5	185400	1	9	1	8	1	1	0	0	0	40	0	1
24	0	406641	1	9	0	10	3	1	1	0	0	50	0	0
29	0	103634	1	9	0	2	3	1	0	0	0	35	0	0
46	0	261059	3	10	1	5	1	1	0	0	0	40	0	1
66	0	199374	8	14	2	10	3	1	1	0	0	20	0	0
41	0	405172	2	12	1	12	1	0	0	0	0	40	1	1
32	0	147654	1	9	1	6	1	1	0	0	1902	40	0	1
51	0	129301	12	5	1	12	1	1	0	0	0	45	0	0
29	0	173789	1	9	1	10	1	1	0	0	0	40	0	0
29	0	212588	1	9	1	6	1	1	0	0	0	40	0	0
39	3	457453	1	9	1	6	1	0	0	0	0	40	0	0
65	0	187493	8	14	1	5	1	1	0	20051	0	40	7	1
57	3	20953	8	14	1	10	1	1	0	0	2129	70	0	0
40	0	131650	1	9	1	6	1	1	0	0	0	40	0	0
60	0	290754	1	9	3	0	2	1	1	0	0	40	1	0
46	5	114396	8	14	1	5	1	1	0	0	0	40	0	1
19	0	202102	1	9	0	10	2	1	1	0	0	40	0	0
47	0	318360	2	12	1	8	4	1	1	0	0	55	0	1
39	0	160916	12	5	3	4	3	1	1	0	0	40	0	0
32	2	913447	1	9	3	3	2	0	1	0	0	40	0	0
30	0	293931	1	9	1	10	1	1	0	0	0	65	0	0
20	0	230824	1	9	0	13	0	1	0	0	0	25	0	0
20	2	358355	13	8	0	3	3	1	1	0	0	35	0	0
62	0	584259	1	9	1	10	1	1	0	0	0	44	0	0
44	2	208726	1	9	1	3	4	1	1	0	0	40	0	0
38	0	185556	1	9	3	10	2	1	0	0	0	50	0	1
58	1	100054	8	14	1	5	1	1	0	0	0	40	0	1
44	0	172307	7	13	1	8	1	1	0	7688	0	50	0	1
45	0	30840	8	14	3	5	2	1	0	27828	0	50	0	1
27	0	147839	3	10	0	13	2	1	0	0	0	38	0	0
51	0	54465	11	11	3	5	2	1	1	0	0	48	0	0
52	4	418640	8	14	1	5	1	1	0	15024	0	40	10	1
34	0	222130	1	9	0	7	3	1	1	0	0	40	0	0
41	0	187336	1	9	3	8	2	1	1	0	0	40	0	0
30	1	321024	3	10	1	2	1	1	0	0	0	40	0	0
44	0	351262	3	10	1	6	1	0	0	0	0	38	0	1
28	0	181597	1	9	0	6	0	0	0	0	0	40	0	0
41	0	694105	1	9	0	6	3	1	0	0	0	40	0	0
60	0	241013	1	9	1	0	1	0	0	0	0	40	0	0
44	6	223881	1	9	1	10	1	1	0	0	0	50	1	1
40	4	158796	1	9	3	7	2	1	1	0	0	40	8	0
41	0	248476	1	9	1	6	1	1	0	0	0	40	0	0
49	0	191277	11	11	3	6	0	1	0	0	0	30	9	0
26	0	273876	1	9	0	4	2	1	0	0	0	60	0	0
33	0	402848	1	9	5	7	5	1	1	0	0	32	0	0
62	0	82906	7	13	1	8	4	1	1	4064	0	35	21	0
45	0	153682	3	10	1	7	1	0	0	0	0	40	0	1
52	0	122412	9	16	1	5	4	1	1	99999	0	35	0	1
26	0	216819	1	9	1	6	1	1	0	0	0	40	0	0
47	0	189680	1	9	4	6	3	1	0	0	0	40	0	1
41	0	147099	8	14	3	8	3	1	1	0	0	40	0	0
38	0	288158	1	9	1	12	1	1	0	0	0	50	0	1
32	0	146161	8	14	1	8	1	1	0	0	0	40	0	1
65	2	104454	7	13	2	3	3	1	1	0	0	40	0	0
50	0	91475	1	9	1	12	1	1	0	0	0	40	0	0
32	3	151868	1	9	1	1	1	1	0	5013	0	65	0	0
19	0	118306	1	9	0	13	0	1	0	0	0	40	0	0
33	0	51543	1	9	1	13	1	1	0	0	0	60	0	0
34	0	69727	14	2	1	6	1	1	0	0	0	40	4	0
60	0	186000	4	6	4	4	2	1	1	0	0	40	0	0
25	0	48280	7	13	0	5	2	1	1	0	0	40	0	0
47	0	186935	0	7	1	12	1	0	0	0	0	40	0	0
24	4	104164	1	9	1	7	1	1	0	0	0	40	0	0
38	0	339677	8	14	3	9	3	1	1	0	0	40	1	1
37	0	123586	7	13	1	9	1	2	0	0	1902	73	1	1
19	0	150073	3	10	0	13	5	1	0	0	0	25	0	0
24	0	59792	8	14	0	9	2	2	0	0	0	40	0	0
52	0	24185	1	9	3	6	3	1	0	0	0	84	0	0
87	2	97295	1	9	2	3	2	1	1	0	0	3	0	0
27	7	35034	1	9	0	1	0	1	1	0	0	40	0	0
46	0	118714	1	9	1	6	1	1	0	7298	0	40	0	1
33	0	230883	3	10	3	8	3	1	0	0	2824	48	0	1
45	0	149224	1	9	3	7	3	0	1	0	0	50	0	0
35	0	122493	11	11	1	0	1	1	0	0	0	40	0	0
58	0	441227	0	7	1	12	1	0	0	0	0	60	0	0
45	1	272792	8	14	1	5	4	0	1	0	0	50	0	1
41	0	303521	7	13	3	5	2	1	0	4650	0	45	0	0
40	0	226027	1	9	1	12	1	1	0	0	0	20	0	0
36	0	94565	11	11	3	9	2	1	0	0	0	40	0	0
65	3	336848	1	9	1	0	1	1	0	0	0	40	0	0
20	0	162688	1	9	0	13	0	1	0	0	0	35	0	0
30	5	45737	3	10	0	7	2	1	1	0	0	40	0	0
60	2	147393	7	13	1	3	1	1	0	0	0	30	0	0
52	0	335997	7	13	1	9	1	1	0	7688	0	38	0	1
26	0	96645	9	16	0	6	5	0	0	0	0	20	0	0
35	5	43712	11	11	1	9	1	1	0	0	0	45	0	0
45	0	101825	3	10	3	8	3	1	1	5721	0	45	0	0
45	0	102318	11	11	1	8	1	1	0	0	0	45	0	1
40	5	132125	3	10	1	7	1	1	0	0	0	40	0	0
31	6	229741	2	12	1	6	1	1	0	0	1579	45	0	0
60	5	265201	9	16	1	5	1	1	0	0	0	50	0	1
47	2	332884	7	13	1	3	1	1	0	0	0	45	0	1
39	0	179481	7	13	1	10	1	1	0	0	0	40	0	0
33	0	304833	7	13	1	10	1	1	0	0	0	45	0	1
31	0	341632	2	12	1	9	1	0	0	0	0	46	0	0
21	0	140001	3	10	0	2	0	1	0	0	0	40	0	0
30	0	159123	1	9	1	6	1	1	0	0	0	45	0	0
33	0	229636	1	9	0	6	2	1	0	0	0	40	4	0
35	0	34996	3	10	0	4	2	1	1	0	0	30	0	0
53	3	67198	6	4	1	8	4	1	1	0	0	80	0	0
65	6	323636	7	13	1	10	1	1	0	10605	0	40	0	1
45	0	182689	1	9	1	10	1	1	0	7688	0	40	0	1
25	0	51392	11	11	3	7	3	1	1	0	0	40	0	0
43	0	177905	3	10	1	5	1	1	0	0	0	40	0	1
36	0	143152	6	4	1	0	4	1	1	0	0	40	0	0
37	5	211286	7	13	3	5	2	1	1	0	0	50	0	0
33	0	217962	3	10	0	0	3	0	0	0	0	40	1	0
48	0	309212	3	10	3	8	2	1	1	0	0	40	7	0
19	2	97261	3	10	0	3	0	1	0	594	0	30	0	0
46	3	188273	1	9	1	1	1	1	0	15024	0	50	0	1
21	0	93977	1	9	0	6	2	1	0	0	0	40	0	0
62	6	163234	7	13	1	8	1	1	0	0	1902	55	0	1
50	1	166423	1	9	1	7	4	1	1	0	0	40	0	1
33	0	239071	7	13	0	0	2	1	0	0	0	46	0	0
40	0	190292	1	9	3	0	3	1	0	0	0	40	0	0
38	0	170783	11	11	3	4	0	1	0	0	0	25	0	0
28	0	239539	1	9	0	6	0	2	0	0	0	45	0	0
48	0	164200	8	14	1	5	1	1	0	0	0	40	0	1
52	0	177647	1	9	3	6	2	1	0	0	0	47	0	0
44	3	86750	3	10	1	1	1	1	0	4508	0	72	0	0
25	0	176981	1	9	0	7	0	1	1	0	0	40	0	0
59	4	134153	7	13	1	7	1	0	0	7298	0	38	0	1
35	0	245372	1	9	1	6	1	1	0	0	0	40	0	0
26	0	168236	1	9	1	7	1	1	0	0	0	40	0	0
27	0	448841	1	9	1	8	1	1	0	0	0	40	0	0
44	6	144778	5	15	0	5	2	1	0	8614	0	50	0	1
30	0	155914	1	9	1	6	1	1	0	0	0	55	0	0
34	4	117362	1	9	3	4	2	1	1	0	0	40	0	0
50	1	82783	8	14	1	5	1	1	0	0	0	45	0	1
30	0	207301	7	13	0	10	2	1	1	0	0	50	0	0
41	0	606347	6	4	1	12	1	0	0	0	0	40	0	0
61	1	149981	1	9	2	7	2	1	1	0	0	40	0	0
29	0	234972	3	10	1	10	1	1	0	0	0	50	0	1
33	0	437566	8	14	0	8	2	1	0	0	0	50	0	1
33	0	243266	8	14	1	8	1	1	0	0	0	40	5	1
31	0	203408	3	10	3	6	2	1	0	0	0	45	0	0
43	3	297510	5	15	1	5	1	1	0	0	0	60	0	1
18	0	211683	13	8	0	13	0	1	0	0	0	20	0	0
41	0	167375	7	13	0	7	2	1	0	0	0	52	0	0
36	0	297449	7	13	1	10	1	1	0	0	0	50	0	1
42	3	342634	11	11	3	6	2	1	0	0	0	40	18	0
49	0	38819	1	9	1	8	1	1	0	0	0	60	0	1
18	0	164571	1	9	0	5	2	1	1	0	0	40	0	0
36	1	122353	3	10	1	2	1	1	0	0	0	68	0	0
26	3	192652	3	10	0	8	3	1	0	0	0	15	0	0
25	0	401241	3	10	0	4	2	1	1	4416	0	25	0	0
32	0	116539	3	10	1	6	1	1	0	0	0	40	0	1
37	0	162834	3	10	0	6	2	1	0	0	0	40	0	0
31	1	226525	7	13	1	6	1	1	0	0	0	51	0	0
18	0	219404	10	3	0	1	2	1	0	0	0	48	4	0
38	0	33394	1	9	1	6	1	1	0	0	0	60	0	0
56	4	75804	8	14	3	5	2	1	0	0	0	48	0	0
58	3	359972	2	12	1	10	1	1	0	0	0	25	0	1
37	0	201247	1	9	0	13	2	1	0	0	0	40	0	0
41	0	220109	7	13	1	8	1	1	0	0	0	55	0	1
59	0	118479	7	13	1	5	1	2	0	0	0	40	27	0
45	0	189123	1	9	0	0	0	1	0	0	0	40	0	0
60	0	495366	1	9	3	7	2	1	1	0	0	38	0	0
31	0	53776	1	9	3	10	2	1	1	0	0	40	0	0
28	0	375980	3	10	0	7	3	0	1	0	0	40	0	0
61	0	185152	0	7	2	4	2	0	0	0	0	40	0	0
52	1	230095	3	10	1	5	4	1	1	0	0	40	0	0
22	0	349198	6	4	0	13	0	1	0	0	0	16	0	0
41	0	59916	11	11	1	10	1	1	0	0	0	63	0	0
32	0	214150	1	9	1	0	1	1	0	0	0	50	0	1
29	0	255187	3	10	0	9	3	0	1	0	0	40	0	0
28	2	129624	3	10	0	3	5	1	0	0	0	40	0	0
30	0	274577	2	12	0	10	3	0	1	0	0	40	0	0
51	0	257756	1	9	1	5	4	1	1	0	0	50	0	1
29	2	1024535	0	7	0	3	0	0	0	0	0	40	0	0
75	0	186808	0	7	1	2	1	0	0	6418	0	50	0	1
46	0	147519	3	10	3	10	2	1	1	0	0	80	0	0
53	0	173630	1	9	1	4	1	1	0	0	0	40	0	1
42	0	136986	1	9	1	6	1	1	0	7688	0	50	0	1
41	0	163287	7	13	3	12	2	1	0	0	0	48	0	0
25	0	150804	1	9	0	12	2	2	0	0	0	40	13	0
27	0	189565	9	16	1	5	1	1	0	0	0	40	0	1
47	0	165484	3	10	1	6	1	1	0	0	0	43	0	1
53	0	177727	3	10	1	8	1	1	0	0	0	50	0	1
53	6	190762	1	9	1	8	1	1	0	0	0	45	0	1
38	0	246463	1	9	1	6	1	1	0	0	0	45	0	0
42	0	27661	2	12	1	8	1	1	0	7298	0	50	0	1
30	0	288419	10	3	1	6	1	1	0	0	0	40	4	0
57	1	258641	7	13	0	8	2	1	0	0	0	40	0	1
71	3	200540	1	9	1	10	1	1	0	0	2392	52	0	1
21	0	305423	1	9	0	0	0	1	0	0	0	40	0	0
35	0	148906	3	10	3	5	2	1	1	0	0	40	0	0
64	0	262645	1	9	1	10	1	1	0	0	0	50	0	1
21	0	243368	15	1	0	1	2	1	0	0	0	50	4	0
41	0	106698	1	9	2	12	2	1	1	13550	0	60	0	1
22	0	186365	3	10	0	0	2	1	0	0	0	40	0	0
39	6	304001	3	10	3	6	2	1	0	3325	0	40	0	0
38	6	125645	3	10	1	10	1	1	0	0	0	50	0	1
42	0	111468	1	9	3	7	3	1	1	3325	0	40	0	0
32	0	136331	7	13	1	10	1	1	0	0	1887	40	0	1
40	0	213849	1	9	3	10	2	1	1	0	0	40	0	0
22	0	138994	1	9	0	10	0	2	1	0	0	40	13	0
29	0	177562	1	9	1	4	4	1	1	3781	0	35	0	0
18	0	36251	0	7	0	4	0	1	1	0	0	25	0	0
32	0	100904	3	10	4	4	3	3	1	0	0	70	0	0
31	0	427474	0	7	1	4	1	1	0	0	2179	35	4	0
37	0	280549	7	13	0	7	5	1	1	0	0	40	0	0
34	0	75454	13	8	3	4	3	0	1	0	0	40	0	0
31	0	203488	1	9	0	12	2	1	0	0	0	50	0	0
30	0	49795	1	9	0	7	2	1	0	0	0	40	0	0
17	0	152710	4	6	0	10	0	1	1	0	0	15	0	0
28	1	199172	1	9	4	4	3	1	1	0	0	40	0	0
31	0	382583	1	9	0	0	0	0	0	0	0	40	0	0
32	3	127295	1	9	0	8	2	3	0	0	0	20	30	0
46	1	274200	3	10	1	5	1	1	0	0	0	40	0	1
35	0	130540	8	14	0	5	0	1	0	0	1564	40	0	1
22	0	117789	7	13	0	7	0	1	1	0	0	40	0	0
20	6	83141	3	10	0	6	0	1	0	0	0	18	0	0
20	2	229826	3	10	0	3	0	1	0	0	0	25	0	0
36	6	176837	3	10	1	6	1	1	0	7298	0	45	0	1
34	0	234096	12	5	3	6	2	1	0	0	0	40	0	0
51	0	353317	8	14	1	8	1	1	0	0	0	70	0	1
23	0	302312	1	9	3	2	2	0	0	0	0	40	0	0
17	0	181015	4	6	0	4	5	1	0	0	0	15	0	0
36	5	230329	9	16	1	5	1	1	0	7298	0	40	0	1
48	0	164984	1	9	1	5	1	1	0	0	0	40	0	1
33	0	229051	7	13	1	8	1	1	0	0	1902	45	0	1
41	0	204415	0	7	3	13	2	1	0	0	0	48	0	0
55	3	319883	8	14	1	8	1	1	0	4386	0	10	1	1
25	0	185836	3	10	0	4	2	1	1	0	0	40	0	0
52	0	228516	3	10	1	4	1	1	0	0	0	35	0	1
47	3	242519	1	9	1	8	1	1	0	0	0	50	0	1
36	0	164866	7	13	1	13	1	1	0	0	0	40	0	0
35	0	33001	5	15	1	5	1	1	0	15024	0	60	0	1
21	0	811615	1	9	0	4	2	0	1	0	0	50	0	0
43	1	300099	7	13	3	7	2	1	1	0	0	34	0	0
46	5	146305	3	10	3	9	2	3	1	0	0	48	0	0
36	0	167482	1	9	0	7	0	1	0	0	0	65	0	0
23	0	106615	2	12	0	5	0	1	1	2176	0	25	0	0
32	0	204663	1	9	0	12	0	1	0	0	0	45	0	0
40	0	171234	11	11	0	5	3	1	1	0	0	24	0	0
42	0	167174	9	16	1	5	1	2	0	0	0	50	27	1
18	2	112137	3	10	0	3	0	3	1	0	0	20	1	0
18	0	116167	1	9	0	4	0	1	1	0	0	16	0	0
41	0	106159	1	9	0	0	0	1	0	14344	0	48	0	1
52	5	295826	8	14	3	5	3	1	1	0	1876	50	0	0
26	0	233461	1	9	1	4	1	1	0	0	0	53	4	0
57	0	289605	12	5	0	6	2	1	0	0	1617	35	0	0
18	2	348533	1	9	0	3	0	1	1	0	0	3	0	0
31	0	197886	7	13	1	8	1	1	0	0	0	50	0	1
27	0	120126	7	13	1	10	1	1	0	0	0	75	0	1
35	0	61343	1	9	1	6	1	1	0	0	0	45	0	0
42	3	116197	1	9	1	6	1	1	0	0	0	40	0	0
42	4	236503	3	10	0	7	2	1	1	0	0	40	0	0
69	4	47341	8	14	3	5	2	1	1	0	0	5	0	0
25	0	248990	0	7	1	0	5	1	0	0	0	40	4	0
18	0	190776	3	10	0	4	0	1	0	0	0	30	0	0
47	1	179048	1	9	0	6	2	1	0	0	0	40	0	0
28	0	213842	7	13	0	9	0	1	0	0	0	40	0	0
24	0	188274	2	12	0	5	0	1	0	0	0	40	0	0
22	0	86849	3	10	0	4	0	1	1	0	0	20	0	0
41	6	67671	1	9	1	8	1	1	0	0	0	50	25	1
21	0	243890	1	9	0	4	5	0	0	0	0	40	0	0
51	0	279337	3	10	1	10	1	1	0	0	0	48	0	0
35	0	333636	1	9	1	8	1	0	0	0	0	50	1	1
58	5	312351	7	13	1	5	1	1	0	0	0	40	0	1
43	1	175935	3	10	1	1	1	1	0	0	0	40	0	0
20	0	245297	3	10	0	4	2	1	1	0	0	35	0	0
49	5	70209	9	16	3	5	2	1	1	14084	0	60	0	1
47	1	251588	7	13	1	8	1	0	0	0	0	40	0	1
33	0	176992	1	9	1	0	1	1	0	3464	0	40	0	0
51	5	87205	2	12	3	8	3	1	1	0	0	38	0	0
43	0	65545	1	9	0	6	2	1	1	0	0	46	0	0
22	0	289579	7	13	0	8	2	1	1	0	0	40	0	0
34	0	360689	3	10	1	8	1	1	0	0	1628	48	0	0
43	0	57600	1	9	1	7	4	1	1	0	0	40	0	0
42	1	247082	7	13	1	5	1	1	0	3103	0	50	0	1
36	1	188798	0	7	4	5	3	3	1	0	0	30	0	0
19	0	232261	12	5	0	4	0	1	0	0	0	40	0	0
19	2	35507	3	10	0	3	0	1	1	1055	0	40	0	0
26	0	301298	3	10	0	6	0	1	0	0	0	50	0	0
38	0	27016	1	9	1	1	1	1	0	0	0	43	0	0
60	0	166789	3	10	3	9	2	1	0	0	1408	50	0	0
23	0	94071	12	5	1	0	1	1	0	0	0	40	0	0
22	0	117767	3	10	0	10	0	1	0	0	0	18	0	0
41	0	219155	6	4	1	12	1	1	0	0	0	40	24	0
20	0	34616	1	9	0	10	0	1	1	0	0	40	0	0
35	0	112341	11	11	5	0	2	0	0	0	0	40	0	0
28	0	220656	0	7	0	8	2	0	0	0	0	40	0	0
53	0	239990	1	9	1	6	1	1	0	0	0	40	0	1
36	0	139180	11	11	1	7	4	0	1	0	0	40	0	0
52	0	215656	1	9	1	10	4	1	1	0	0	60	0	0
43	5	157999	7	13	1	5	4	1	1	0	0	40	0	1
23	0	41763	7	13	1	4	1	1	0	0	0	30	0	0
39	0	299725	1	9	3	13	2	1	1	0	0	37	0	0
32	0	198813	5	15	1	5	1	1	0	0	0	60	0	0
32	0	431551	4	6	1	1	1	1	0	0	0	35	4	0
22	0	195767	7	13	0	13	0	1	0	0	0	30	0	0
26	0	140649	7	13	1	8	1	1	0	0	0	40	0	0
36	0	295706	8	14	1	8	1	1	0	0	0	70	0	1
32	0	324284	1	9	1	6	1	1	0	0	0	40	0	0
30	0	352426	3	10	0	10	3	1	0	0	0	60	4	0
39	0	126569	7	13	0	12	2	1	0	0	0	40	1	0
81	0	106390	10	3	2	4	2	2	1	0	0	6	0	0
29	0	134813	1	9	1	6	1	1	0	0	0	50	0	0
65	0	95644	2	12	3	10	2	1	1	0	0	40	0	0
50	0	254148	10	3	1	13	1	1	0	0	0	40	4	0
44	0	367819	7	13	1	8	1	1	0	0	0	40	0	1
30	0	162370	7	13	0	8	2	1	1	0	0	35	0	0
55	3	204387	7	13	1	10	1	1	0	0	0	40	0	1
60	4	248288	3	10	3	7	2	1	1	0	0	40	0	0
44	0	175070	7	13	3	10	3	1	1	0	0	75	0	0
51	1	169182	6	4	3	4	3	1	1	0	0	40	15	0
38	3	223242	3	10	5	4	3	1	1	0	0	40	0	0
29	5	461929	3	10	1	8	1	1	0	3103	0	40	0	1
25	3	114483	1	9	1	1	1	1	0	0	0	65	0	0
45	0	260543	8	14	2	0	5	2	1	0	0	40	27	0
27	0	237466	7	13	0	4	2	1	1	0	0	30	0	0
57	0	335605	3	10	1	5	1	1	0	0	0	40	0	1
31	0	169122	1	9	3	4	2	1	0	0	0	28	0	0
49	0	176907	1	9	1	0	1	1	0	0	0	40	0	1
26	0	264300	2	12	0	7	0	1	1	0	0	40	0	0
34	0	159187	1	9	1	0	1	1	0	0	0	45	0	0
55	0	303090	1	9	1	6	1	1	0	0	1672	45	0	0
33	0	393702	11	11	3	5	3	1	1	0	0	40	0	0
19	2	177923	3	10	0	3	0	1	1	0	0	25	0	0
21	0	191265	3	10	0	4	0	1	0	0	0	40	0	0
22	0	215074	3	10	1	4	1	4	0	0	0	40	0	0
19	0	30597	1	9	0	10	0	1	0	0	0	35	0	0
35	3	28996	11	11	1	1	1	1	0	0	0	40	0	0
35	0	188069	7	13	1	10	1	1	0	0	0	60	0	1
55	0	53481	7	13	1	10	1	1	0	0	0	15	0	1
37	0	410034	3	10	3	6	2	1	0	0	0	40	0	0
64	0	64544	3	10	1	10	1	1	0	0	0	12	0	0
46	0	204379	7	13	3	8	2	1	1	0	0	37	0	0
23	0	255252	1	9	0	6	0	1	0	0	0	40	0	0
26	0	178037	7	13	0	10	2	1	0	0	0	40	6	0
26	0	184303	10	3	5	11	5	1	1	0	0	8	11	0
20	0	175800	3	10	0	7	2	1	1	0	0	25	0	0
88	3	263569	0	7	1	1	1	1	0	6418	0	40	0	1
42	0	234508	7	13	1	5	1	1	0	0	0	40	0	1
50	3	195372	6	4	1	6	1	1	0	0	0	36	0	0
48	0	265295	3	10	0	10	2	1	0	0	0	70	0	0
40	0	184846	1	9	1	5	4	1	1	5178	0	40	0	1
47	0	185400	0	7	1	12	1	1	0	0	0	70	0	0
32	0	360689	7	13	1	5	1	1	0	0	0	40	0	1
39	0	200598	7	13	1	8	1	1	0	0	0	55	0	0
38	0	227615	3	10	1	6	1	1	0	0	0	40	0	1
25	0	308144	7	13	0	6	2	1	0	0	0	40	4	0
44	0	259674	8	14	1	8	1	0	0	5178	0	60	0	1
41	0	182217	3	10	3	9	3	1	1	0	0	30	0	0
28	0	230997	1	9	0	10	0	1	1	0	0	60	0	0
31	0	393702	1	9	0	5	0	1	1	0	0	36	0	0
57	3	130957	9	16	1	5	1	1	0	0	1887	70	0	1
20	0	210444	3	10	0	5	0	1	0	0	0	25	0	0
36	2	172775	3	10	3	3	2	1	1	0	0	40	0	1
53	6	167914	2	12	0	8	2	1	0	0	1876	50	0	0
71	0	533660	6	4	1	6	1	1	0	0	0	40	0	1
39	0	205997	3	10	1	10	4	1	1	0	0	21	0	0
34	0	253616	3	10	1	6	1	1	0	0	0	60	0	1
49	0	148549	7	13	1	5	1	1	0	0	0	55	0	1
54	1	113649	3	10	1	8	1	1	0	0	0	40	0	0
37	0	233322	3	10	3	7	2	1	1	0	0	40	0	0
43	3	325775	1	9	1	7	4	1	1	0	0	15	0	0
30	0	94235	7	13	1	5	1	1	0	0	0	60	0	0
47	1	336274	1	9	3	4	2	1	1	0	0	40	0	0
43	0	147510	7	13	3	5	3	1	0	0	0	40	0	0
48	0	191389	1	9	3	4	2	1	1	0	0	38	0	0
35	0	174503	3	10	3	0	2	1	1	0	0	40	0	0
24	0	160968	1	9	0	0	2	1	0	0	0	40	0	0
23	0	122797	1	9	0	13	0	1	0	0	0	40	0	0
38	0	52263	7	13	0	9	2	1	0	0	0	40	0	0
21	0	249282	3	10	0	10	0	1	1	0	0	40	0	0
27	3	227332	7	13	0	10	5	2	0	0	0	50	1	0
37	1	289238	4	6	1	6	1	1	0	0	0	40	0	0
61	0	153790	2	12	2	0	3	0	1	0	0	40	0	0
43	1	101563	7	13	1	5	1	1	0	0	0	40	0	0
52	0	176240	7	13	1	8	1	1	0	0	0	40	0	1
56	0	131608	1	9	1	0	1	1	0	0	0	40	6	1
27	0	198286	3	10	5	8	2	1	1	0	0	40	0	0
39	3	222204	3	10	3	4	2	1	1	3325	0	40	0	0
47	3	148169	1	9	1	6	1	1	0	0	0	40	0	0
23	0	347867	7	13	0	7	2	1	0	0	0	30	0	0
40	0	170413	1	9	3	7	2	1	1	0	1741	40	0	0
33	0	133861	1	9	1	6	1	1	0	0	0	62	0	0
50	4	289572	3	10	1	7	1	1	0	0	0	40	0	1
44	1	445382	3	10	1	0	1	1	0	7688	0	40	0	1
42	3	151809	1	9	3	1	3	1	0	0	0	50	0	0
49	0	368355	7	13	1	8	1	1	0	0	0	43	0	1
43	0	73333	5	15	0	1	2	1	1	0	0	32	0	0
41	0	117585	1	9	1	12	1	1	0	0	1977	50	0	1
21	0	107960	3	10	0	12	0	2	0	0	0	20	27	0
29	0	196117	7	13	0	10	0	1	1	0	0	40	0	0
38	3	126569	1	9	3	6	3	1	0	0	0	60	0	0
25	0	216741	7	13	0	10	2	1	1	0	0	45	0	0
75	0	254167	4	6	2	11	2	1	1	0	0	60	0	0
52	0	102444	6	4	1	0	1	1	0	0	0	40	0	0
33	0	38848	7	13	3	8	2	1	0	0	0	40	0	0
25	0	55360	1	9	0	7	3	0	0	0	0	40	0	0
17	0	140117	0	7	0	10	0	1	1	0	0	14	0	0
36	3	66883	3	10	1	6	1	1	0	0	0	60	0	0
52	3	154728	1	9	1	6	1	1	0	0	0	40	0	0
22	2	184756	7	13	0	3	0	1	1	0	0	40	0	0
48	0	193047	8	14	1	8	1	1	0	0	0	60	0	1
54	0	231342	2	12	3	10	2	1	0	0	0	32	0	0
27	0	310483	7	13	3	5	2	1	0	0	0	50	0	0
38	4	174778	3	10	0	7	2	1	1	0	1980	40	0	0
44	4	130749	7	13	4	8	3	0	1	0	0	60	0	0
38	0	22463	1	9	1	6	1	1	0	15024	0	45	0	1
29	0	159473	1	9	0	0	0	0	1	0	0	40	0	0
63	0	81605	1	9	1	6	1	1	0	0	0	45	0	0
51	5	68684	6	4	1	12	1	1	0	0	0	40	0	0
22	2	229799	3	10	0	3	5	1	0	0	0	45	1	0
17	0	124661	0	7	0	10	0	1	1	0	0	35	0	0
39	0	117381	3	10	1	10	1	1	0	0	0	50	0	1
30	0	53206	7	13	1	5	1	1	0	0	0	47	0	1
52	0	172962	7	13	1	8	1	1	0	0	0	40	0	0
24	2	243923	12	5	1	3	1	1	0	0	0	10	4	0
72	0	132753	3	10	1	7	1	1	0	0	0	15	0	0
43	0	67339	7	13	0	0	2	1	0	0	0	15	0	0
71	0	101577	1	9	3	7	2	2	1	0	1668	20	0	0
39	0	101192	1	9	1	6	1	1	0	0	0	40	0	1
51	5	42901	8	14	1	5	1	1	0	0	0	70	0	1
43	0	88787	3	10	1	8	1	1	0	0	0	45	0	1
39	0	306504	1	9	1	12	1	1	0	0	0	40	0	0
30	2	183746	1	9	0	3	2	0	1	0	0	40	0	0
19	3	242965	3	10	0	4	0	1	1	0	0	24	0	0
52	0	427475	1	9	1	0	1	1	0	0	0	43	0	0
60	6	180512	12	5	1	6	1	1	0	0	0	45	0	1
30	0	97723	7	13	1	6	1	1	0	0	0	30	0	0
60	0	208915	1	9	2	6	5	2	1	0	0	40	18	0
40	1	189189	7	13	1	5	4	1	1	0	0	20	0	0
49	6	327258	3	10	1	8	4	1	1	0	1977	60	27	1
31	0	254494	3	10	0	8	0	0	0	0	0	40	0	0
23	0	105577	3	10	0	11	2	1	1	0	0	26	0	0
34	0	215124	1	9	1	12	1	1	0	0	0	40	0	0
27	0	192936	7	13	0	5	2	1	1	0	0	45	0	0
35	0	274158	7	13	1	2	1	0	0	3103	0	40	0	1
19	0	318822	1	9	0	7	2	1	1	0	0	40	0	0
32	0	171889	1	9	3	7	2	1	1	0	0	68	0	0
17	0	94492	0	7	0	10	0	1	1	0	0	19	0	0
17	0	73820	13	8	0	10	0	1	1	0	0	8	0	0
38	0	32989	1	9	0	8	2	1	1	0	0	40	0	0
29	0	197382	0	7	0	6	2	1	0	0	0	45	0	0
35	0	164526	3	10	1	6	1	1	0	0	0	40	0	0
43	6	153205	5	15	1	5	1	2	0	0	0	70	17	1
40	0	269168	1	9	1	0	1	2	0	0	0	40	1	0
43	1	126847	8	14	5	5	3	1	1	7430	0	60	0	1
50	5	211112	1	9	0	7	2	1	1	0	0	37	0	0
29	0	100049	1	9	5	13	2	4	0	0	0	40	0	0
48	5	104542	8	14	2	5	3	1	1	0	0	40	0	0
59	0	186479	11	11	1	5	1	1	0	0	0	50	0	0
22	0	225272	3	10	1	1	1	1	0	0	0	20	0	0
51	0	346871	7	13	1	8	1	1	0	0	0	55	0	1
29	0	142712	7	13	1	8	1	1	0	0	0	40	0	1
41	0	46221	5	15	0	8	2	1	0	4787	0	60	0	1
47	0	349151	11	11	1	0	1	1	0	0	0	45	0	1
31	0	111883	1	9	1	12	1	1	0	0	0	50	0	1
32	0	46691	1	9	0	6	2	1	1	0	0	40	0	0
28	0	291789	1	9	0	0	3	0	1	0	0	50	0	0
45	0	201699	3	10	1	12	1	1	0	0	1628	40	0	0
24	4	219262	1	9	0	4	0	1	0	0	0	40	0	0
60	6	160079	8	14	2	7	2	1	1	0	0	25	0	0
58	0	193374	1	9	0	11	2	1	0	0	1719	40	0	0
37	2	111268	11	11	0	3	0	1	1	0	0	32	0	0
19	0	410632	3	10	0	0	0	1	0	0	0	40	0	0
35	1	33943	3	10	1	2	1	3	0	0	0	40	0	1
44	4	269792	7	13	1	7	1	1	0	0	0	43	0	0
46	0	153328	3	10	0	13	3	0	1	0	0	40	0	0
47	0	162859	1	9	3	4	0	0	1	0	0	40	0	0
19	2	258664	3	10	0	3	0	1	0	0	0	40	0	0
80	0	22406	7	13	0	11	2	1	1	0	0	40	0	0
39	0	65624	6	4	1	13	1	1	0	0	0	48	0	0
43	0	326232	3	10	1	8	1	1	0	0	0	40	0	1
28	0	363257	7	13	0	5	2	0	0	0	0	50	0	0
35	0	51700	3	10	0	12	2	1	0	0	0	40	0	0
30	0	19678	7	13	6	10	4	2	1	0	0	60	8	1
21	0	109199	3	10	0	13	0	1	0	0	0	15	0	0
26	5	36741	7	13	0	5	2	1	1	0	0	20	0	0
41	0	347653	3	10	1	12	1	1	0	0	0	50	0	0
23	0	37514	3	10	0	10	2	1	0	0	0	55	0	0
48	0	355781	7	13	1	5	1	2	0	0	0	40	17	1
46	0	86709	3	10	0	4	2	2	0	0	0	45	0	0
44	3	22933	1	9	1	8	1	1	0	0	0	40	0	0
56	6	83922	1	9	1	8	1	1	0	0	0	84	0	0
27	4	182637	5	15	1	5	1	1	0	0	0	45	1	1
57	0	80149	7	13	1	8	1	1	0	0	1977	40	7	1
60	3	231770	1	9	1	1	1	1	0	0	0	65	0	1
60	2	116746	4	6	1	3	1	1	0	0	0	40	0	0
30	3	189759	1	9	0	6	2	1	0	0	0	45	0	0
40	6	46221	9	16	0	5	2	1	0	99999	0	55	0	1
58	5	198145	1	9	1	6	1	1	0	0	0	40	0	0
31	0	35864	7	13	0	10	2	4	0	0	0	60	0	0
44	4	259307	7	13	1	8	1	1	0	0	0	40	0	1
46	0	129007	1	9	1	12	1	1	0	0	0	41	0	1
33	0	169104	1	9	1	4	1	2	0	0	0	40	27	0
37	0	198097	1	9	1	6	1	1	0	0	0	60	0	0
21	1	224640	2	12	0	8	0	1	1	0	0	40	0	0
17	2	35603	0	7	0	3	0	1	1	0	0	16	0	0
47	3	85982	8	14	0	5	2	4	1	0	0	60	0	0
39	0	230467	7	13	0	10	0	1	0	0	0	40	7	0
32	3	168782	12	5	1	6	1	1	0	0	0	32	0	0
24	0	142566	4	6	0	0	2	1	0	0	0	45	0	0
30	4	195337	1	9	0	7	3	3	1	1506	0	45	0	0
24	2	99829	3	10	0	3	0	1	1	0	0	40	0	0
40	0	133456	1	9	1	10	5	1	1	0	0	24	0	1
28	1	133136	8	14	0	5	2	1	0	0	0	35	0	0
25	0	211531	13	8	0	4	2	1	0	0	0	40	0	0
30	0	243867	3	10	0	5	2	0	0	0	0	45	0	0
47	1	284871	5	15	1	5	1	1	0	0	0	35	0	1
37	4	188563	8	14	0	5	2	1	0	0	1876	40	0	0
61	0	173866	4	6	1	0	1	1	0	0	0	45	0	1
23	0	114939	3	10	0	10	2	1	1	0	0	38	0	0
30	0	259425	11	11	0	2	2	1	0	0	0	40	0	0
48	0	59159	1	9	3	2	2	1	0	0	0	40	0	0
30	0	189439	1	9	5	4	3	0	1	0	0	38	0	0
56	0	157786	1	9	1	12	1	1	0	0	0	48	0	1
41	6	289636	11	11	0	8	2	1	0	0	0	48	0	0
49	6	154174	7	13	1	8	1	1	0	0	0	50	0	1
56	0	70857	1	9	1	8	1	1	0	0	0	40	0	0
48	0	183000	3	10	1	4	1	0	0	0	0	40	0	1
37	0	123104	9	16	1	5	1	1	0	0	0	40	0	0
21	5	254620	3	10	0	5	0	1	0	0	0	16	0	0
33	1	156464	8	14	1	8	1	1	0	0	0	40	0	0
60	0	124987	1	9	1	10	1	1	0	0	0	20	0	0
41	0	413720	1	9	1	12	4	1	1	0	0	15	0	0
33	0	169886	13	8	4	4	3	1	1	0	0	50	5	0
31	0	228873	1	9	1	6	1	1	0	0	0	40	0	0
34	0	110622	8	14	3	8	5	2	1	0	0	40	14	0
31	2	170513	1	9	3	3	2	1	1	0	0	99	0	0
21	2	221418	3	10	0	3	0	1	1	0	0	40	0	0
65	0	151287	8	14	4	8	2	0	0	0	0	20	0	0
25	0	235218	3	10	0	7	2	1	1	0	0	40	0	0
30	0	111567	1	9	1	9	1	1	0	0	0	40	0	0
24	0	251603	3	10	0	4	3	1	1	0	0	20	0	0
61	0	136109	0	7	2	7	2	1	1	0	0	45	0	0
29	0	178610	3	10	3	4	3	1	1	0	0	21	0	0
22	0	192289	3	10	0	7	0	1	0	0	0	30	12	0
30	0	49325	3	10	1	12	1	1	0	0	0	80	0	1
52	0	229375	1	9	3	7	2	1	1	0	0	40	0	0
28	0	125791	1	9	0	7	2	1	1	0	0	40	0	0
48	0	75619	1	9	3	12	5	1	0	0	0	60	0	0
60	0	247483	3	10	3	8	2	1	0	0	0	40	0	0
38	0	289448	8	14	0	5	3	2	1	0	0	40	27	1
22	2	122048	3	10	0	3	0	1	1	0	0	35	0	0
21	0	177940	1	9	5	0	2	1	1	0	0	40	0	0
32	3	399088	7	13	3	5	2	1	1	0	1340	45	0	0
38	0	108293	11	11	3	7	3	1	1	0	0	38	0	0
60	0	178249	3	10	1	7	1	1	0	0	1887	40	0	1
24	1	52262	3	10	0	7	2	1	0	0	0	40	0	0
41	3	143046	8	14	1	8	4	1	1	99999	0	50	0	1
59	0	124318	1	9	3	8	5	1	1	0	0	45	0	0
52	4	57855	5	15	1	5	1	1	0	0	0	60	0	1
50	0	355954	7	13	1	8	1	1	0	0	0	50	0	1
28	0	143582	1	9	5	4	2	2	1	0	0	40	14	0
30	0	220915	7	13	1	5	1	1	0	0	0	60	0	0
43	0	172025	1	9	2	0	2	1	1	0	0	40	0	0
24	0	109813	1	9	1	7	1	1	0	3137	0	40	0	0
45	0	175600	8	14	1	8	1	1	0	0	0	60	0	0
26	0	389856	1	9	1	12	1	1	0	0	0	40	4	0
41	3	167081	8	14	1	5	1	1	0	0	2415	55	0	1
43	6	179228	3	10	1	8	1	1	0	0	0	65	0	0
23	2	214542	7	13	0	3	0	1	0	0	0	42	0	0
31	0	1210504	4	6	1	7	4	1	1	0	0	40	0	0
55	0	426263	1	9	1	7	1	1	0	0	0	40	0	0
18	0	146225	4	6	0	4	0	4	1	0	0	40	0	0
36	3	240810	13	8	0	6	0	1	0	0	0	40	0	0
47	0	100113	6	4	1	12	1	1	0	0	2051	40	0	0
22	0	214542	3	10	0	7	0	1	0	0	0	40	0	0
18	0	41506	0	7	0	4	2	1	1	0	0	30	0	0
24	0	200121	1	9	0	6	2	1	0	0	0	45	0	0
55	0	199919	1	9	1	4	1	1	0	0	0	15	0	0
22	0	60668	7	13	0	8	0	1	0	0	0	40	0	0
42	0	208347	0	7	0	0	2	3	1	0	0	40	12	0
42	5	184105	11	11	1	4	1	1	0	0	0	45	0	1
27	0	255979	7	13	1	0	1	1	0	0	0	40	0	0
51	6	251585	3	10	1	10	1	1	0	0	0	40	0	0
40	0	132222	1	9	0	4	2	1	0	0	0	40	0	0
49	0	164733	1	9	3	2	2	1	0	0	0	40	0	0
33	0	327902	1	9	1	10	1	1	0	3908	0	50	0	0
30	0	262092	7	13	1	10	1	1	0	0	0	55	0	0
23	0	299047	7	13	0	10	2	1	1	0	0	40	0	0
28	3	146735	9	16	1	5	1	1	0	0	0	50	0	1
43	0	154568	1	9	1	9	1	2	0	0	0	40	13	1
37	0	160916	6	4	1	5	4	1	1	0	0	40	0	0
33	0	161444	1	9	1	0	1	1	0	0	0	40	0	0
32	5	246282	9	16	1	5	1	1	0	2961	0	99	1	0
20	2	147031	3	10	0	3	0	1	0	0	0	15	0	0
42	0	220531	3	10	1	6	1	1	0	0	0	32	0	0
22	0	282202	1	9	0	8	3	1	0	0	0	40	4	0
26	0	122485	1	9	0	6	2	1	0	4416	0	40	0	0
32	0	227012	1	9	0	6	2	1	0	0	0	40	0	0
67	0	116502	1	9	1	10	1	1	0	0	0	30	0	0
51	0	163606	3	10	3	7	3	1	1	0	0	40	0	0
18	0	211413	0	7	0	4	0	1	0	0	0	15	0	0
33	2	171637	1	9	1	3	0	1	1	0	0	20	0	0
57	3	204387	7	13	1	8	1	1	0	0	1977	10	0	1
24	2	214542	3	10	0	3	2	1	0	0	0	60	0	0
29	0	70100	1	9	3	6	0	1	0	0	0	40	26	0
42	0	96115	7	13	4	4	2	1	0	0	0	40	0	0
47	0	181758	1	9	0	12	2	0	0	0	0	40	0	0
74	2	278557	11	11	1	3	1	1	0	0	0	32	0	0
34	4	168931	7	13	1	8	4	3	1	0	0	40	0	1
27	0	397962	4	6	1	4	4	0	1	0	0	30	0	0
28	0	113922	1	9	4	12	0	1	1	0	0	17	0	0
17	0	318025	1	9	0	4	5	1	0	0	0	20	0	0
24	0	287357	0	7	1	2	1	1	0	0	0	40	0	0
40	3	33219	2	12	1	1	1	1	0	0	0	60	0	0
81	6	51646	3	10	1	10	1	1	0	0	2174	35	0	1
47	4	51664	3	10	1	6	1	1	0	3908	0	40	0	0
29	0	195721	4	6	1	6	1	1	0	0	0	40	0	0
24	0	255575	3	10	0	4	3	1	1	0	0	30	0	0
31	0	200835	7	13	5	5	2	2	0	0	0	40	16	0
22	2	140414	3	10	0	3	0	1	0	0	0	40	0	0
38	0	165579	1	9	3	9	2	1	0	0	0	45	0	0
37	0	38948	1	9	1	0	1	1	0	0	0	40	0	1
35	0	184685	3	10	0	7	5	0	1	0	0	40	0	0
23	0	86939	1	9	3	13	2	1	0	0	0	50	0	0
22	0	215251	1	9	0	4	0	1	1	0	0	40	7	0
53	0	151159	1	9	3	0	2	1	0	0	0	40	0	0
40	0	385266	3	10	1	0	1	1	0	0	0	40	0	1
68	6	289349	2	12	1	10	1	1	0	9386	0	70	7	1
19	0	232060	3	10	0	4	2	1	0	0	0	35	0	0
28	0	290429	6	4	1	13	1	1	0	0	0	50	0	0
45	0	179048	13	8	1	7	1	1	0	0	0	35	1	1
57	3	98466	1	9	1	7	4	1	1	0	0	16	0	0
51	1	142801	8	14	2	5	2	0	1	0	0	40	0	1
68	6	119938	7	13	1	8	1	1	0	0	0	40	0	1
39	0	172186	1	9	1	4	1	1	0	5013	0	40	0	0
45	1	198759	1	9	1	8	1	1	0	0	1848	40	0	1
45	5	74305	8	14	1	5	1	1	0	0	0	35	0	1
80	6	120796	1	9	1	8	1	1	0	0	0	40	0	0
55	1	190091	8	14	1	5	1	1	0	0	0	50	0	1
23	0	197286	3	10	0	10	0	1	1	0	0	40	0	0
45	5	129499	3	10	0	7	2	1	1	0	0	40	0	0
39	0	30875	7	13	3	10	3	1	1	0	0	40	0	1
45	3	172822	1	9	1	4	1	1	0	3411	0	40	0	0
34	0	107417	1	9	1	6	1	1	0	0	0	40	0	0
42	1	226902	1	9	1	2	1	1	0	0	0	40	0	1
21	0	86557	3	10	0	10	5	3	1	0	0	30	0	0
35	0	98900	3	10	3	7	3	1	1	0	0	40	0	0
24	1	38707	7	13	0	12	0	1	0	0	0	20	0	0
39	0	286730	1	9	3	0	3	1	1	0	0	40	0	0
17	0	221797	13	8	0	7	0	1	1	594	0	20	0	0
52	2	175029	3	10	1	3	1	1	0	0	0	80	0	0
49	2	32184	1	9	1	3	4	1	1	5013	0	15	0	0
31	4	144949	7	13	1	7	1	1	0	0	0	40	0	0
48	4	33084	7	13	1	2	1	1	0	0	0	50	0	1
30	0	156464	3	10	0	9	5	1	0	0	0	40	0	0
38	0	152307	3	10	1	8	1	1	0	0	0	30	0	1
32	0	341954	7	13	0	7	2	1	0	0	1741	45	1	0
24	0	235720	1	9	0	7	0	1	0	0	0	50	0	0
47	0	161187	13	8	3	7	3	1	1	0	0	40	0	0
56	0	90017	6	4	1	0	1	1	0	0	0	40	26	0
59	0	192671	0	7	1	7	1	1	0	7298	0	40	0	1
39	3	102178	3	10	1	8	1	1	0	0	0	35	0	0
22	0	293136	3	10	0	4	0	1	1	0	0	30	0	0
17	1	99568	4	6	0	5	0	1	1	0	0	10	0	0
66	3	81413	4	6	1	8	1	1	0	0	0	30	0	0
39	0	31053	3	10	3	10	3	1	1	0	0	40	0	0
18	0	31008	3	10	0	9	2	1	1	0	0	40	0	0
55	0	221801	10	3	1	0	1	1	0	0	0	40	0	0
26	4	76491	7	13	0	5	2	1	0	0	0	55	0	0
64	0	286732	1	9	2	10	2	1	1	0	0	17	0	0
48	3	196707	9	16	1	5	1	1	0	99999	0	60	0	1
51	4	23698	1	9	1	4	1	1	0	0	0	40	0	1
61	0	224699	7	13	1	8	4	1	1	0	0	30	0	1
22	0	131291	3	10	0	5	0	1	0	0	0	15	0	0
19	2	372665	3	10	0	3	0	1	0	0	0	40	0	0
44	0	64506	11	11	3	4	2	1	0	0	0	20	0	0
47	0	139388	3	10	1	7	4	1	1	0	0	40	0	0
29	0	425830	2	12	0	10	2	1	0	0	0	40	0	0
39	0	99146	1	9	1	13	1	1	0	0	0	40	0	0
37	5	59200	1	9	0	7	5	1	1	0	0	40	0	0
21	0	37482	3	10	0	4	0	1	1	0	0	20	0	0
34	0	188798	1	9	4	7	3	1	1	0	0	32	0	0
56	0	100285	3	10	1	9	1	1	0	0	0	45	0	0
31	5	228446	3	10	0	12	2	1	0	0	0	40	0	0
31	0	19491	1	9	3	10	2	1	0	2202	0	40	0	0
28	0	156967	1	9	3	7	3	1	1	0	0	40	0	0
47	4	187581	7	13	1	7	1	1	0	0	0	48	0	1
56	0	154490	3	10	0	7	2	1	1	0	0	38	0	0
30	0	101345	7	13	0	10	2	1	1	0	0	40	0	0
42	1	150533	8	14	1	5	1	1	0	0	0	46	0	0
33	0	93213	1	9	1	6	1	1	0	0	0	45	0	0
57	0	257046	1	9	1	6	1	1	0	0	0	40	0	0
40	0	421837	1	9	1	8	1	1	0	0	0	50	0	1
41	0	101593	7	13	1	8	1	1	0	0	0	60	0	1
42	0	122215	1	9	2	5	2	1	0	0	0	40	0	1
49	0	272780	3	10	1	6	1	1	0	15024	0	60	4	1
24	0	190591	7	13	0	5	2	1	1	0	0	50	0	0
30	0	78374	1	9	1	10	5	2	1	0	0	40	1	0
30	2	121468	7	13	1	3	4	2	1	0	0	40	36	0
31	0	280927	7	13	0	8	2	1	1	0	0	40	0	1
25	0	202480	7	13	1	5	1	1	0	0	0	40	0	1
47	0	110088	14	2	1	13	1	1	0	0	0	40	0	0
58	2	129632	1	9	0	3	2	1	1	0	0	4	0	0
37	3	225860	2	12	5	1	2	1	0	0	0	50	0	0
25	0	310545	3	10	0	2	0	1	0	0	0	30	11	0
31	0	178664	3	10	3	4	2	1	1	0	0	30	0	0
46	3	198759	7	13	1	10	1	1	0	0	0	50	0	1
