20	0	259301	3	10	0	7	0	1	1	0	0	35	0	0
31	0	234537	7	13	1	5	1	1	0	7298	0	50	0	1
63	0	427770	13	8	3	11	3	0	1	0	0	30	0	0
19	2	331702	1	9	0	3	0	1	0	0	0	40	0	0
20	2	180052	3	10	0	3	0	1	0	0	0	40	0	0
54	0	205337	1	9	1	0	1	1	0	0	0	45	0	0
17	0	236091	4	6	0	4	0	1	1	0	0	8	0	0
40	0	33895	1	9	3	9	2	1	1	0	0	40	0	0
20	2	447210	3	10	0	3	0	1	1	0	0	20	0	0
27	0	226441	7	13	0	5	5	1	1	0	0	40	0	0
41	5	119721	3	10	1	5	1	1	0	0	0	40	0	1
32	3	455995	7	13	3	8	2	1	0	0	0	50	0	1
35	0	105813	3	10	1	13	1	1	0	0	0	40	0	0
24	2	350917	1	9	0	3	2	1	1	0	0	30	0	0
42	5	191814	1	9	1	6	1	1	0	0	0	40	0	0
65	0	399296	10	3	1	4	5	1	1	0	0	20	4	0
47	0	201595	1	9	0	7	3	1	0	0	0	40	0	0
41	0	143003	8	14	1	9	1	2	0	0	1887	45	27	1
28	0	74784	1	9	0	13	2	1	0	0	0	50	0	0
20	2	313045	3	10	0	3	0	1	1	0	0	40	0	0
22	0	303781	3	10	0	6	0	0	0	0	0	40	0	0
23	0	236769	3	10	0	13	0	1	0	0	0	40	0	0
28	3	264961	3	10	1	6	1	1	0	0	0	45	0	0
59	0	144962	1	9	2	0	2	1	1	0	0	40	0	0
59	1	435836	4	6	1	4	4	1	1	0	0	30	0	1
46	0	186539	1	9	3	6	5	1	0	0	0	48	0	1
23	0	181796	1	9	1	10	1	1	0	0	0	50	0	0
47	1	398397	8	14	0	9	2	1	0	0	0	40	0	0
24	0	196280	11	11	0	9	0	1	1	0	0	38	0	0
37	4	31670	7	13	1	8	1	1	0	0	0	40	0	0
49	6	65535	1	9	1	5	1	1	0	0	0	60	0	0
48	1	97680	8	14	1	5	4	1	1	15024	0	10	0	1
57	3	47178	7	13	1	5	4	1	1	0	0	35	0	1
24	3	151818	1	9	0	6	2	1	0	0	0	35	0	0
40	0	304530	6	4	1	6	1	1	0	0	0	40	0	0
25	0	197651	1	9	0	10	3	1	1	0	0	40	0	0
64	0	108054	1	9	2	12	2	1	0	0	0	22	0	0
44	0	179666	3	10	3	12	3	1	0	0	0	35	21	0
45	0	142909	1	9	1	6	1	1	0	0	0	40	0	1
24	0	231261	13	8	1	7	1	1	0	0	0	50	0	0
42	5	119008	2	12	3	9	2	0	1	0	1974	40	0	0
27	0	168138	1	9	0	9	2	1	0	0	0	45	0	0
54	0	217850	1	9	1	12	1	0	0	0	0	40	0	1
50	3	343242	3	10	1	12	1	1	0	0	0	55	0	0
19	2	167087	3	10	0	3	0	1	1	0	0	20	0	0
27	0	200179	1	9	3	7	5	1	1	0	0	40	0	0
35	0	172252	3	10	3	8	2	1	1	0	0	40	0	0
39	0	132879	9	16	1	8	1	1	0	0	0	42	0	1
21	0	240063	1	9	0	12	0	1	0	0	0	48	0	0
19	0	425816	3	10	0	10	3	0	1	0	0	40	0	0
39	1	167571	1	9	1	4	4	1	1	2885	0	30	0	0
39	0	85566	3	10	1	10	1	1	0	0	0	40	0	0
27	0	123799	7	13	3	8	3	1	0	0	0	42	0	0
28	0	194690	1	9	1	6	1	1	0	0	0	40	0	0
39	0	266347	3	10	1	10	1	1	0	0	0	40	0	0
62	0	68268	4	6	1	13	1	1	0	0	0	40	0	0
59	6	145574	11	11	1	8	1	1	0	0	0	40	0	1
29	0	128666	1	9	1	6	1	1	0	0	0	40	0	0
31	0	119411	1	9	1	10	1	1	0	0	0	40	0	1
38	0	276552	3	10	1	5	1	1	0	0	0	50	0	0
22	2	305423	3	10	0	3	0	1	0	0	0	36	0	0
38	4	104236	2	12	3	7	3	1	1	1471	0	40	0	0
48	2	136455	3	10	3	3	2	1	1	0	0	16	0	0
71	3	139889	0	7	1	8	1	1	0	0	0	75	0	1
39	1	102953	1	9	1	4	1	1	0	0	0	40	0	0
36	2	320183	0	7	0	3	0	0	0	0	0	24	0	0
47	0	83407	1	9	1	9	1	1	0	0	0	84	0	1
22	2	118910	3	10	0	3	2	1	0	0	0	43	0	0
41	0	99254	8	14	3	4	3	0	1	0	0	30	0	0
43	5	198766	1	9	0	4	0	1	1	0	0	40	0	0
20	0	191832	13	8	0	4	3	1	0	0	0	40	1	0
23	0	146178	1	9	4	7	5	1	0	0	0	46	0	0
35	0	132879	3	10	1	9	1	1	0	0	0	40	0	1
44	0	94706	7	13	5	10	3	2	0	0	0	40	20	0
48	1	273767	8	14	1	8	4	1	1	7688	0	40	0	1
43	3	204235	7	13	1	10	1	1	0	0	0	50	0	1
62	2	181782	1	9	1	3	1	1	0	0	0	15	0	0
39	5	144860	7	13	1	8	1	1	0	0	0	40	0	0
44	0	185832	1	9	1	0	1	1	0	7298	0	40	0	1
81	0	55314	7	13	1	7	1	1	0	0	0	4	0	1
44	0	200194	3	10	1	6	1	1	0	0	0	40	0	0
37	0	339772	1	9	1	6	1	0	0	0	0	40	0	0
54	0	159755	1	9	1	8	1	1	0	7688	0	40	0	1
24	0	200207	1	9	0	13	2	1	0	0	0	40	0	0
27	0	31493	7	13	1	9	1	1	0	0	0	30	0	0
31	0	168981	1	9	1	7	0	1	1	0	0	38	0	0
20	0	201729	3	10	0	2	0	1	0	0	0	33	0	0
30	3	105749	7	13	1	10	1	1	0	0	0	50	0	0
56	4	101847	1	9	1	7	1	1	0	4064	0	40	0	0
46	0	110646	2	12	1	7	4	1	1	0	0	56	0	0
34	0	139753	3	10	0	8	2	1	1	2174	0	50	0	0
25	0	255004	3	10	0	10	0	1	0	0	0	30	0	0
34	0	341954	7	13	1	8	1	1	0	0	0	40	0	1
43	0	124330	3	10	3	8	2	1	1	0	0	46	0	0
46	0	64563	8	14	1	5	1	1	0	0	1887	45	0	1
32	3	29254	3	10	1	1	1	1	0	0	0	50	0	1
25	2	182810	3	10	0	3	2	1	1	0	1564	37	0	1
33	2	139051	0	7	4	3	3	0	1	0	0	53	0	0
31	0	151053	3	10	1	12	1	1	0	0	0	34	0	0
66	6	45702	4	6	1	1	1	1	0	0	0	50	0	0
26	2	138685	3	10	0	3	0	1	0	0	0	40	0	0
37	0	164193	11	11	1	7	1	1	0	0	0	40	0	0
73	0	109651	1	9	1	2	1	1	0	0	0	30	0	0
30	0	126364	1	9	1	7	1	1	0	0	0	45	0	0
31	0	328199	1	9	0	9	2	1	1	2354	0	40	0	0
44	3	180096	8	14	3	8	2	1	0	0	0	20	0	0
23	0	197613	3	10	0	7	0	1	1	0	0	40	0	0
35	0	170195	3	10	1	9	1	1	0	0	0	40	0	1
48	4	56482	4	6	0	6	2	0	0	0	0	40	0	0
53	0	23686	7	13	3	8	2	1	1	0	1741	40	0	0
62	5	200916	7	13	1	8	1	1	0	0	0	40	0	1
44	0	160261	1	9	1	4	1	2	0	0	2377	35	36	0
21	0	129232	3	10	0	7	0	1	0	0	0	40	0	0
22	1	249727	3	10	1	2	1	1	0	0	0	40	0	1
35	5	106448	8	14	0	5	2	1	0	0	0	45	0	0
61	1	313852	7	13	3	5	2	1	1	0	0	40	0	0
33	0	213722	1	9	1	12	1	1	0	0	0	35	37	0
29	0	120645	2	12	1	9	4	0	1	0	0	40	0	0
78	2	167336	1	9	1	3	1	1	0	0	0	16	0	0
21	3	199419	1	9	0	4	0	1	1	0	0	50	0	0
23	0	132053	3	10	0	7	2	1	1	0	0	40	0	0
21	0	311570	2	12	0	9	0	1	1	0	0	35	0	0
30	0	187203	7	13	1	13	1	1	0	0	0	40	0	0
76	0	201240	1	9	0	7	5	1	1	0	0	40	0	0
51	0	150999	1	9	1	0	1	1	0	0	0	40	0	1
30	3	24961	1	9	3	12	2	1	0	0	0	40	0	0
36	1	152021	0	7	3	4	3	0	1	0	0	30	0	0
20	0	374116	0	7	0	10	0	1	1	0	0	40	0	0
73	0	35370	7	13	3	8	3	1	1	0	0	40	0	1
38	0	65291	7	13	1	9	4	1	1	0	0	24	0	0
71	2	283889	1	9	5	3	2	0	0	0	1816	40	0	0
36	3	48585	3	10	1	5	4	1	1	0	0	4	0	0
26	0	132661	1	9	0	7	0	1	1	0	0	40	0	0
52	0	267583	4	6	3	0	3	1	1	0	0	40	0	0
50	0	313297	10	3	3	0	3	1	1	0	0	40	4	0
66	0	290578	6	4	4	0	2	1	1	0	0	40	0	0
32	0	246038	7	13	0	5	2	1	0	0	0	40	0	1
42	4	125461	11	11	3	8	3	1	0	0	323	40	0	0
56	3	206149	6	4	0	4	3	0	1	0	0	58	0	0
59	1	205718	3	10	1	5	4	1	1	0	0	24	25	0
37	0	241153	7	13	1	5	1	1	0	15024	0	50	0	1
49	0	186706	1	9	1	6	4	1	1	7688	0	40	0	1
60	0	216574	7	13	3	8	2	1	1	0	0	40	0	1
46	0	49570	1	9	3	7	2	1	1	0	0	40	0	0
42	5	82161	1	9	1	2	1	1	0	0	0	72	0	1
44	0	191268	1	9	0	7	2	1	1	0	0	43	0	0
31	0	59469	1	9	0	4	2	1	0	0	0	40	0	0
30	0	197947	3	10	3	10	2	1	0	0	0	58	0	0
35	0	180131	7	13	4	10	2	1	0	0	0	50	0	1
17	0	156732	0	7	0	4	5	1	1	0	0	20	0	0
22	0	415755	6	4	1	0	1	1	0	0	0	40	0	0
22	0	228254	3	10	0	7	3	0	1	0	0	37	0	0
28	3	414599	2	12	0	8	2	1	0	0	0	21	3	0
35	0	357173	3	10	1	12	1	1	0	0	0	50	0	0
49	2	111282	6	4	1	3	1	1	0	4386	0	99	0	1
38	0	174308	1	9	0	1	2	1	0	0	0	48	0	0
49	4	61885	7	13	1	8	1	1	0	0	0	45	0	1
42	0	123838	7	13	1	10	1	1	0	0	0	60	0	1
53	0	119170	1	9	1	12	1	0	0	0	1740	40	0	0
59	0	219426	12	5	1	6	1	1	0	0	0	50	0	0
18	6	184920	1	9	0	1	0	1	0	0	0	25	0	0
39	1	187385	8	14	1	5	4	1	1	0	0	28	0	1
26	0	234258	1	9	1	0	1	0	0	0	0	40	0	0
24	0	387663	3	10	5	1	3	1	1	0	0	40	0	0
45	0	151817	8	14	4	9	3	1	1	0	0	36	0	0
34	0	187203	5	15	1	10	1	1	0	7688	0	40	0	1
27	1	67187	1	9	3	7	2	4	1	0	0	33	0	0
48	0	194526	3	10	1	10	4	1	1	0	0	40	0	0
20	0	73266	3	10	0	12	0	2	0	0	0	40	0	0
49	3	340755	8	14	1	8	1	1	0	5178	0	40	0	1
26	0	168552	1	9	3	8	3	1	1	0	0	40	0	0
38	6	188069	7	13	1	10	1	1	0	15024	0	40	0	1
27	0	198587	1	9	0	10	3	0	1	0	0	60	0	0
21	5	33423	3	10	0	4	2	1	1	0	0	35	0	0
40	4	190910	7	13	1	5	1	1	0	0	0	40	0	1
47	0	195963	6	4	0	12	2	3	0	0	0	48	12	0
24	0	345066	1	9	0	13	2	0	1	0	0	50	0	0
43	0	195258	1	9	1	6	1	1	0	0	0	40	0	1
44	0	262233	3	10	3	8	3	1	0	0	0	47	0	0
56	0	78707	12	5	1	4	4	1	1	4508	0	28	0	0
53	6	251240	7	13	1	8	1	1	0	0	2415	50	0	1
36	3	414056	1	9	1	6	1	1	0	0	0	40	0	0
56	1	174564	13	8	3	12	2	1	0	0	0	40	0	0
26	0	236242	11	11	0	7	2	1	1	0	1590	40	0	0
31	0	31286	11	11	3	6	2	1	0	0	0	40	0	0
19	0	234476	3	10	0	10	0	1	1	0	0	7	0	0
26	0	414916	1	9	0	9	5	1	0	0	0	40	0	0
40	0	223881	3	10	3	9	2	1	0	0	0	50	0	0
21	0	284651	3	10	0	10	0	1	1	0	0	20	0	0
35	0	38948	11	11	1	6	1	1	0	3103	0	40	0	1
33	0	157887	12	5	1	0	1	1	0	0	0	50	0	0
59	0	70796	1	9	1	11	4	0	1	0	0	15	0	0
49	1	97176	1	9	2	4	2	1	1	0	0	47	0	0
54	0	146834	3	10	1	10	1	1	0	0	0	40	0	0
23	0	490645	3	10	1	5	1	1	0	2829	0	42	0	0
61	5	31577	8	14	1	5	1	1	0	0	0	30	0	0
33	0	145437	1	9	0	6	0	1	0	0	0	43	0	0
36	5	21798	7	13	1	2	1	1	0	15024	0	40	7	1
57	0	142076	1	9	1	0	1	1	0	4386	0	40	0	1
22	0	136230	1	9	0	7	0	1	0	0	0	40	0	0
47	0	184169	8	14	3	5	3	1	1	0	0	40	0	1
23	0	175778	3	10	0	4	2	1	1	0	0	20	0	0
46	1	59174	1	9	2	5	3	4	1	0	0	33	0	0
49	0	123713	7	13	3	8	2	1	0	0	0	45	0	0
67	2	222362	1	9	1	3	1	1	0	0	0	2	0	1
51	0	108435	13	8	0	4	0	1	0	0	0	40	0	0
21	0	39182	2	12	0	13	0	1	0	0	0	40	0	0
33	1	203051	1	9	0	7	0	1	0	0	0	46	0	0
45	4	363418	7	13	1	5	1	1	0	0	0	40	0	1
27	1	113054	7	13	0	2	2	1	1	0	0	32	0	0
27	1	163320	2	12	0	2	0	1	0	0	0	40	0	0
34	0	118710	1	9	0	13	2	1	0	0	0	40	0	0
56	0	170066	1	9	1	7	1	1	0	0	0	40	0	0
24	0	135267	3	10	1	7	4	1	1	0	0	40	0	0
24	0	361278	3	10	0	7	2	1	1	0	0	40	0	0
59	3	165867	7	13	1	8	1	1	0	0	0	25	0	0
33	0	300497	3	10	3	0	2	0	0	0	0	40	0	0
49	5	255928	1	9	1	9	1	1	0	0	0	40	0	0
41	0	27305	1	9	3	6	2	1	0	0	0	40	0	0
34	0	29933	1	9	0	4	2	1	0	0	0	40	0	0
43	0	265434	0	7	0	4	2	0	0	0	0	40	0	0
18	0	145643	0	7	0	4	0	1	1	0	0	9	0	0
31	2	162041	1	9	0	3	0	1	1	0	0	15	0	0
30	0	119562	1	9	1	0	1	1	0	3942	0	40	0	0
29	0	115549	1	9	1	12	1	1	0	2635	0	40	0	0
50	0	39590	1	9	1	1	1	1	0	0	0	48	0	1
24	0	97676	3	10	1	9	1	1	0	0	0	40	0	0
53	0	34973	0	7	1	10	1	1	0	0	0	40	0	0
52	0	312446	1	9	1	6	1	1	0	0	0	40	0	0
42	4	88909	7	13	1	8	1	1	0	0	0	40	0	1
36	0	117381	7	13	1	5	1	1	0	0	0	55	0	1
34	6	513977	1	9	3	6	2	0	0	0	0	50	0	0
38	4	39089	1	9	0	12	2	1	0	6849	0	50	0	0
32	0	341672	7	13	0	10	2	2	0	2174	0	45	23	0
31	1	400535	1	9	1	6	1	1	0	0	0	72	0	0
34	3	338042	1	9	1	1	1	1	0	0	0	60	0	0
49	0	216734	7	13	3	8	2	1	1	0	0	40	0	0
54	3	224207	1	9	2	6	2	1	0	6849	0	50	0	0
58	0	107897	7	13	1	8	1	1	0	7688	0	40	0	1
28	0	205903	1	9	1	0	1	1	0	0	0	40	0	0
36	0	191754	1	9	1	6	1	1	0	0	0	50	0	0
26	0	216225	2	12	1	10	4	1	1	0	0	50	0	1
33	0	125762	1	9	1	13	1	1	0	0	0	40	0	0
51	0	201062	1	9	1	4	5	0	1	0	0	40	32	0
53	1	25820	11	11	3	8	2	4	0	0	0	48	0	0
33	0	553405	11	11	0	10	0	1	0	0	0	40	0	0
45	4	78022	7	13	1	5	1	1	0	0	0	40	0	1
27	0	207631	10	3	0	0	2	1	1	0	0	52	4	0
35	0	203988	1	9	3	10	2	1	0	0	0	60	0	0
47	0	122194	1	9	3	6	3	1	1	0	0	40	0	0
17	0	318918	4	6	0	1	0	1	0	0	0	30	0	0
55	6	264453	11	11	3	8	3	1	0	0	0	30	0	0
28	3	183523	1	9	1	6	1	1	0	0	0	35	0	0
46	3	98881	8	14	3	5	2	1	1	0	0	45	0	0
18	0	184101	0	7	0	1	0	1	0	0	0	6	0	0
43	1	135056	1	9	4	7	5	1	1	0	0	35	0	0
60	3	71457	1	9	1	12	1	1	0	4508	0	8	0	0
55	3	96459	4	6	1	1	1	1	0	0	1887	70	0	1
52	0	134184	1	9	3	4	2	1	1	2597	0	36	0	0
40	0	153132	7	13	1	6	1	1	0	0	0	31	0	0
52	0	173991	1	9	1	0	1	1	0	0	0	38	0	0
27	4	96219	1	9	0	9	0	1	1	0	0	40	0	0
44	0	152744	8	14	0	5	2	2	1	0	0	40	8	0
56	0	182142	1	9	1	6	1	1	0	0	0	40	0	0
35	0	48915	7	13	0	7	2	1	0	0	0	40	0	0
35	0	24126	3	10	3	8	3	1	1	0	0	40	0	0
47	1	263984	1	9	1	4	1	0	0	0	0	40	12	0
42	1	118261	11	11	3	5	3	1	1	0	0	50	0	0
63	0	106141	6	4	1	10	1	1	0	0	0	45	0	0
48	5	355320	11	11	1	8	1	1	0	0	0	15	7	1
19	2	497414	6	4	0	3	2	1	1	0	0	35	4	0
41	0	118915	7	13	4	10	2	1	1	0	0	40	0	0
17	0	75885	0	7	0	4	0	1	1	0	0	10	0	0
26	5	93806	3	10	0	7	5	1	0	0	0	25	0	0
33	1	255058	7	13	3	5	0	1	0	0	2339	40	0	0
41	0	120277	1	9	3	0	2	1	0	0	0	40	0	0
20	0	120046	3	10	0	7	0	1	0	0	0	25	0	0
26	0	209384	3	10	1	13	1	1	0	0	0	40	0	0
35	1	742903	8	14	1	5	1	1	0	0	0	40	0	0
47	6	147869	1	9	1	10	1	1	0	0	0	50	0	0
21	2	208117	4	6	0	3	2	1	1	0	0	30	0	0
64	0	268965	1	9	3	7	2	1	1	0	0	22	0	0
32	0	41210	1	9	1	6	1	1	0	0	0	40	0	0
47	0	128378	11	11	1	7	1	0	0	0	0	40	0	0
22	0	131291	1	9	0	4	2	1	0	0	0	20	0	0
35	0	187046	7	13	0	8	2	1	0	0	0	45	0	0
53	0	221672	13	8	1	4	1	1	0	0	0	40	0	0
29	3	70100	1	9	1	1	1	1	0	0	0	80	0	0
23	0	199586	1	9	1	9	1	1	0	0	0	40	0	0
45	0	243743	3	10	1	10	1	1	0	0	0	50	0	1
20	5	375931	3	10	0	7	0	1	0	0	0	15	0	0
42	0	139012	11	11	1	5	1	2	0	0	0	40	13	1
45	0	167617	11	11	1	6	1	1	0	0	0	40	0	0
77	0	88269	10	3	1	4	1	1	0	0	0	20	0	0
32	0	70377	5	15	0	5	2	1	1	0	0	40	0	0
21	0	431745	3	10	0	4	2	0	1	0	0	10	0	0
32	0	72967	5	15	1	5	1	1	0	0	0	25	0	1
41	0	174373	1	9	1	10	1	1	0	0	0	30	0	1
42	0	145178	1	9	4	9	2	0	1	0	0	40	0	0
23	2	138938	1	9	1	3	0	1	1	0	0	3	0	0
26	1	113948	7	13	0	2	2	1	1	0	0	48	0	0
66	0	135446	1	9	1	10	1	1	0	0	0	40	0	0
41	0	43711	1	9	0	4	2	1	0	0	0	30	0	0
40	0	137304	7	13	0	7	3	0	1	0	0	65	0	0
21	0	180690	3	10	0	4	0	1	0	0	0	40	0	0
40	0	135384	1	9	4	0	3	0	1	0	0	40	0	0
48	0	178137	1	9	3	0	3	1	1	0	0	44	0	0
62	3	113440	7	13	1	5	1	1	0	15024	0	40	0	1
45	0	110243	8	14	1	8	1	1	0	0	0	50	0	1
42	6	165981	3	10	1	1	1	1	0	0	0	60	0	0
20	0	246635	3	10	0	10	0	1	1	2597	0	20	0	0
30	0	553405	1	9	1	6	1	1	0	0	0	40	0	1
59	0	137506	12	5	2	13	3	1	0	0	0	40	0	0
22	0	313730	2	12	0	1	2	0	1	0	0	40	0	0
23	4	102684	3	10	0	7	2	1	0	0	0	60	0	0
55	0	265579	3	10	2	8	2	1	1	2354	0	40	0	0
58	0	101338	1	9	1	6	1	1	0	0	0	40	37	1
67	0	188903	7	13	1	5	1	1	0	0	0	40	0	1
51	0	231919	0	7	1	6	1	1	0	0	0	45	0	0
38	2	139770	8	14	1	3	4	1	1	0	0	48	0	1
37	0	253006	3	10	4	10	2	1	0	0	0	45	0	0
34	0	258425	11	11	0	10	2	4	0	2597	0	45	0	0
49	0	168837	11	11	3	4	3	1	1	0	0	20	0	0
46	0	177536	3	10	3	10	3	1	0	0	0	60	0	0
29	0	168524	3	10	0	9	2	1	1	0	0	40	0	0
19	6	108551	1	9	0	7	0	1	1	0	0	20	0	0
38	3	180477	5	15	1	5	1	1	0	0	0	37	0	1
58	3	162970	3	10	1	6	1	1	0	0	0	40	0	0
43	0	104196	1	9	1	0	1	1	0	0	0	43	0	0
34	0	329288	1	9	1	0	1	1	0	4386	0	55	0	1
59	3	39398	1	9	1	10	4	1	1	0	0	42	0	0
33	0	70240	3	10	0	4	0	2	1	0	0	40	8	0
17	0	153021	3	10	0	7	0	1	1	0	0	6	0	0
29	1	152461	7	13	0	9	2	1	1	0	0	40	0	0
33	0	171892	2	12	0	0	2	1	1	0	0	42	0	0
45	0	128141	0	7	4	9	3	1	1	0	0	40	12	0
68	0	182574	3	10	2	7	2	1	1	991	0	29	0	0
33	1	189145	7	13	0	5	2	1	1	0	0	20	0	0
49	6	218835	5	15	1	5	1	1	0	0	0	60	0	1
46	1	132994	3	10	1	7	4	1	1	7688	0	40	0	1
54	0	83103	7	13	1	10	1	1	0	0	0	67	0	0
31	0	198103	1	9	0	0	0	1	0	0	0	40	0	0
25	2	177812	7	13	0	3	2	1	0	0	0	40	0	0
39	6	144154	7	13	0	5	3	1	1	0	0	80	0	0
56	0	169086	9	16	1	5	1	1	0	0	0	55	1	1
36	0	140854	6	4	1	7	1	1	0	0	0	45	26	0
20	2	218875	3	10	0	3	5	1	1	0	0	20	0	0
35	3	187589	7	13	1	6	1	1	0	0	0	7	0	0
36	0	112271	7	13	1	9	1	1	0	0	1902	40	0	1
27	0	199118	3	10	0	7	0	1	1	0	0	40	4	0
46	0	178642	1	9	1	13	4	1	1	0	0	40	0	1
34	0	113708	13	8	1	6	1	1	0	0	0	59	0	1
29	4	185670	7	13	1	5	1	1	0	0	0	40	0	0
36	0	303187	3	10	1	0	1	2	0	0	0	44	1	1
49	0	209739	11	11	1	8	1	1	0	7688	0	60	0	1
52	3	155278	4	6	1	8	1	1	0	0	0	40	0	0
30	0	119422	11	11	1	12	1	1	0	0	0	40	0	0
46	1	326292	8	14	1	8	1	1	0	0	0	40	0	1
35	0	212512	1	9	1	6	1	1	0	0	0	50	0	1
37	0	33440	1	9	4	4	3	1	1	0	0	40	0	0
38	5	185180	5	15	1	5	1	1	0	7688	0	40	0	1
46	3	504941	11	11	1	8	1	1	0	0	0	40	0	1
42	0	192014	12	5	0	0	2	1	0	0	0	24	0	0
48	6	192755	7	13	0	8	2	1	1	0	0	55	25	1
59	0	220896	5	15	3	4	2	1	0	27828	0	60	0	1
22	0	189832	3	10	0	4	0	1	1	0	0	25	0	0
38	0	235638	1	9	0	13	2	0	1	0	0	40	0	0
39	0	134367	1	9	0	6	2	1	1	0	0	43	0	0
41	0	171231	3	10	1	6	1	1	0	0	0	40	2	0
19	0	253529	13	8	0	7	0	1	0	0	0	9	0	0
47	5	210557	1	9	1	2	1	1	0	0	0	40	0	0
47	0	362835	3	10	1	6	1	1	0	0	0	40	0	1
55	0	186479	1	9	1	8	1	1	0	0	0	40	0	0
37	5	115360	8	14	3	5	3	1	1	0	0	40	0	0
29	0	184806	2	12	0	4	0	1	0	0	0	20	0	0
34	3	450141	7	13	1	8	1	1	0	15024	0	35	0	1
41	0	200479	1	9	1	12	1	1	0	0	0	40	0	0
34	0	152493	1	9	3	12	3	1	0	0	0	60	0	0
29	0	135791	7	13	1	8	4	1	1	15024	0	50	22	1
37	3	50096	11	11	1	6	1	1	0	0	0	30	0	0
55	0	173832	8	14	3	10	2	1	0	10520	0	40	0	1
52	0	224198	1	9	1	8	4	1	1	0	0	45	0	0
57	0	111553	12	5	1	12	1	1	0	0	0	50	0	0
67	0	191380	7	13	1	8	1	1	0	0	0	40	0	1
20	0	34242	3	10	0	4	0	1	0	0	0	20	0	0
58	0	100054	7	13	1	10	1	1	0	0	1902	70	0	1
62	0	110103	1	9	2	6	3	0	1	0	0	40	0	0
40	0	196626	1	9	1	0	1	1	0	0	0	45	0	1
66	2	194480	0	7	1	3	1	1	0	0	2377	2	0	1
26	0	190040	7	13	0	7	0	1	1	0	0	40	0	0
42	0	152629	3	10	1	10	1	1	0	0	0	45	0	1
18	4	263162	1	9	0	12	0	1	0	0	0	40	0	0
34	0	205581	1	9	1	10	4	1	1	0	0	40	0	0
50	0	155434	1	9	1	13	1	1	0	0	0	40	0	1
30	0	415922	1	9	1	6	1	3	0	0	0	32	0	0
42	1	221581	1	9	3	7	2	1	1	0	0	40	0	0
37	0	135089	3	10	3	4	3	1	1	0	0	56	0	0
47	0	117774	1	9	1	10	1	1	0	0	0	40	26	0
46	0	206707	3	10	3	0	2	1	1	0	0	40	0	0
30	0	315640	8	14	0	5	2	2	0	0	0	45	30	1
52	0	210736	1	9	1	6	1	1	0	7298	0	50	0	1
23	1	456665	1	9	0	4	0	0	0	0	0	40	0	0
35	3	133935	3	10	5	6	2	1	0	0	0	40	0	0
44	0	106982	7	13	0	7	2	1	1	0	0	70	0	0
35	0	126569	8	14	1	6	1	1	0	0	0	40	0	0
31	5	209954	3	10	0	8	2	1	0	0	0	40	0	0
50	5	46401	3	10	3	8	2	1	1	0	0	40	0	0
29	0	410216	1	9	1	10	1	1	0	0	0	40	0	0
39	0	410509	1	9	3	13	3	1	0	0	0	40	0	0
22	0	382199	7	13	1	10	1	1	0	0	0	40	0	0
33	0	84130	1	9	1	6	1	1	0	0	0	40	0	0
42	0	243380	8	14	3	10	2	1	0	0	0	50	0	0
31	0	329635	7	13	1	7	1	1	0	0	0	50	0	1
20	2	265434	3	10	0	3	0	1	1	0	0	10	0	0
23	0	241752	1	9	1	6	1	1	0	0	0	40	0	0
33	0	172579	1	9	1	6	4	1	1	0	0	40	0	0
48	1	121179	3	10	3	8	2	1	1	0	0	52	0	0
46	0	76131	10	3	1	4	4	2	1	0	0	40	8	1
57	0	138777	7	13	1	2	4	1	1	0	0	45	7	1
44	5	195212	8	14	0	7	2	0	1	0	0	52	0	0
20	0	315135	3	10	0	12	0	1	0	0	0	15	0	0
44	0	248406	2	12	1	6	1	1	0	0	0	40	0	1
51	0	283314	7	13	1	6	1	1	0	15024	0	40	1	1
29	0	231601	0	7	1	6	1	1	0	0	0	60	0	0
71	3	126807	8	14	1	1	1	1	0	0	1411	70	0	0
31	0	198513	3	10	1	7	4	1	1	0	0	40	0	0
37	0	162651	1	9	1	5	1	1	0	0	0	40	15	0
90	0	197613	1	9	0	7	2	1	1	0	0	40	0	1
49	0	184098	7	13	1	10	1	1	0	0	0	50	0	1
46	1	187505	8	14	1	7	1	1	0	0	0	40	1	0
53	0	174655	6	4	0	4	0	1	0	0	0	40	0	0
17	0	161123	13	8	0	4	0	1	0	0	0	32	0	0
43	0	390369	14	2	1	1	1	1	0	0	0	70	4	0
35	3	354520	1	9	5	4	2	1	1	0	0	40	0	0
25	0	364631	1	9	0	10	0	1	1	0	0	40	4	0
35	0	323120	2	12	0	0	2	1	1	0	0	44	0	1
58	5	32367	3	10	1	8	1	1	0	0	0	40	0	0
88	0	30102	7	13	0	8	2	1	0	0	1816	50	1	0
51	0	229259	7	13	1	8	1	1	0	0	0	45	0	1
31	0	274818	3	10	0	7	2	1	1	0	0	40	0	0
40	6	248476	5	15	1	5	1	1	0	0	0	50	0	1
38	0	98080	3	10	0	7	5	3	0	0	0	40	17	0
44	0	56651	2	12	1	0	1	1	0	0	0	42	0	0
43	0	216411	14	2	0	7	3	1	1	0	0	30	5	0
31	0	226443	5	15	1	5	1	1	0	0	1977	70	0	1
21	0	119039	3	10	0	7	0	1	1	0	0	18	0	0
25	0	136277	7	13	0	7	0	0	1	0	0	40	0	0
52	1	149508	3	10	1	2	1	1	0	0	0	40	0	1
53	0	449376	1	9	1	2	1	0	0	0	0	40	0	1
18	0	143450	3	10	0	13	0	0	0	0	0	20	0	0
41	0	227065	1	9	0	4	0	1	0	0	0	40	0	0
26	0	175801	1	9	1	6	1	1	0	0	0	40	0	0
29	0	260346	1	9	4	4	2	1	1	0	0	25	0	0
37	0	54159	1	9	0	1	2	1	0	0	0	45	0	0
24	0	143246	3	10	0	0	0	0	1	2597	0	45	0	0
32	0	115854	3	10	3	7	3	0	1	0	0	41	0	0
35	0	138441	1	9	1	7	1	1	0	0	0	40	0	0
23	3	149704	4	6	0	10	0	1	1	0	0	40	0	0
38	0	22245	3	10	1	8	1	1	0	0	0	40	0	1
27	0	104017	7	13	1	5	4	1	1	0	1628	50	0	0
46	0	165468	3	10	1	6	1	1	0	0	0	50	0	1
22	0	181557	3	10	0	13	0	0	0	0	0	35	0	0
38	0	220694	3	10	1	8	1	1	0	0	0	80	0	1
27	1	190330	11	11	0	8	0	1	1	0	0	40	0	0
45	4	109209	7	13	0	7	2	1	0	0	0	45	0	0
32	0	187815	7	13	1	8	1	1	0	0	0	45	0	1
38	4	236648	1	9	1	6	1	1	0	0	0	40	0	0
21	0	53306	1	9	0	10	0	1	0	0	0	40	0	0
33	0	418645	1	9	1	4	1	1	0	0	0	50	0	0
27	0	217530	1	9	0	10	0	1	1	0	0	45	4	0
19	0	135066	3	10	0	7	2	1	1	0	0	20	0	0
20	1	38455	1	9	0	6	2	1	0	0	0	10	0	0
37	3	53553	1	9	1	12	1	1	0	0	0	75	0	0
18	0	117857	0	7	0	13	2	1	0	0	0	40	0	0
72	3	379376	5	15	1	5	1	1	0	0	0	35	0	0
31	0	191932	8	14	0	8	2	1	1	0	2258	40	0	0
33	0	234067	1	9	1	0	1	1	0	0	0	40	0	1
47	0	348886	1	9	1	6	1	1	0	0	0	40	0	1
46	0	142490	3	10	3	0	2	0	1	0	0	40	0	0
42	2	155190	7	13	1	3	1	0	0	2580	0	8	0	0
22	0	176178	1	9	0	10	0	1	1	0	0	36	0	0
53	0	149220	8	14	1	10	1	1	0	0	0	40	0	0
59	4	188047	1	9	1	7	1	0	0	0	0	40	0	0
36	0	258102	11	11	0	5	2	1	0	0	0	40	0	0
34	0	185216	7	13	1	5	1	1	0	0	0	40	0	1
61	0	219701	13	8	3	2	2	1	0	0	0	37	22	0
40	0	235523	1	9	4	7	3	0	1	0	0	40	0	0
35	0	100375	2	12	1	10	1	1	0	0	1887	45	0	1
41	0	24273	1	9	1	4	4	1	1	0	0	40	0	0
23	0	224115	7	13	0	5	2	1	1	0	0	30	0	0
41	0	187795	3	10	1	6	1	1	0	0	1977	60	0	1
26	0	161007	1	9	0	6	0	1	0	0	0	40	0	0
27	0	262723	3	10	0	0	3	0	0	0	0	40	0	0
41	3	33474	7	13	1	8	1	1	0	0	0	55	0	1
43	0	167151	7	13	3	5	3	0	1	0	0	60	0	0
38	6	222532	5	15	0	10	2	1	1	0	0	45	0	0
47	1	48195	7	13	1	5	1	1	0	0	0	72	0	0
23	0	89089	7	13	0	10	2	1	1	0	0	30	0	0
35	1	179151	7	13	0	5	2	1	1	0	0	20	0	0
42	3	192589	2	12	1	8	1	1	0	0	0	70	0	0
24	0	236149	1	9	0	8	0	1	1	0	0	50	0	0
58	0	110820	7	13	1	8	1	1	0	0	0	50	0	1
22	0	113464	1	9	1	12	1	3	0	0	0	40	5	0
38	3	248929	1	9	1	12	1	1	0	0	0	50	0	0
41	0	257758	13	8	1	6	1	1	0	0	0	40	0	1
46	0	198660	1	9	3	4	2	1	0	0	0	40	0	0
22	0	195532	7	13	0	4	2	1	1	0	0	20	0	0
17	0	208046	1	9	0	10	0	0	1	0	0	16	0	0
31	6	72744	1	9	3	4	3	1	0	0	0	30	0	0
73	2	65072	4	6	0	3	2	1	0	0	0	12	0	0
27	0	313479	7	13	0	5	0	1	0	0	0	50	0	0
57	0	262681	3	10	2	8	2	1	0	0	0	60	0	0
54	5	305319	7	13	1	5	1	1	0	0	0	70	0	0
40	0	158958	1	9	0	11	5	0	1	0	0	40	29	0
23	3	47039	11	11	0	1	0	1	0	0	0	40	0	0
36	0	150057	7	13	1	5	1	1	0	0	0	50	0	1
54	5	55861	2	12	3	7	2	1	0	0	0	39	0	0
32	6	225053	7	13	1	8	1	1	0	99999	0	60	0	1
44	3	136986	3	10	1	10	1	1	0	0	0	25	0	0
36	2	342480	0	7	0	3	2	0	0	0	0	40	0	0
30	2	335124	3	10	0	3	2	1	1	0	0	36	0	0
39	3	29874	1	9	1	1	1	1	0	0	0	54	0	0
36	0	191146	3	10	3	10	3	0	1	0	0	38	0	0
65	0	154164	2	12	1	7	1	1	0	20051	0	20	1	1
43	0	287008	7	13	1	5	1	1	0	0	0	40	0	0
36	0	397877	1	9	1	6	1	1	0	5013	0	30	0	0
40	1	108765	1	9	1	7	4	4	1	0	0	40	0	0
23	0	215251	3	10	0	4	2	1	1	0	0	55	0	0
67	0	132586	1	9	2	4	2	1	1	0	0	15	0	0
48	1	328610	8	14	1	5	1	1	0	0	0	50	0	1
59	0	264048	1	9	1	12	1	1	0	0	0	35	0	1
74	2	98867	10	3	2	3	2	0	0	0	0	32	0	0
36	0	166289	1	9	0	7	0	0	1	0	0	40	0	0
19	0	186328	1	9	0	0	2	1	0	0	0	40	0	0
24	4	59948	1	9	0	5	3	0	1	0	0	40	0	0
41	0	231793	1	9	3	4	3	1	1	0	0	40	0	0
43	1	487770	4	6	1	4	1	1	0	0	0	40	0	0
27	0	167536	1	9	1	13	1	1	0	0	0	40	0	0
48	0	250736	1	9	1	12	1	0	0	0	0	99	0	0
18	2	197057	4	6	0	3	0	0	0	0	0	40	0	0
23	3	448026	11	11	0	6	2	1	0	0	0	45	0	0
56	0	217775	1	9	3	12	2	1	0	0	0	50	0	1
22	4	154394	1	9	0	4	0	1	1	0	0	40	0	0
61	0	244933	1	9	3	10	2	1	1	0	0	38	0	0
22	0	155362	1	9	0	10	0	1	1	0	0	35	0	0
48	0	187563	8	14	1	6	1	1	0	0	0	54	0	1
61	2	108398	0	7	2	3	3	0	1	0	0	9	0	0
30	0	69235	5	15	1	5	1	2	0	0	0	40	23	0
72	0	174032	3	10	1	2	1	1	0	0	0	40	0	0
31	5	174957	3	10	1	2	1	1	0	0	0	50	0	0
71	3	31781	1	9	1	1	1	1	0	0	1510	35	0	0
49	0	278322	7	13	1	0	1	1	0	0	0	40	0	1
49	0	144514	1	9	1	10	1	1	0	0	1887	45	0	1
41	0	255824	3	10	3	12	2	1	0	0	0	45	0	0
29	0	443858	1	9	1	6	1	1	0	0	0	40	0	0
19	0	114066	3	10	0	7	0	1	1	0	0	26	0	0
30	0	103860	11	11	1	6	1	1	0	0	0	40	0	0
40	0	132839	3	10	3	0	2	0	0	0	0	40	0	0
51	5	290688	8	14	1	8	1	1	0	0	0	50	0	1
45	2	187439	1	9	0	3	2	1	0	0	0	2	0	0
22	0	170302	1	9	0	13	3	1	0	0	1974	45	0	0
49	0	74984	4	6	1	6	1	1	0	0	0	40	0	0
17	0	94774	4	6	0	4	0	1	1	0	0	10	0	0
46	0	72896	2	12	1	6	1	1	0	0	0	45	0	0
55	6	197749	1	9	1	10	1	1	0	0	1573	44	0	0
28	0	182509	11	11	0	10	2	1	0	0	0	40	0	0
39	6	233117	5	15	1	5	1	1	0	0	0	40	0	1
36	1	102729	1	9	1	8	1	1	0	0	0	40	0	0
36	0	172706	1	9	1	6	1	1	0	0	0	40	0	0
23	6	295254	1	9	0	7	2	1	1	0	0	40	0	0
38	1	101426	1	9	0	2	3	0	0	0	0	40	0	0
75	0	185603	4	6	2	9	2	1	1	0	0	32	0	0
53	0	289620	5	15	1	8	1	1	0	0	0	45	1	1
39	0	179137	1	9	0	7	2	1	1	0	0	40	0	0
19	0	222199	3	10	0	4	0	1	1	0	0	10	0	0
39	0	320305	7	13	1	5	1	1	0	0	0	60	0	0
23	2	111340	1	9	1	3	1	1	0	0	1573	40	0	0
31	4	86150	7	13	1	7	4	2	1	5178	0	40	0	1
60	0	124648	1	9	2	10	3	1	1	0	0	38	0	0
30	0	175761	0	7	1	6	1	1	0	2580	0	40	0	0
23	0	148948	0	7	1	13	1	1	0	0	0	40	0	0
42	0	230355	3	10	4	7	2	1	1	0	0	40	22	0
55	5	277203	3	10	3	12	2	1	0	0	0	40	0	0
77	3	176690	12	5	2	4	2	1	1	0	0	40	21	0
64	6	119182	1	9	1	8	1	1	0	0	0	40	37	0
35	0	181353	3	10	1	10	1	1	0	0	0	50	0	0
19	0	311293	1	9	0	4	0	0	0	0	0	25	0	0
17	2	132962	13	8	0	3	0	0	0	0	0	30	0	0
45	0	155478	3	10	3	9	3	1	1	0	0	40	0	0
38	0	46706	8	14	1	9	1	1	0	0	0	20	0	0
59	0	142326	11	11	3	7	2	1	1	0	0	40	0	0
21	0	220454	1	9	0	0	0	1	0	0	0	40	0	0
45	0	105779	1	9	1	6	1	1	0	0	0	30	0	0
23	0	362623	4	6	1	4	1	1	0	0	1573	30	4	0
37	0	115806	1	9	1	8	1	1	0	0	0	60	0	0
29	0	351324	2	12	0	10	0	1	1	0	0	32	0	0
29	0	131712	0	7	0	6	2	1	0	0	0	40	0	0
19	2	181118	1	9	0	3	0	0	1	0	0	20	0	0
19	2	214087	1	9	0	3	0	1	0	0	0	40	0	0
27	0	181291	1	9	0	7	0	1	1	0	0	35	24	0
44	0	146908	1	9	1	5	1	1	0	0	0	40	0	0
50	6	262777	8	14	4	8	3	2	0	0	0	45	27	0
53	1	394765	8	14	1	8	1	1	0	0	0	40	0	0
41	0	207335	7	13	3	5	2	1	0	0	0	45	0	1
23	0	133712	1	9	0	4	5	1	1	0	0	45	0	0
24	5	105479	8	14	0	5	2	1	1	0	0	40	0	0
31	0	140092	7	13	1	5	1	1	0	0	0	40	0	1
37	0	53232	5	15	0	5	2	2	1	0	0	55	0	1
57	0	178154	4	6	2	12	2	1	0	0	0	40	0	0
25	0	202203	7	13	0	7	3	1	1	0	0	60	0	0
50	0	49340	3	10	3	8	3	1	1	0	0	40	0	0
47	0	106207	0	7	1	4	1	1	0	0	0	50	0	0
23	0	103064	7	13	0	5	2	1	1	0	0	40	0	0
30	1	79190	8	14	0	5	2	1	1	0	0	40	0	0
18	0	473449	3	10	0	13	0	1	0	0	0	30	0	0
48	0	189498	0	7	3	7	2	1	0	0	0	40	0	0
34	0	149902	8	14	0	4	3	0	1	0	0	28	0	0
44	0	150098	3	10	1	10	1	0	0	0	0	50	0	1
40	0	100451	3	10	0	6	2	1	0	0	0	40	0	0
35	0	193094	1	9	0	6	0	1	1	0	0	48	0	0
37	0	202950	3	10	0	13	0	1	0	0	0	40	0	0
34	0	161444	1	9	1	5	1	1	0	0	0	39	0	0
33	3	303867	1	9	1	10	1	1	0	0	0	70	0	1
36	0	143912	1	9	3	12	2	1	0	0	0	45	0	0
29	2	42623	1	9	0	3	2	1	0	0	0	32	0	0
37	2	145064	2	12	1	3	1	1	0	0	0	32	0	0
53	0	199287	12	5	0	11	2	1	1	0	0	9	0	0
48	0	250733	3	10	1	6	1	1	0	0	0	50	0	0
36	0	372525	3	10	1	10	1	1	0	0	0	48	0	0
21	0	338162	1	9	1	0	4	0	1	0	0	37	0	0
38	0	154210	7	13	1	5	1	2	0	0	0	40	0	1
55	0	158702	4	6	5	6	2	1	0	0	0	50	0	0
29	0	199118	3	10	0	9	0	1	1	0	0	40	28	0
59	0	104455	3	10	1	4	1	2	0	0	0	40	8	0
42	3	210013	3	10	1	6	1	1	0	0	0	45	0	0
22	0	440934	3	10	0	10	3	1	0	0	0	40	0	0
31	0	375833	7	13	1	8	1	1	0	0	0	55	0	1
41	0	289551	1	9	1	13	1	1	0	7688	0	40	0	1
45	0	272729	1	9	3	4	2	1	1	0	0	40	0	0
31	5	176185	1	9	3	7	2	1	0	0	0	40	0	0
53	0	155403	1	9	3	4	3	0	1	0	0	20	0	0
47	4	239321	11	11	1	7	1	1	0	0	0	45	0	1
27	0	365745	4	6	1	13	1	1	0	0	0	20	0	0
49	0	107399	1	9	4	10	3	1	1	0	0	40	0	0
34	0	93394	1	9	1	12	1	1	0	0	0	65	0	0
34	3	143078	11	11	0	4	2	1	0	0	0	40	0	0
50	1	283314	2	12	1	2	1	1	0	0	1977	40	0	1
37	0	194668	3	10	1	12	1	1	0	0	0	45	0	1
27	0	170301	8	14	0	5	2	1	1	0	0	45	0	0
31	6	162442	8	14	0	10	0	1	1	27828	0	40	0	1
24	0	456430	1	9	1	6	1	1	0	0	0	50	0	0
28	0	337424	5	15	0	5	2	1	0	0	0	80	0	0
27	0	160291	3	10	0	7	3	0	1	0	0	40	7	0
41	0	341204	7	13	1	7	4	1	1	0	0	40	0	1
28	0	148084	1	9	0	13	3	0	1	0	0	40	5	0
26	0	102476	1	9	0	6	0	1	0	0	0	40	0	0
17	2	183161	13	8	0	3	0	1	1	0	0	8	0	0
17	0	160029	0	7	0	10	0	1	1	0	0	14	0	0
70	3	152066	1	9	1	1	1	1	0	0	0	50	0	0
57	0	175942	7	13	1	5	1	1	0	0	0	40	1	1
64	0	387669	14	2	1	12	1	1	0	0	0	40	0	0
38	3	179824	1	9	0	1	2	1	0	0	0	50	0	0
23	0	107882	7	13	0	7	0	1	1	0	0	40	0	0
18	2	65249	13	8	0	3	0	1	0	0	0	30	0	0
47	3	267879	1	9	1	6	1	0	0	3103	0	50	0	1
54	0	150999	3	10	1	8	1	1	0	0	0	44	0	0
42	1	69758	2	12	3	2	2	2	0	0	0	48	0	1
23	0	180795	3	10	0	10	0	1	1	0	0	40	0	0
28	0	257283	1	9	0	12	0	1	0	0	0	40	0	0
40	0	196344	10	3	1	4	1	1	0	0	1672	30	4	0
32	0	155151	1	9	1	6	1	1	0	0	0	55	0	0
35	3	368140	1	9	1	12	1	1	0	0	0	65	0	1
17	0	95079	0	7	0	10	0	1	1	0	0	15	0	0
37	2	254773	3	10	1	3	1	1	0	0	0	40	0	0
23	0	181659	3	10	0	10	2	1	0	0	0	40	0	0
47	2	215620	1	9	0	3	2	1	0	0	0	12	0	0
29	0	169104	1	9	1	8	5	2	0	0	0	75	9	0
33	1	100446	3	10	1	7	4	1	1	0	0	40	0	0
46	0	189680	8	14	1	10	1	1	0	0	0	40	0	1
24	0	376474	7	13	1	10	1	1	0	0	0	35	0	0
44	0	112494	3	10	1	6	1	1	0	0	0	40	0	0
33	2	212491	1	9	3	3	2	0	1	0	0	40	0	0
68	1	254218	11	11	1	8	1	1	0	0	0	24	0	0
34	0	421200	1	9	1	6	1	0	0	0	0	40	0	0
19	0	426589	1	9	5	4	0	1	1	0	0	35	0	0
27	0	335015	3	10	1	9	1	1	0	0	0	65	0	0
25	0	78605	1	9	1	0	1	1	0	0	0	40	0	0
62	6	123749	3	10	1	6	1	1	0	0	0	90	0	0
31	0	245500	7	13	0	5	2	2	1	0	0	25	1	0
32	0	226443	1	9	1	6	1	1	0	0	0	40	0	1
31	3	150630	1	9	0	4	0	1	1	0	0	40	0	0
27	0	257124	3	10	0	4	0	1	0	0	0	25	0	0
36	0	127865	7	13	0	5	2	1	1	4650	0	25	0	0
50	0	27432	7	13	1	5	1	1	0	0	0	30	0	0
31	0	161765	1	9	0	0	2	1	0	0	0	50	0	0
42	0	42703	1	9	0	4	2	0	0	0	0	40	0	0
27	0	209641	3	10	0	5	2	1	0	0	0	40	0	0
22	0	93131	3	10	0	4	2	2	0	1055	0	20	27	0
46	0	191821	1	9	3	10	2	1	1	0	0	40	0	0
25	0	410009	3	10	0	7	3	1	1	0	0	40	0	0
37	0	334291	3	10	3	10	2	1	0	0	2258	40	0	0
58	6	274363	3	10	1	10	1	1	0	0	1977	50	0	1
17	0	102456	0	7	0	13	0	1	0	0	0	20	0	0
35	5	102268	3	10	0	5	0	1	0	0	0	35	0	0
46	0	220979	3	10	3	9	2	4	0	13550	0	40	0	1
35	2	111377	7	13	1	3	1	1	0	0	0	50	0	0
36	0	187847	1	9	1	6	1	1	0	0	0	40	0	1
22	0	40052	7	13	0	8	2	1	0	0	0	40	0	0
21	0	133375	1	9	3	10	3	1	1	0	0	48	0	0
46	0	226032	7	13	1	10	4	1	1	0	0	16	0	1
27	0	211032	1	9	1	6	1	1	0	0	0	40	0	0
33	0	392812	3	10	1	10	1	1	0	0	0	45	0	1
34	4	174724	11	11	3	7	0	0	1	1831	0	40	0	0
50	1	363405	3	10	2	7	3	1	1	0	0	40	0	0
19	0	42750	3	10	0	4	0	1	0	0	0	20	0	0
40	3	174112	1	9	3	4	3	1	1	0	0	50	0	0
65	3	326936	1	9	1	10	4	1	1	0	0	40	0	0
39	3	188069	1	9	1	1	1	1	0	0	0	60	0	1
48	0	366089	9	16	1	5	1	1	0	0	0	45	0	1
32	0	162160	3	10	1	8	1	1	0	0	0	40	0	0
32	0	114937	7	13	0	5	2	1	0	6849	0	40	0	0
61	0	189932	1	9	1	4	1	1	0	0	0	30	0	0
57	0	168447	7	13	0	7	2	1	1	0	0	40	0	0
32	0	154210	8	14	1	5	1	3	0	0	1902	45	16	1
29	0	211331	1	9	0	8	2	1	0	0	0	50	4	0
57	0	157749	3	10	1	6	1	1	0	0	0	40	0	0
72	6	84587	10	3	1	8	1	2	0	0	0	20	16	0
27	0	269246	1	9	1	7	1	1	0	3464	0	45	0	0
26	0	305129	0	7	1	6	1	1	0	0	0	45	0	0
63	0	253556	1	9	3	10	2	1	0	0	0	40	0	0
58	6	229116	5	15	3	5	2	1	0	0	0	70	0	1
45	0	111381	3	10	1	8	1	1	0	0	0	65	0	0
41	0	121201	1	9	1	12	1	1	0	0	0	40	0	0
26	1	271836	1	9	1	2	1	0	0	0	0	50	0	1
47	0	116641	7	13	3	5	3	1	1	0	0	4	40	0
37	0	171524	10	3	1	6	1	0	0	0	0	40	1	0
52	0	145409	1	9	1	6	1	1	0	0	0	40	0	0
40	0	174575	7	13	1	8	1	1	0	0	0	45	0	1
38	5	149135	2	12	0	7	2	0	0	0	0	40	0	0
32	0	234096	0	7	1	13	1	1	0	0	0	40	0	0
32	1	210973	3	10	0	4	3	0	1	0	0	40	0	0
37	1	269323	3	10	1	8	1	1	0	0	0	40	0	1
69	0	29087	6	4	1	13	1	1	0	0	0	6	0	0
27	3	177831	1	9	1	6	1	1	0	0	0	40	35	0
39	3	167106	2	12	1	10	1	2	0	0	0	72	14	0
56	0	118993	1	9	0	7	5	1	1	0	0	40	0	0
26	0	102875	2	12	0	10	0	1	1	0	0	40	17	0
89	2	29106	4	6	1	3	1	1	0	0	0	20	0	0
32	0	101103	2	12	1	8	4	1	1	0	0	40	0	0
35	3	135020	3	10	1	10	1	1	0	0	0	75	0	1
26	0	182390	0	7	4	6	2	0	0	0	0	40	0	0
53	0	174102	1	9	1	6	1	1	0	0	0	40	0	1
19	2	138153	3	10	0	3	0	1	1	0	0	20	0	0
23	0	162282	2	12	0	13	2	1	0	0	0	25	0	0
51	0	280292	1	9	1	10	1	1	0	0	0	40	0	0
25	1	307294	7	13	3	5	3	1	1	0	0	40	0	0
57	0	94156	8	14	1	5	1	1	0	7688	0	84	0	1
59	2	199033	12	5	1	3	4	0	1	0	0	32	0	0
61	0	57408	7	13	3	7	2	1	1	0	0	35	0	0
41	0	210922	3	10	1	12	1	0	0	0	0	55	1	0
20	0	138994	1	9	0	10	0	2	1	0	0	40	13	0
22	0	416103	1	9	0	6	0	1	0	0	0	50	0	0
42	0	166740	7	13	1	10	1	1	0	0	1887	50	0	1
47	6	139268	6	4	1	5	1	1	0	0	0	45	0	0
21	5	165474	3	10	0	9	0	1	0	0	0	30	0	0
37	0	100316	7	13	1	8	1	1	0	0	0	50	0	1
28	2	49028	1	9	0	3	2	1	1	0	0	40	0	0
38	6	85566	3	10	0	10	2	1	0	0	0	65	0	0
27	0	58150	1	9	4	6	0	1	0	0	0	40	0	0
55	3	376548	1	9	1	1	1	1	0	0	0	50	0	0
20	0	398166	0	7	0	4	0	0	0	0	0	40	0	0
43	0	86797	3	10	1	4	1	1	0	0	0	40	0	0
46	0	161819	1	9	4	4	3	0	1	0	0	25	0	0
19	0	187125	1	9	0	10	2	1	1	0	0	20	0	0
30	0	226535	1	9	0	12	2	1	0	4865	0	40	0	0
23	6	216889	1	9	1	10	1	1	0	0	1977	40	0	1
65	3	135517	6	4	1	6	1	1	0	0	0	40	0	0
28	0	336951	1	9	1	6	1	1	0	0	0	40	0	0
44	5	101603	7	13	1	8	1	1	0	0	0	40	0	1
32	1	205931	1	9	0	7	2	0	1	0	0	37	0	0
40	4	105119	7	13	1	2	1	1	0	0	0	40	0	0
58	3	200316	1	9	1	10	1	1	0	0	0	60	0	0
17	0	132859	4	6	0	4	5	1	0	0	0	35	0	0
57	0	137031	3	10	1	12	1	1	0	0	0	50	0	0
24	1	184975	7	13	0	5	2	1	1	0	0	40	0	0
47	0	165539	1	9	0	5	2	0	1	4101	0	40	32	0
26	0	48099	7	13	0	10	2	1	1	0	0	40	0	0
42	0	47012	3	10	1	6	1	1	0	7688	0	40	0	1
60	1	195409	8	14	1	5	1	1	0	15024	0	52	0	1
54	0	20795	1	9	3	2	2	1	0	0	0	40	0	0
44	5	484879	7	13	4	5	3	1	1	0	0	40	0	0
47	3	276087	1	9	1	1	1	1	0	0	0	65	0	0
37	4	45937	7	13	1	5	4	1	1	0	0	48	0	1
48	4	102359	7	13	1	8	1	1	0	7688	0	40	0	1
30	0	186824	1	9	1	2	1	1	0	0	0	40	0	1
20	0	203914	13	8	0	4	0	1	1	0	0	25	0	0
30	3	209808	9	16	1	5	1	1	0	0	0	40	0	1
22	0	228516	1	9	0	0	0	1	0	0	0	40	0	0
62	0	49424	7	13	1	5	1	1	0	5178	0	40	0	1
25	0	359067	3	10	0	10	0	1	0	0	0	20	0	0
55	3	340171	1	9	4	6	2	0	0	0	0	40	0	0
19	0	142037	0	7	0	13	0	1	0	0	0	30	0	0
28	1	157437	7	13	0	2	2	1	1	4650	0	48	0	0
47	5	142287	7	13	1	5	1	1	0	0	0	35	0	1
35	5	189794	1	9	1	4	4	1	1	0	0	40	0	0
37	0	258289	1	9	1	12	1	1	0	0	0	40	0	0
19	0	352849	1	9	0	10	5	0	1	0	1719	30	0	0
37	0	162322	11	11	4	6	2	1	1	0	0	40	0	0
24	0	200295	3	10	0	4	2	1	0	0	0	30	0	0
26	2	296372	1	9	3	3	0	1	1	0	0	40	0	0
54	1	190333	1	9	1	2	1	1	0	0	0	40	0	0
40	3	211518	7	13	3	4	3	1	1	0	0	20	0	0
70	0	264098	4	6	2	12	2	1	1	2538	0	40	0	0
43	0	393762	3	10	4	10	2	1	1	0	0	35	0	0
49	1	181970	7	13	1	8	1	1	0	0	0	40	0	0
47	6	110901	5	15	1	5	1	1	0	0	2415	55	0	1
21	0	92863	1	9	0	0	2	1	0	0	0	40	0	0
24	0	111368	3	10	0	7	0	1	1	0	0	40	0	0
45	2	83601	13	8	2	3	3	1	1	0	0	70	0	0
47	0	164682	8	14	3	5	2	1	0	0	0	50	1	0
37	0	166549	3	10	1	10	1	1	0	0	0	50	0	0
24	0	176566	2	12	1	5	4	1	1	3103	0	40	0	1
18	0	201613	0	7	0	10	0	1	1	0	0	5	0	0
27	0	285294	2	12	0	7	5	0	1	0	0	60	0	0
75	0	100301	4	6	2	4	2	1	1	0	0	15	0	0
22	0	120320	1	9	0	7	0	1	1	0	0	40	0	0
29	1	218650	3	10	0	7	2	1	1	0	0	40	0	0
32	0	339482	8	14	0	8	2	1	0	0	0	48	0	0
64	0	301352	1	9	1	6	1	1	0	0	0	40	0	0
41	1	225978	11	11	4	6	3	0	0	0	0	40	0	0
39	0	337778	3	10	3	10	2	1	0	4650	0	40	0	0
49	0	241350	1	9	1	0	1	1	0	5178	0	40	0	1
36	0	266645	13	8	1	0	1	1	0	0	0	42	0	0
18	0	100863	13	8	0	10	0	1	1	0	0	15	0	0
55	1	227386	7	13	1	5	1	1	0	0	0	40	0	1
44	0	315971	8	14	3	4	2	1	1	0	0	55	0	0
20	0	177287	1	9	0	7	2	1	1	0	0	30	0	0
20	0	169022	3	10	0	8	2	1	1	0	0	36	0	0
50	0	205803	9	16	1	5	1	1	0	0	0	40	0	1
22	4	277700	3	10	0	9	0	1	0	0	0	20	0	0
24	3	166371	1	9	0	6	5	1	0	0	0	40	0	0
20	2	295763	3	10	0	3	0	1	1	0	0	40	0	0
75	6	152519	9	16	2	5	2	1	0	25124	0	20	0	1
44	0	438696	7	13	0	10	2	1	0	0	0	45	0	0
41	6	34266	4	6	1	8	1	1	0	0	0	50	0	0
19	0	136391	1	9	0	9	0	1	1	0	0	20	0	0
38	0	435638	3	10	0	6	2	1	0	0	1876	40	0	0
23	0	51973	1	9	0	4	2	0	1	0	0	50	16	0
40	0	109800	1	9	1	13	1	0	0	0	0	40	0	0
41	4	260761	3	10	1	8	1	1	0	0	0	40	0	0
59	0	109015	3	10	0	5	2	1	1	0	0	38	0	1
35	0	272944	7	13	3	12	2	1	0	0	0	40	0	0
35	0	290498	15	1	1	6	1	1	0	0	0	38	4	0
25	0	176864	7	13	0	8	2	1	0	0	0	40	0	0
64	5	169914	7	13	0	8	2	1	1	0	0	40	0	0
55	0	205759	9	16	0	5	2	1	0	0	0	40	0	0
63	0	271075	1	9	1	6	1	1	0	0	0	29	0	0
19	0	239995	0	7	0	10	5	1	0	0	0	16	0	0
27	0	65663	1	9	0	0	0	1	0	0	0	40	0	0
20	2	259865	3	10	0	3	0	1	1	0	0	25	4	0
42	3	34722	1	9	1	10	1	1	0	0	0	60	0	0
37	0	225821	2	12	1	5	1	1	0	0	1485	40	0	1
39	0	191503	10	3	1	0	1	1	0	0	0	40	0	0
46	2	110243	8	14	1	3	1	1	0	0	1977	20	0	1
30	3	227429	1	9	0	8	2	1	0	0	0	45	34	0
52	0	174452	3	10	0	10	2	1	1	0	0	40	0	0
27	0	209085	11	11	1	5	1	1	0	0	0	44	0	1
54	0	192386	3	10	1	5	1	1	0	7298	0	38	0	1
19	2	234877	0	7	0	3	0	1	0	0	0	40	0	0
28	0	320862	3	10	3	10	2	1	1	0	0	40	0	0
22	0	535027	3	10	0	12	3	0	0	0	0	15	0	0
33	0	137421	5	15	1	5	1	2	0	0	0	35	16	0
46	0	195727	1	9	1	6	1	1	0	0	0	42	0	0
49	3	163229	10	3	1	6	1	1	0	0	0	35	0	0
31	0	50753	3	10	1	6	1	1	0	0	0	70	0	0
49	0	173503	13	8	3	4	3	1	1	0	0	45	0	0
17	4	29078	0	7	0	7	0	4	1	0	0	15	0	0
35	0	360743	7	13	0	7	2	0	0	0	0	55	0	0
39	6	142149	2	12	1	8	4	1	1	0	0	20	0	1
26	0	464552	10	3	0	13	2	1	0	0	0	40	4	0
59	0	47444	3	10	1	12	1	1	0	0	0	74	0	1
37	0	24721	3	10	3	4	3	1	1	0	0	25	0	0
53	0	187492	7	13	3	6	2	2	1	0	0	40	8	0
50	0	229318	1	9	1	0	1	0	0	0	0	50	38	0
48	0	358382	1	9	0	4	2	0	0	0	0	52	0	0
60	5	119832	7	13	1	5	1	1	0	0	0	40	0	0
18	0	414166	13	8	0	4	0	0	1	0	0	32	0	0
35	0	147638	1	9	1	7	4	2	1	0	0	40	36	0
26	3	33016	11	11	3	4	3	1	1	0	0	55	0	0
20	2	386962	4	6	0	3	0	1	0	0	0	40	4	0
32	0	39248	7	13	0	9	2	3	0	0	0	40	0	0
69	0	232683	3	10	1	7	1	1	0	0	0	15	40	1
31	3	55912	12	5	0	6	3	1	0	0	0	47	0	0
35	0	113152	1	9	1	0	1	1	0	0	0	40	0	0
65	6	150095	1	9	1	12	1	1	0	0	0	40	0	0
63	0	114424	3	10	4	0	5	0	1	0	0	37	0	0
26	2	408417	3	10	6	3	1	0	0	0	0	38	0	0
29	0	163167	7	13	1	10	1	1	0	0	0	55	0	1
48	0	86009	11	11	1	6	1	1	0	0	0	40	0	1
35	4	316582	1	9	1	4	4	1	1	7298	0	40	0	1
50	3	165219	5	15	1	5	4	1	1	0	0	35	0	1
21	0	99829	3	10	0	10	2	1	1	0	0	25	0	0
47	0	275095	12	5	2	8	3	1	1	0	0	50	0	0
42	0	167650	3	10	1	0	1	1	0	0	0	35	0	0
52	3	141820	4	6	3	4	0	1	1	0	0	27	0	0
29	0	108253	7	13	1	5	4	3	1	0	0	40	0	0
41	0	156526	3	10	4	13	2	1	0	0	0	40	0	0
36	6	185366	3	10	0	10	2	1	0	0	0	50	0	0
43	6	314739	3	10	1	8	1	1	0	0	0	92	0	1
20	0	336101	3	10	0	4	2	1	1	0	0	30	0	0
38	0	49115	1	9	1	12	1	1	0	0	0	55	0	0
35	6	186488	1	9	1	4	1	1	0	0	0	50	12	0
18	2	158826	13	8	0	3	0	0	1	0	0	15	0	0
24	0	218415	0	7	4	13	5	1	1	0	0	40	0	0
27	0	76978	1	9	0	4	0	0	1	0	0	40	0	0
47	0	213408	12	5	3	0	3	1	1	0	0	40	22	0
44	0	181265	2	12	3	6	2	1	0	0	0	50	0	0
18	1	242956	0	7	0	5	0	0	1	0	0	40	0	0
30	0	226696	7	13	1	10	1	1	0	0	0	40	0	1
30	0	186932	3	10	1	10	1	1	0	0	0	75	0	0
50	4	107079	1	9	1	4	1	1	0	0	0	40	0	0
32	0	154950	7	13	1	6	1	1	0	0	0	40	0	0
18	0	48597	0	7	0	4	0	1	1	0	0	20	0	0
40	0	196344	1	9	1	6	1	1	0	0	1887	45	0	1
37	6	152414	5	15	1	5	1	1	0	0	0	60	0	1
61	0	222966	12	5	2	4	3	0	1	0	0	40	0	0
39	3	272671	7	13	1	8	1	1	0	0	0	50	0	1
26	0	235520	7	13	1	7	1	1	0	0	0	40	0	1
30	0	232766	1	9	3	4	3	1	1	0	0	40	0	0
40	0	309990	1	9	4	7	2	1	1	8614	0	60	0	1
40	0	95639	1	9	4	13	3	4	0	0	0	45	0	0
20	2	177161	1	9	0	3	0	3	1	0	0	45	0	0
51	1	133963	1	9	4	7	2	1	1	0	0	35	1	0
45	3	240786	7	13	1	6	1	1	0	0	0	40	0	1
44	1	141186	8	14	3	5	2	1	1	8614	0	35	0	1
65	0	109221	6	4	2	11	2	1	1	0	3175	60	12	0
29	0	337953	11	11	1	10	1	1	0	2885	0	40	0	0
49	5	189762	3	10	3	8	3	1	0	0	0	40	0	0
18	2	40190	13	8	0	3	0	1	1	0	0	40	0	0
66	0	171824	3	10	0	5	2	1	1	0	0	15	0	0
48	0	83545	3	10	1	8	1	1	0	0	0	65	0	1
28	0	142712	2	12	1	10	1	1	0	0	0	37	0	1
19	0	91893	3	10	0	13	0	1	0	0	0	24	0	0
23	0	443701	3	10	0	7	0	0	1	0	0	40	0	0
40	0	438427	3	10	0	10	2	0	1	0	0	40	0	0
53	6	69372	9	16	1	10	1	2	0	0	0	40	17	1
49	0	243190	11	11	3	9	2	1	1	0	0	40	0	0
41	0	109762	1	9	3	12	2	1	0	0	0	45	0	0
22	0	91189	1	9	0	10	0	1	0	0	0	40	0	0
56	4	205805	7	13	1	8	1	1	0	7688	0	40	0	1
48	1	212050	3	10	1	5	1	1	0	0	0	40	0	1
51	0	152652	2	12	1	8	1	1	0	0	0	45	0	0
18	0	157193	13	8	0	4	0	1	0	0	0	30	24	0
32	0	36592	0	7	0	1	3	1	0	0	0	50	0	0
39	0	192664	3	10	3	0	0	1	0	0	0	40	0	0
38	4	99280	3	10	3	7	2	1	1	0	0	30	0	0
54	0	168621	1	9	1	6	1	1	0	0	0	40	0	0
37	0	127048	3	10	1	7	4	1	1	0	0	40	0	0
29	0	167610	1	9	3	0	3	1	1	0	0	40	0	0
36	0	108320	1	9	3	12	0	1	0	0	0	40	0	0
21	0	369643	1	9	0	7	0	1	1	0	0	35	0	0
27	0	232388	1	9	1	7	1	1	0	4386	0	40	0	1
28	0	513719	1	9	4	6	0	1	0	0	0	40	0	0
23	0	27073	3	10	0	7	3	3	1	0	0	40	0	0
54	0	105428	1	9	1	6	1	1	0	0	0	40	0	0
36	0	167284	11	11	3	6	2	1	0	0	0	40	0	0
22	0	320615	6	4	0	6	0	1	0	0	0	35	0	0
27	1	47284	1	9	0	2	2	0	0	0	0	40	0	0
42	0	45156	3	10	1	6	1	1	0	0	0	40	0	1
46	0	166269	3	10	3	10	3	1	0	0	0	50	0	0
28	4	236418	3	10	0	8	2	0	0	0	0	40	0	0
21	0	311478	1	9	0	13	0	0	0	0	0	45	0	0
50	0	256908	9	16	1	10	1	1	0	0	0	50	0	1
20	0	256796	1	9	0	7	0	0	1	0	0	40	0	0
27	0	168138	1	9	0	0	2	1	0	0	0	40	0	0
23	0	244413	13	8	1	6	1	0	0	0	0	30	33	0
66	2	52728	7	13	1	3	1	1	0	0	0	10	0	0
23	2	223019	3	10	0	3	0	1	1	0	0	35	0	0
23	0	215443	3	10	0	4	2	1	0	0	0	70	0	0
41	0	99665	12	5	1	9	4	1	1	0	0	80	0	0
39	0	243485	1	9	1	13	1	1	0	0	0	45	0	0
38	0	169872	1	9	4	7	3	1	1	3887	0	45	0	0
46	0	116338	8	14	0	5	2	1	1	0	0	40	0	0
29	0	109989	1	9	0	10	2	1	0	0	0	40	0	0
35	0	144401	7	13	1	5	4	2	1	0	0	40	8	1
23	1	199555	1	9	0	6	0	1	0	0	1590	40	0	0
33	3	105229	7	13	1	8	1	1	0	0	0	40	0	0
31	0	185216	7	13	1	8	1	1	0	0	0	40	0	1
52	0	155278	1	9	1	12	1	1	0	0	0	40	0	0
28	0	371408	7	13	0	5	2	1	0	0	0	47	0	0
56	0	177271	8	14	1	8	1	1	0	0	0	50	0	1
38	0	234891	3	10	3	13	2	4	1	0	0	40	0	0
21	0	356286	1	9	0	4	2	0	0	0	0	40	0	0
60	2	225894	15	1	2	3	2	1	1	0	0	40	3	0
19	0	181781	0	7	0	4	0	1	1	0	0	28	0	0
23	0	197756	3	10	1	10	4	1	1	0	0	35	0	0
69	1	216269	2	12	2	7	3	1	1	0	0	40	0	0
50	0	33931	1	9	3	6	2	1	0	0	0	40	0	0
46	0	151584	7	13	1	10	1	1	0	0	0	30	0	1
53	0	286085	3	10	2	10	2	1	1	0	0	40	0	0
56	3	111385	7	13	1	5	1	1	0	0	0	45	0	0
35	0	280966	7	13	0	10	2	1	0	0	0	40	0	0
30	0	221178	1	9	4	4	5	1	0	0	0	28	0	0
60	0	74422	10	3	1	1	1	1	0	0	0	44	4	0
21	0	103031	3	10	1	5	1	1	0	0	0	20	0	0
46	5	209739	4	6	1	1	1	1	0	0	0	38	0	0
23	5	112137	7	13	0	5	2	3	1	0	0	40	25	0
26	0	138537	0	7	0	8	2	0	0	0	0	50	0	0
72	0	135378	6	4	2	4	3	0	1	0	0	20	0	0
48	0	175006	14	2	4	0	5	0	0	0	0	48	0	0
26	0	182194	2	12	0	4	2	1	1	0	0	40	0	0
20	0	194686	3	10	0	13	5	1	0	0	0	15	0	0
27	0	70034	3	10	0	4	2	1	0	0	0	40	0	0
53	4	439263	7	13	1	7	1	0	0	0	0	40	0	1
72	0	74749	1	9	1	10	4	1	1	0	0	17	0	0
26	0	231638	8	14	0	5	2	1	1	0	0	40	0	0
50	0	197623	1	9	3	4	2	1	1	0	0	32	0	0
22	2	148409	3	10	0	3	0	1	0	0	1721	40	0	0
17	2	40299	4	6	0	3	2	1	1	0	0	30	0	0
46	3	96260	7	13	3	8	2	1	0	0	0	20	0	0
47	3	62143	8	14	1	8	4	1	1	15024	0	40	0	1
22	0	193027	1	9	5	10	3	1	1	0	0	30	0	0
24	2	334105	0	7	0	3	2	1	1	0	0	30	0	0
46	0	31411	0	7	1	4	4	1	1	0	0	40	1	0
60	0	140516	3	10	2	8	2	1	1	0	0	40	0	0
51	0	155963	12	5	3	12	0	1	0	0	0	40	0	0
58	3	119891	8	14	1	0	1	1	0	0	0	35	0	1
32	0	206609	1	9	0	6	0	1	0	0	0	40	0	0
41	0	425444	7	13	1	5	4	1	1	15024	0	50	0	1
52	0	114674	7	13	1	5	1	1	0	0	0	52	0	1
54	4	57679	1	9	0	7	3	0	0	0	0	40	0	0
48	0	213140	2	12	1	10	1	1	0	0	0	60	0	1
52	1	295494	11	11	0	7	2	0	1	0	0	40	0	0
46	0	182862	7	13	1	8	1	1	0	0	0	32	0	0
50	0	178529	0	7	3	2	2	1	1	0	0	40	0	0
36	0	214031	4	6	1	12	1	1	0	0	0	80	0	0
17	0	350538	4	6	0	4	2	1	0	0	0	25	0	0
29	0	238073	3	10	0	0	5	1	0	0	0	40	15	0
29	0	194640	1	9	0	6	0	1	0	0	0	40	0	0
39	3	139770	8	14	1	8	4	1	1	0	0	30	0	1
21	0	164177	1	9	1	6	1	1	0	0	0	40	0	0
62	0	99470	1	9	1	8	1	1	0	0	0	45	0	1
61	0	359367	3	10	3	8	2	1	1	0	0	40	0	0
72	1	45612	2	12	3	5	3	0	1	0	0	16	0	0
33	0	127651	7	13	1	8	1	1	0	0	0	55	0	1
34	0	193132	1	9	3	0	2	1	1	0	0	50	0	0
26	1	314798	3	10	0	2	2	1	0	0	0	60	0	1
33	0	108438	3	10	1	8	1	1	0	0	0	60	0	1
41	0	165815	1	9	1	6	1	1	0	0	0	40	0	1
18	2	136172	0	7	0	3	0	1	0	0	0	35	0	0
24	0	127159	3	10	0	4	5	1	1	0	0	24	1	0
18	2	220168	3	10	0	3	0	1	0	0	0	16	0	0
55	0	127677	3	10	1	12	1	1	0	0	0	60	0	0
42	0	119941	1	9	3	8	2	1	1	0	0	40	0	0
32	0	93699	1	9	2	0	3	1	1	0	0	40	0	0
46	4	196649	1	9	3	7	3	1	0	0	0	40	0	0
18	0	332763	1	9	0	8	5	1	1	0	0	40	0	0
36	0	158363	1	9	0	0	2	1	0	0	0	50	0	0
38	0	249039	2	12	1	9	1	1	0	3103	0	40	0	1
39	0	454585	10	3	1	1	1	1	0	0	0	54	4	0
31	0	121321	1	9	1	1	1	1	0	0	0	40	0	0
40	0	229148	1	9	3	6	2	0	0	0	0	40	0	0
18	0	221284	1	9	0	10	0	1	0	0	0	64	0	0
38	0	428251	3	10	0	6	3	1	0	0	0	40	0	0
47	6	77660	3	10	1	8	1	1	0	15024	0	50	0	1
21	0	139722	1	9	0	6	2	1	0	0	0	40	12	0
33	5	171151	1	9	0	7	2	0	1	0	0	40	0	0
51	0	94819	8	14	1	10	1	1	0	0	0	30	0	0
44	0	214546	3	10	1	12	1	1	0	0	0	48	0	1
45	6	190482	1	9	1	6	1	1	0	0	0	45	0	0
22	0	283029	12	5	0	6	0	1	0	0	0	54	0	0
48	2	142719	1	9	1	3	1	1	0	0	0	48	0	1
40	0	244172	10	3	1	6	1	1	0	0	0	40	0	0
26	1	120238	11	11	0	7	3	1	0	0	0	40	0	0
29	0	66095	3	10	1	9	1	1	0	0	0	50	0	0
46	0	129232	7	13	1	10	1	1	0	0	0	55	0	1
41	0	44121	3	10	1	4	4	1	1	0	0	40	0	0
31	0	243678	3	10	0	8	2	1	1	0	0	40	0	0
34	0	118786	7	13	0	10	2	1	0	0	0	20	0	0
39	3	176900	1	9	1	4	1	1	0	0	0	50	0	1
50	0	155574	2	12	1	12	1	1	0	0	0	55	0	1
41	0	76625	2	12	1	5	1	1	0	0	0	40	0	1
18	0	192254	3	10	0	10	5	1	1	0	0	15	0	0
35	0	238802	1	9	0	4	0	1	0	0	0	20	0	0
22	0	247731	3	10	0	7	0	1	1	0	0	40	0	0
18	0	397606	1	9	0	6	0	1	0	0	0	40	0	0
23	2	370057	3	10	0	3	3	1	1	0	0	40	0	0
62	2	190873	7	13	1	3	4	1	1	0	0	40	0	0
50	1	145879	8	14	1	5	1	1	0	7688	0	40	0	1
52	0	618130	1	9	3	4	0	0	1	0	0	40	0	0
24	0	542762	7	13	0	10	5	0	0	0	0	50	0	0
31	0	144124	3	10	3	5	2	1	1	0	0	40	0	0
28	0	190539	7	13	0	5	2	1	0	0	0	50	0	0
33	0	92462	2	12	0	10	3	0	0	0	0	32	0	0
48	0	129974	7	13	3	8	2	1	1	0	0	40	0	0
62	5	254890	1	9	1	7	1	1	0	0	0	40	0	0
51	0	261207	1	9	1	4	1	1	0	0	0	40	22	1
39	6	206362	11	11	1	6	1	1	0	0	0	40	0	0
51	0	27804	3	10	3	11	3	4	1	0	0	35	0	0
57	3	771836	2	12	3	5	3	1	0	0	0	40	0	0
29	0	101108	1	9	3	4	2	1	1	0	0	15	0	0
49	0	255466	3	10	3	7	2	1	1	0	0	43	0	0
30	1	204494	3	10	1	6	1	1	0	3137	0	70	7	0
53	0	271918	12	5	1	12	1	0	0	0	0	40	0	0
17	0	152619	13	8	0	4	0	1	0	0	0	20	0	0
59	0	107318	1	9	1	12	1	1	0	0	0	50	0	0
23	0	130773	7	13	0	8	3	1	0	0	0	40	0	0
20	2	117210	3	10	0	3	0	1	0	0	0	40	0	0
48	0	148549	2	12	1	0	1	1	0	0	0	50	0	0
64	0	181530	5	15	1	5	1	1	0	0	0	40	0	1
37	0	365739	2	12	1	9	1	1	0	0	0	40	0	1
54	1	182429	1	9	2	12	3	1	1	0	0	38	0	0
41	0	381510	3	10	0	4	0	1	0	0	0	50	0	0
45	3	116789	1	9	1	6	1	1	0	0	0	60	0	0
36	6	196554	1	9	1	6	1	1	0	0	0	46	0	1
27	0	335878	2	12	1	12	1	0	0	0	0	45	0	0
25	0	184120	7	13	0	8	2	1	0	0	0	45	0	0
39	0	260084	3	10	3	7	3	1	1	0	0	24	0	0
44	0	160369	1	9	1	6	1	1	0	0	0	60	0	0
22	0	164901	0	7	0	6	5	1	0	0	0	40	0	0
21	2	96844	1	9	1	3	5	1	1	0	0	40	0	0
56	0	124566	10	3	3	0	2	1	1	0	0	40	0	0
30	0	473133	3	10	1	10	1	1	0	0	0	50	0	0
44	0	335223	1	9	1	13	1	1	0	0	0	40	0	1
53	0	380086	1	9	1	8	1	1	0	7688	0	48	0	1
32	0	198265	14	2	0	8	0	1	0	0	0	21	0	0
33	2	32207	1	9	3	3	2	1	0	0	0	75	0	0
60	0	288684	10	3	3	0	3	1	0	0	0	40	0	0
35	0	302604	11	11	1	7	4	1	1	0	0	40	0	1
58	0	170290	1	9	3	4	2	1	0	0	0	35	0	0
53	6	195398	3	10	1	10	1	1	0	0	1887	48	25	1
54	1	256923	3	10	1	8	4	1	1	0	0	40	0	1
26	0	464552	12	5	0	13	0	1	0	0	0	45	4	0
27	0	112754	3	10	1	0	1	0	0	0	0	56	0	0
59	0	176118	8	14	1	5	1	1	0	0	0	7	0	1
63	2	316627	4	6	1	3	1	1	0	0	0	10	0	0
70	0	146628	1	9	1	12	1	1	0	3471	0	33	0	0
26	0	108822	1	9	0	12	3	1	0	0	0	40	0	0
28	0	208608	1	9	1	7	4	1	1	0	0	30	0	0
22	0	317019	0	7	4	4	3	1	1	0	0	20	0	0
24	0	250978	3	10	0	12	2	0	0	0	0	75	0	0
46	0	224559	1	9	1	12	1	0	0	0	0	40	0	1
56	5	138593	2	12	3	5	2	1	1	0	0	40	0	0
37	0	175614	4	6	0	4	3	1	1	0	0	40	0	0
24	0	396099	3	10	0	7	2	1	1	0	0	40	0	0
39	0	122493	1	9	1	6	1	1	0	7298	0	40	0	1
53	1	182677	7	13	1	2	1	2	0	0	0	50	8	0
57	5	247624	8	14	1	8	1	1	0	0	0	40	0	1
36	0	210458	1	9	1	8	1	1	0	0	0	60	4	0
25	0	91639	7	13	0	10	2	1	1	0	0	45	0	0
29	0	334096	1	9	0	13	2	1	1	0	0	25	0	0
21	2	183945	3	10	0	3	0	1	1	0	0	35	0	0
47	0	78022	2	12	1	10	1	1	0	0	0	50	0	0
51	6	318351	1	9	3	7	2	1	1	0	1741	40	0	0
23	0	233280	7	13	3	7	2	1	1	8614	0	70	0	1
22	0	100188	3	10	0	5	0	1	1	0	0	20	0	0
29	0	85572	7	13	0	8	5	1	1	0	0	40	0	0
50	3	61735	3	10	1	4	1	1	0	0	0	25	0	1
23	0	206827	2	12	0	5	2	1	1	0	0	50	0	0
21	0	210053	3	10	0	7	0	1	1	0	0	40	0	0
38	1	172016	7	13	3	5	0	0	1	0	0	40	0	0
19	2	138153	3	10	0	3	0	1	1	0	0	40	0	0
31	2	183855	0	7	0	3	3	1	1	0	0	20	0	0
30	0	188362	1	9	1	8	1	1	0	5178	0	40	0	1
42	0	191429	1	9	1	10	1	1	0	15024	0	60	0	1
52	0	357596	1	9	3	7	3	1	0	0	0	40	0	0
25	1	278404	7	13	0	8	2	1	0	0	0	40	0	0
20	0	180339	1	9	0	4	5	1	1	0	0	35	0	0
43	0	355431	3	10	3	13	2	0	0	0	0	40	0	0
33	0	223212	3	10	0	13	5	1	0	0	0	40	4	0
34	0	116371	1	9	3	4	2	1	1	0	0	38	0	0
41	2	199018	3	10	3	3	2	1	0	0	1504	40	0	0
43	0	435266	9	16	4	8	2	1	1	14084	0	60	0	1
61	0	345697	1	9	1	5	1	1	0	3103	0	40	0	1
49	0	253973	4	6	0	8	2	1	1	0	0	40	0	0
42	2	191149	7	13	1	3	4	1	1	0	0	28	0	1
42	0	197344	1	9	1	4	1	1	0	0	0	45	0	0
23	0	437161	3	10	0	4	3	0	1	0	0	40	0	0
72	2	94268	1	9	1	3	1	1	0	0	0	8	0	0
50	6	207841	3	10	1	8	1	1	0	7298	0	45	0	1
34	0	46492	1	9	1	6	1	1	0	0	0	50	0	1
47	5	190325	3	10	3	9	3	0	1	0	0	48	0	0
48	0	158944	1	9	2	6	2	1	1	0	0	60	0	1
37	0	228598	3	10	1	13	1	3	0	0	0	40	4	0
23	0	349156	1	9	0	1	2	1	0	0	0	45	0	0
17	2	246974	13	8	0	3	0	1	0	0	0	30	0	0
66	0	386120	0	7	1	4	1	1	0	10605	0	40	0	1
26	0	220678	10	3	0	13	0	0	1	0	0	40	5	0
41	0	462964	1	9	3	8	2	1	0	2174	0	50	0	0
19	0	158603	1	9	0	13	2	0	0	0	0	37	0	0
26	2	167261	1	9	3	3	2	1	1	0	0	15	0	0
34	0	412933	13	8	1	12	1	0	0	0	0	55	0	0
59	1	167027	3	10	2	7	2	1	1	0	0	40	0	0
24	0	194829	1	9	1	6	1	1	0	0	0	45	0	1
47	0	145636	11	11	1	13	1	1	0	0	0	48	0	1
57	2	123632	7	13	0	3	2	0	1	0	0	35	0	0
49	0	27614	1	9	4	0	2	1	1	0	0	40	0	0
25	0	324854	7	13	0	10	2	1	1	0	0	40	0	0
37	0	22245	3	10	3	10	2	1	0	0	0	40	39	0
31	0	101352	7	13	0	8	0	1	1	0	0	40	0	0
39	2	238721	7	13	3	3	0	0	1	0	0	40	0	0
22	0	289982	0	7	0	4	2	1	1	0	0	40	0	0
23	0	399449	0	7	0	4	0	1	1	0	0	40	0	0
39	2	142804	1	9	3	3	3	1	1	0	0	16	0	0
26	0	121427	7	13	0	8	0	1	1	0	0	40	0	0
41	0	230959	7	13	0	7	0	2	1	0	0	40	8	0
42	0	191342	8	14	1	5	1	2	0	0	0	40	23	1
64	0	285610	0	7	3	0	2	1	1	0	0	40	0	0
25	0	207369	3	10	0	8	0	1	1	0	0	40	0	0
25	4	80485	8	14	3	8	2	1	1	0	0	40	0	0
41	5	33474	7	13	1	5	1	1	0	0	0	50	0	0
45	0	173658	3	10	4	10	3	1	1	0	0	35	0	0
36	1	202207	1	9	5	2	2	1	0	0	0	69	7	1
36	0	174242	5	15	1	5	1	1	0	7298	0	50	0	1
22	0	349212	3	10	0	4	0	1	1	0	0	20	0	0
17	2	54978	6	4	0	3	0	1	1	0	0	15	0	0
25	5	81993	7	13	0	5	0	1	0	0	0	46	0	0
47	0	311395	3	10	3	0	2	0	0	0	0	40	0	0
18	2	149017	13	8	0	3	0	1	0	0	0	10	0	0
34	3	156532	6	4	3	1	2	1	0	0	0	50	0	0
44	0	53470	7	13	3	4	0	1	1	0	0	40	0	0
27	0	212578	11	11	1	6	1	1	0	0	1740	40	0	0
25	0	227465	1	9	0	6	0	1	0	0	0	40	0	0
38	0	423605	1	9	1	6	1	1	0	0	0	40	11	0
48	0	149337	2	12	5	6	2	1	0	0	0	55	0	0
27	5	38353	8	14	0	5	2	1	0	0	0	40	0	0
30	1	325385	8	14	0	5	2	1	0	0	0	50	0	0
17	0	196252	4	6	0	4	0	1	0	0	0	16	0	0
35	0	110538	1	9	1	4	1	1	0	0	0	55	0	0
75	0	71385	1	9	3	13	2	1	1	0	0	20	0	0
34	0	178449	3	10	1	8	1	1	0	3103	0	45	0	1
28	4	366533	3	10	0	7	2	1	1	0	0	40	0	0
38	0	336326	0	7	0	6	3	1	0	1151	0	40	0	0
23	0	335439	7	13	0	10	2	1	1	0	1741	50	0	0
40	0	184471	3	10	3	0	2	1	0	0	0	40	0	0
37	4	133526	7	13	1	7	1	1	0	0	0	40	0	0
18	0	618808	3	10	0	7	0	1	1	0	0	40	0	0
22	0	408385	4	6	0	13	0	1	0	0	0	40	0	0
31	0	156192	3	10	1	6	1	1	0	0	0	40	0	1
39	0	126569	3	10	1	7	1	1	0	0	0	40	0	1
40	0	300773	2	12	3	9	2	1	1	0	0	40	0	0
31	0	152109	1	9	0	8	2	1	0	0	0	50	0	0
19	0	260275	0	7	4	6	0	0	0	0	0	40	0	0
17	0	209650	13	8	0	4	0	1	0	0	0	20	0	0
73	0	573446	3	10	1	5	1	1	0	0	0	15	0	0
41	0	253189	3	10	1	6	1	1	0	0	0	40	0	0
37	0	200426	3	10	0	4	2	1	1	0	0	18	0	0
24	0	109667	8	14	0	7	0	1	0	0	0	15	0	0
41	2	173651	2	12	1	3	1	1	0	0	0	99	0	0
34	1	432204	2	12	1	4	1	1	0	0	0	80	0	0
28	0	252013	3	10	0	7	3	1	1	0	0	45	16	0
68	2	461484	3	10	1	3	1	1	0	0	1648	10	0	1
19	0	191889	1	9	0	6	0	1	0	0	0	25	0	0
42	0	112507	13	8	1	12	1	1	0	0	0	30	0	0
36	0	224531	1	9	1	6	1	1	0	0	0	40	19	1
24	2	83783	6	4	0	3	2	1	1	0	0	25	0	0
46	3	346783	5	15	1	5	1	1	0	15024	0	35	22	1
48	4	72896	1	9	1	13	1	1	0	0	0	40	0	0
37	0	171393	1	9	1	10	1	1	0	0	1740	40	0	0
27	0	294931	1	9	0	0	3	1	0	0	0	40	7	0
26	0	198986	1	9	0	6	5	1	0	0	0	40	0	0
19	2	264767	1	9	0	3	0	1	0	0	0	40	0	0
55	3	225623	3	10	1	1	1	1	0	0	0	40	0	0
17	2	48610	1	9	0	3	0	1	0	0	0	14	0	0
57	0	113974	1	9	3	7	3	1	1	0	0	40	0	0
43	0	334991	7	13	1	10	1	1	0	0	0	50	0	1
24	0	362059	13	8	0	6	0	1	0	0	0	32	0	0
37	0	389725	1	9	1	0	1	1	0	7298	0	40	0	1
25	0	330774	12	5	1	0	1	1	0	0	0	40	0	0
33	0	149910	1	9	1	0	4	0	1	0	0	40	0	0
49	6	99401	3	10	1	8	1	1	0	0	0	45	0	0
22	0	104266	3	10	0	10	0	1	1	0	0	20	0	0
21	0	136440	3	10	0	10	0	2	1	0	0	15	14	0
84	0	65478	1	9	2	11	2	1	1	0	0	40	21	0
24	0	56121	10	3	1	1	1	1	0	0	0	60	4	0
44	0	143939	3	10	4	7	3	1	1	0	0	40	0	0
44	0	231853	1	9	1	13	1	0	0	0	1902	40	0	1
20	0	267706	1	9	0	10	3	1	1	0	0	38	0	0
37	0	328301	3	10	0	9	3	1	1	4934	0	60	0	1
30	0	36340	0	7	3	4	3	1	1	0	0	35	0	0
19	0	112780	3	10	0	10	0	1	1	0	0	20	0	0
51	0	113045	8	14	2	8	3	1	0	15020	0	40	0	1
52	0	196504	6	4	1	13	1	1	0	0	0	40	0	0
50	5	136216	1	9	2	4	2	1	1	0	0	37	0	0
34	1	158242	7	13	0	8	2	1	1	0	0	43	0	0
53	0	180062	6	4	1	6	1	1	0	0	0	40	0	0
39	0	206888	3	10	3	7	2	1	1	0	0	40	0	0
40	0	77370	1	9	1	6	1	1	0	0	0	40	0	1
49	3	349151	1	9	1	8	1	1	0	3411	0	40	0	0
52	0	113843	3	10	3	4	3	1	1	0	0	45	0	0
48	5	176917	3	10	1	2	1	1	0	0	0	40	0	1
58	2	226078	0	7	3	3	3	0	1	0	0	32	0	0
30	1	177828	7	13	4	5	2	1	0	0	0	40	0	0
44	0	137304	1	9	2	0	2	0	1	0	0	40	0	0
35	0	138441	7	13	1	8	1	1	0	0	0	40	0	1
46	0	30840	7	13	1	8	1	1	0	0	0	50	0	1
42	0	149546	3	10	3	6	3	1	0	0	0	30	0	0
29	0	145182	1	9	0	2	0	0	1	0	0	20	0	0
25	1	270379	1	9	0	7	2	0	1	0	0	40	0	0
18	6	378036	13	8	0	1	0	1	0	0	0	10	0	0
19	0	118535	3	10	0	4	0	1	1	0	0	20	0	0
19	0	239057	1	9	0	6	0	1	0	0	0	40	0	0
80	0	107740	1	9	2	13	2	1	0	0	0	30	0	0
61	0	194804	15	1	4	12	2	0	0	14344	0	40	0	1
46	3	225065	7	13	4	4	3	1	1	0	0	45	28	0
27	0	165412	1	9	0	7	0	1	0	0	0	20	0	0
26	0	211199	4	6	0	6	2	1	0	0	0	40	0	0
50	5	172962	1	9	1	13	1	1	0	0	0	40	0	0
59	0	190748	1	9	1	7	4	1	1	0	0	40	0	0
38	4	455379	13	8	1	2	1	1	0	0	0	56	0	1
28	0	112917	11	11	1	9	1	3	0	0	0	40	4	0
34	0	299383	1	9	0	6	2	0	0	0	0	40	0	0
36	0	22245	1	9	1	10	1	1	0	0	0	40	0	1
23	0	49683	3	10	0	13	0	1	0	0	0	25	0	0
65	1	32846	3	10	3	7	2	1	1	2964	0	35	0	0
35	0	46947	3	10	3	7	2	1	1	0	0	45	0	0
65	0	165609	1	9	1	4	1	1	0	0	0	32	0	0
39	0	226894	1	9	1	13	1	0	0	0	0	40	0	0
35	0	143231	11	11	1	7	1	1	0	0	0	44	0	1
33	0	173730	11	11	1	0	1	1	0	0	0	40	0	0
32	0	259425	3	10	3	6	2	1	0	0	0	40	0	0
36	0	168747	7	13	0	12	2	1	0	0	0	40	0	0
18	2	210652	1	9	0	3	0	1	0	0	0	15	0	0
25	0	40915	7	13	0	5	2	1	1	0	0	40	0	0
32	0	180303	3	10	1	8	1	2	0	0	0	70	14	0
49	0	182541	4	6	1	13	1	1	0	0	1485	40	0	1
29	0	67306	1	9	0	7	3	4	1	0	0	40	0	0
20	2	38032	1	9	0	3	2	1	1	0	0	40	0	0
44	4	257395	3	10	1	5	1	1	0	0	0	40	0	1
29	0	29261	11	11	0	0	2	1	0	0	0	50	0	0
19	0	205977	3	10	1	7	5	1	1	0	0	20	0	0
22	2	216639	3	10	0	3	2	1	1	0	1974	40	0	0
17	0	134768	0	7	0	10	0	1	1	0	0	20	0	0
49	0	32184	1	9	3	10	2	1	1	0	0	36	0	0
23	0	138037	7	13	0	5	0	1	0	0	1590	50	0	0
49	0	174426	3	10	1	10	1	1	0	0	1977	50	0	1
45	0	50162	3	10	1	8	1	1	0	0	0	40	0	0
49	4	193998	3	10	0	6	2	0	0	0	0	40	0	0
47	3	187901	5	15	1	5	1	1	0	0	0	50	0	1
56	0	82050	0	7	1	0	1	1	0	7298	0	40	0	1
18	2	20057	3	10	0	3	2	2	1	0	0	16	0	0
35	0	144200	1	9	0	13	5	3	0	0	0	25	15	0
80	3	29441	6	4	5	1	3	1	0	0	0	15	0	0
65	0	195695	1	9	3	7	2	1	1	0	0	40	0	0
51	0	274502	3	10	2	4	3	1	1	0	0	25	0	0
76	2	239900	1	9	3	3	2	1	1	0	0	3	0	0
22	0	191954	11	11	0	10	0	1	0	0	0	45	0	0
33	0	172304	11	11	1	6	1	1	0	0	0	50	0	1
44	1	174575	8	14	1	5	1	1	0	7688	0	40	0	1
20	0	325744	3	10	0	10	5	1	0	0	0	40	0	0
43	0	26252	3	10	4	4	3	4	1	0	0	36	0	0
57	0	176904	0	7	1	13	1	1	0	0	0	40	0	0
37	3	504871	3	10	1	6	1	1	0	0	0	40	0	0
28	3	141702	1	9	0	10	2	1	0	0	0	60	0	0
30	0	399088	7	13	3	5	3	1	1	0	0	50	0	0
32	1	409282	1	9	1	6	1	1	0	0	0	40	0	0
59	0	532969	1	9	1	4	5	1	0	0	0	40	28	0
21	2	213366	3	10	0	3	0	1	1	0	0	38	0	0
36	0	188888	13	8	0	13	0	1	0	0	0	40	0	0
38	0	24126	3	10	3	8	2	1	1	0	0	40	0	0
61	3	151369	8	14	1	5	1	1	0	99999	0	30	0	1
18	0	115759	1	9	0	10	2	1	1	0	0	35	0	0
59	6	171355	8	14	3	5	3	1	0	0	0	55	0	0
18	0	310175	13	8	0	4	0	1	1	0	0	12	0	0
44	0	216116	1	9	3	7	3	0	1	0	0	40	32	0
23	0	204141	3	10	0	7	0	1	0	0	0	40	0	0
44	0	212894	4	6	1	0	1	1	0	0	0	40	37	0
49	0	120121	9	16	1	5	1	1	0	7688	0	45	0	1
59	3	190997	4	6	1	8	1	1	0	0	0	36	0	0
36	0	224566	7	13	0	5	2	1	0	99999	0	45	0	1
30	0	235847	7	13	0	4	0	1	1	0	0	24	0	0
56	2	124319	8	14	1	3	1	1	0	0	0	40	0	1
27	0	193807	1	9	0	6	2	1	0	0	1741	40	0	0
69	3	215926	6	4	1	4	1	1	0	0	0	35	0	0
19	2	455665	1	9	0	3	0	1	0	0	0	44	0	0
36	0	36423	3	10	1	7	1	1	0	0	0	60	0	0
42	0	32878	7	13	1	5	1	1	0	99999	0	42	0	1
25	0	96862	1	9	0	7	0	1	1	2174	0	40	0	0
17	0	187879	12	5	0	4	2	1	0	0	0	50	0	0
40	1	36296	7	13	1	5	1	1	0	0	0	50	0	1
40	0	75615	1	9	1	10	1	0	0	0	0	43	0	0
17	0	168807	4	6	0	4	0	1	0	0	0	25	0	0
24	5	161783	7	13	0	12	2	0	0	0	0	40	1	0
40	5	13492	1	9	1	2	1	4	0	0	0	84	0	0
65	0	119769	1	9	2	11	3	0	1	0	0	20	0	0
38	0	313914	7	13	4	1	3	1	1	0	0	45	0	0
33	0	172584	1	9	0	7	2	1	1	0	1590	50	0	0
28	0	112425	7	13	3	9	2	1	1	0	0	40	0	0
22	0	157783	1	9	1	4	1	2	0	0	0	35	13	0
34	0	356882	1	9	1	9	1	1	0	0	0	40	0	0
61	0	156852	11	11	2	9	3	1	1	0	0	8	0	0
63	3	175177	5	15	1	5	1	1	0	0	0	35	0	1
28	0	425127	12	5	1	4	5	1	1	0	0	35	0	0
30	1	99761	11	11	3	7	0	1	1	0	0	40	0	0
36	0	272950	7	13	1	10	1	1	0	0	0	50	0	1
43	3	174295	0	7	1	4	1	1	0	0	0	40	0	0
24	1	157678	1	9	5	0	3	1	1	2036	0	42	0	0
52	0	186224	1	9	1	12	1	1	0	0	0	40	0	0
17	0	142587	0	7	0	10	0	1	1	0	0	10	0	0
46	0	131091	8	14	1	8	1	1	0	0	0	50	0	1
43	3	71269	7	13	1	10	1	1	0	0	0	40	0	1
54	0	311551	3	10	3	8	3	1	0	0	0	60	0	0
22	6	171041	7	13	0	13	0	1	0	0	0	40	0	0
42	3	140915	1	9	1	10	1	2	0	0	0	60	14	0
46	0	41223	3	10	1	7	1	1	0	0	0	40	0	1
46	6	292569	7	13	1	9	1	1	0	7298	0	65	0	1
44	0	132921	2	12	0	5	2	1	1	0	0	36	0	0
59	6	177271	5	15	1	8	1	1	0	99999	0	84	0	1
58	6	314482	1	9	1	8	1	1	0	0	0	40	0	1
36	0	310531	4	6	4	13	3	0	0	0	0	40	0	0
29	0	145490	0	7	1	4	1	1	0	0	0	40	0	0
61	0	181200	1	9	3	12	2	1	0	0	1564	40	0	1
29	0	152951	5	15	1	5	1	1	0	0	0	50	25	1
40	0	85668	6	4	1	6	1	1	0	0	0	60	0	0
30	0	316606	7	13	0	5	2	1	1	0	2339	50	0	0
38	0	220694	8	14	1	8	1	1	0	0	0	50	0	1
24	0	408585	6	4	1	1	0	1	1	0	0	45	4	0
42	4	36699	3	10	1	7	1	1	0	0	0	40	0	0
50	0	104280	3	10	1	4	1	1	0	0	0	40	0	1
29	0	97254	0	7	0	10	2	4	0	4101	0	40	0	0
35	0	186420	7	13	0	8	2	1	1	0	0	55	0	0
44	0	112482	8	14	1	8	1	1	0	0	0	55	0	1
54	0	317733	9	16	2	9	3	1	0	0	2472	40	0	1
56	0	235136	6	4	1	7	1	1	0	0	0	40	5	0
29	0	229729	7	13	1	4	1	1	0	0	0	40	0	0
66	0	46677	3	10	2	4	3	0	1	0	0	20	0	0
48	4	277946	3	10	1	6	1	1	0	0	0	40	0	1
46	0	263727	3	10	1	8	1	1	0	0	0	60	0	1
32	0	74501	8	14	0	10	0	1	1	0	0	50	0	0
34	0	143776	8	14	0	5	2	0	0	0	0	45	1	1
69	0	179130	1	9	3	10	5	1	1	0	0	38	0	0
23	5	386568	3	10	4	5	2	1	1	0	0	20	0	0
22	0	413110	1	9	0	4	5	0	1	0	0	15	0	0
45	0	72618	11	11	3	8	2	1	0	0	0	60	0	0
45	0	102288	3	10	3	7	2	1	1	0	0	40	0	0
47	3	321851	11	11	4	8	3	1	1	0	0	40	0	0
32	0	180871	0	7	1	6	1	1	0	0	0	40	0	1
25	0	124483	7	13	0	5	2	2	0	0	0	50	17	0
43	0	72791	3	10	1	6	1	0	0	5178	0	40	0	1
47	5	263215	7	13	1	7	1	1	0	0	0	80	0	0
34	1	207668	8	14	1	5	1	1	0	0	0	41	0	1
30	0	198953	7	13	0	8	2	0	1	0	0	40	0	0
48	0	38819	8	14	1	5	1	1	0	0	0	75	0	0
43	0	107306	3	10	3	6	2	1	0	0	0	55	25	0
20	0	161962	3	10	0	7	0	1	1	0	0	16	0	0
83	0	192305	3	10	3	5	3	1	1	0	0	20	0	0
42	0	449925	7	13	0	10	2	1	0	0	0	40	0	1
42	1	131167	8	14	0	5	2	1	1	0	0	45	0	0
30	1	268482	3	10	0	6	0	1	0	0	0	40	0	0
34	5	103642	1	9	1	4	1	1	0	0	1651	40	0	0
43	0	201723	1	9	1	4	1	1	0	0	0	40	0	0
53	0	186224	11	11	0	8	2	1	0	0	0	35	0	0
39	3	139703	3	10	0	5	2	0	1	0	0	48	0	1
33	0	397995	7	13	0	5	2	1	0	0	0	40	0	0
52	0	259323	1	9	1	6	1	1	0	0	0	40	0	1
18	5	427515	1	9	0	7	0	0	1	0	0	20	0	0
21	2	187937	3	10	0	3	5	1	1	0	0	52	0	0
34	0	177437	4	6	1	12	1	1	0	0	0	60	0	0
32	0	162442	7	13	0	8	2	1	1	0	0	60	0	0
48	0	83407	8	14	1	5	1	1	0	0	0	50	0	1
61	2	265201	3	10	1	3	1	1	0	0	0	14	0	0
19	0	109005	3	10	0	10	0	1	1	0	0	20	0	0
55	1	56915	1	9	3	8	3	4	0	0	0	8	0	0
37	0	210830	11	11	3	5	3	1	1	0	0	38	0	0
24	0	194848	7	13	0	9	0	1	0	0	0	40	0	0
39	0	109351	11	11	4	7	2	1	1	0	0	40	0	0
39	0	105813	1	9	1	6	1	1	0	3908	0	72	0	0
32	0	123430	1	9	1	1	1	1	0	0	0	65	0	0
44	0	105896	7	13	3	5	2	1	1	0	0	36	0	0
35	3	135020	7	13	1	10	1	1	0	0	0	40	7	0
27	0	136077	1	9	0	8	2	1	0	0	0	48	0	0
18	0	151463	0	7	0	6	0	1	0	0	0	20	0	0
43	0	73333	3	10	0	8	2	1	1	2174	0	40	0	0
51	1	43705	8	14	1	5	1	1	0	0	0	54	0	1
26	0	320465	1	9	0	4	2	0	0	0	0	40	0	0
23	0	237811	3	10	0	7	3	0	1	0	0	40	38	0
41	5	190910	1	9	1	1	5	1	0	0	0	40	0	0
33	6	348326	1	9	1	12	1	1	0	0	0	50	0	0
41	0	163287	1	9	1	10	1	1	0	0	0	62	0	0
31	0	97723	2	12	1	6	1	1	0	0	0	40	0	1
56	5	160383	4	6	2	4	2	1	1	0	0	37	0	0
39	4	263690	8	14	1	4	1	0	0	3137	0	40	38	0
42	0	278926	3	10	3	8	2	1	1	0	0	40	0	0
33	0	189017	13	8	1	13	1	1	0	0	0	40	0	0
22	0	87546	1	9	1	0	4	1	1	0	0	40	0	0
23	1	145112	7	13	0	5	0	1	1	0	0	43	0	0
55	0	107308	11	11	1	0	1	1	0	0	0	40	0	0
79	1	132668	1	9	1	10	1	1	0	0	0	15	0	0
47	0	175600	1	9	1	6	1	1	0	0	0	40	0	0
51	0	176608	1	9	1	0	4	1	1	0	0	40	0	0
37	0	217054	1	9	0	7	2	1	0	0	0	40	0	0
47	1	244813	1	9	1	8	1	1	0	0	0	40	0	0
44	0	77373	7	13	1	8	1	1	0	0	0	50	0	1
41	0	135823	11	11	1	5	1	1	0	0	0	40	0	0
56	0	174864	7	13	3	8	3	1	0	0	0	45	0	1
45	0	121676	3	10	1	5	4	1	1	0	0	36	0	1
38	0	108140	1	9	1	6	1	1	0	0	0	50	0	1
46	0	185041	3	10	1	8	1	1	0	0	1902	50	0	1
47	6	144579	7	13	1	8	1	1	0	0	0	90	0	0
26	0	143280	1	9	0	7	5	1	1	0	0	40	0	0
41	0	242804	1	9	1	12	1	1	0	0	0	40	0	1
48	0	156926	7	13	1	10	1	1	0	0	0	45	0	1
55	6	103948	11	11	1	8	1	1	0	0	0	60	0	0
28	0	249720	3	10	1	5	1	1	0	0	0	40	0	0
52	0	203635	7	13	1	8	1	1	0	0	1902	65	0	1
31	0	136721	1	9	3	0	2	1	1	0	0	40	0	0
27	0	114865	1	9	4	6	2	1	0	0	0	45	0	0
23	0	166517	1	9	1	7	1	1	0	0	0	40	0	0
27	0	96219	7	13	0	8	5	1	1	0	0	40	0	0
48	0	236197	13	8	2	13	2	2	0	0	0	40	3	0
39	0	357118	7	13	0	8	2	1	1	0	1974	40	0	0
25	0	193787	7	13	1	10	4	1	1	0	0	45	0	0
27	0	607658	7	13	0	10	2	1	1	0	0	40	0	0
64	1	47298	9	16	1	2	1	1	0	0	0	45	0	1
55	1	258121	5	15	1	5	1	1	0	0	1902	40	0	1
46	0	411037	4	6	3	10	3	1	1	0	0	35	0	0
23	0	228724	3	10	0	5	2	1	0	0	0	20	0	0
28	0	179008	1	9	1	12	1	1	0	0	0	48	0	0
37	0	422933	8	14	0	8	0	1	0	0	0	40	0	1
27	0	32452	8	14	1	7	4	1	1	0	0	20	0	1
35	0	54363	2	12	1	8	1	1	0	0	0	50	0	1
35	0	113397	1	9	1	10	1	1	0	0	0	45	16	0
45	0	159080	1	9	1	7	0	1	1	0	0	15	0	0
59	5	354948	7	13	1	5	1	1	0	3103	0	40	0	1
31	0	162572	7	13	1	10	1	1	0	15024	0	60	0	1
35	0	108140	1	9	3	6	2	1	0	0	0	40	0	0
58	0	126104	4	6	3	4	3	1	1	0	0	65	0	0
41	0	145522	7	13	0	5	2	1	1	0	0	45	0	0
20	0	61777	3	10	0	10	2	1	0	0	0	30	0	0
39	0	139057	5	15	1	5	1	2	0	0	0	38	17	0
31	0	113129	1	9	1	10	1	1	0	0	0	40	0	0
27	0	202062	7	13	0	5	0	0	0	0	0	40	0	0
34	0	31341	1	9	3	7	3	1	1	0	0	40	0	0
32	0	196125	1	9	1	0	1	1	0	0	0	40	0	1
33	0	44559	1	9	1	5	1	1	0	0	0	35	0	0
33	3	202153	3	10	1	6	1	1	0	2829	0	40	0	0
35	0	238980	3	10	0	10	2	1	0	0	0	40	0	0
56	3	156873	1	9	1	6	1	1	0	0	0	40	0	0
20	0	32805	1	9	0	4	2	1	1	0	0	40	0	0
68	3	273088	3	10	1	6	1	1	0	0	0	10	0	0
43	3	241055	8	14	1	10	1	1	0	0	0	45	0	0
25	0	157028	7	13	0	10	2	1	0	0	0	60	0	0
35	1	304252	2	12	3	8	2	2	1	0	0	40	13	0
57	0	106910	11	11	3	4	5	2	1	0	0	40	39	0
57	0	127728	6	4	1	12	1	1	0	0	0	44	0	1
37	5	178876	1	9	1	2	1	4	0	0	0	40	0	0
18	0	78181	3	10	0	4	5	1	1	0	0	40	0	0
21	2	212661	3	10	0	3	0	1	1	0	0	30	0	0
29	0	288229	1	9	1	9	4	2	1	4386	0	45	0	1
24	0	205883	1	9	0	7	3	0	1	0	0	40	0	0
36	1	268205	7	13	3	5	3	1	1	0	0	52	0	0
23	0	113735	3	10	3	7	5	1	1	0	0	20	0	0
36	0	390243	1	9	0	6	0	0	0	0	0	40	0	0
52	0	137984	1	9	3	6	3	1	1	0	0	40	0	0
41	0	160785	3	10	1	8	1	1	0	0	0	60	0	1
18	0	86150	1	9	0	8	0	2	1	0	0	15	0	0
32	0	244268	0	7	1	6	1	1	0	0	1672	48	0	0
34	6	177828	1	9	3	10	3	1	0	0	0	50	0	1
29	0	337953	7	13	0	13	2	1	0	0	0	36	0	0
56	3	254711	1	9	1	10	1	1	0	0	0	20	0	0
60	0	127084	6	4	1	12	1	1	0	0	0	60	0	0
19	0	156618	1	9	0	4	0	1	1	0	1602	20	0	0
30	0	201697	1	9	4	4	2	1	1	0	0	35	0	0
50	3	187830	7	13	3	6	2	1	0	27828	0	16	0	1
52	0	240612	1	9	1	5	4	1	1	0	0	40	2	1
66	3	190160	5	15	1	5	1	1	0	0	0	20	0	0
28	0	109001	1	9	0	13	2	1	0	0	0	40	0	0
35	1	297322	3	10	1	12	1	0	0	0	0	40	0	1
29	0	335015	1	9	1	6	1	1	0	0	0	48	0	0
50	0	174964	6	4	1	12	1	1	0	0	0	40	0	0
34	4	408813	1	9	1	6	4	1	1	0	0	40	0	1
37	0	115332	1	9	1	12	1	0	0	0	0	50	0	0
29	1	170482	1	9	1	2	1	0	0	0	2057	40	0	0
34	0	113688	3	10	3	4	2	1	1	0	0	34	0	0
27	0	133770	7	13	0	5	2	2	0	2202	0	52	8	0
57	0	161964	13	8	1	6	1	1	0	0	0	40	0	0
30	0	34572	5	15	1	5	1	1	0	0	0	80	0	1
21	0	198259	1	9	0	13	0	1	1	0	0	30	0	0
73	2	144872	1	9	1	3	1	1	0	0	0	25	25	0
57	0	161944	3	10	1	5	1	1	0	7688	0	60	0	1
51	0	29887	7	13	3	9	2	1	0	0	1590	40	0	0
37	4	238980	8	14	0	7	2	1	0	0	0	42	0	0
42	0	275677	11	11	1	7	1	1	0	0	0	50	0	0
32	0	24529	11	11	1	10	1	1	0	5178	0	60	0	1
51	3	311631	7	13	1	10	1	1	0	0	0	40	0	1
19	0	105460	12	5	0	6	0	1	0	0	0	20	0	0
24	0	374763	0	7	4	6	2	1	0	0	0	40	4	0
25	0	242136	1	9	3	0	2	0	0	0	0	40	0	0
31	0	112115	1	9	0	0	2	1	0	0	0	40	0	0
49	6	77132	1	9	1	8	1	1	0	0	0	40	25	1
81	2	26711	11	11	1	3	1	1	0	2936	0	20	0	0
60	0	117909	11	11	1	5	1	1	0	7688	0	40	0	1
39	0	229647	7	13	0	9	2	1	1	0	1669	40	0	0
38	0	149347	8	14	1	5	1	1	0	0	0	50	0	1
43	1	23157	8	14	1	8	1	1	0	0	1902	50	0	1
23	0	93977	1	9	0	0	0	1	0	0	0	40	0	0
73	6	159691	3	10	3	8	2	1	1	0	0	40	0	0
35	0	176967	3	10	1	2	1	1	0	0	0	40	0	0
66	0	344436	1	9	2	10	5	1	1	0	0	8	0	0
27	0	430340	3	10	0	10	2	1	1	0	0	45	0	0
40	0	202168	5	15	1	5	1	1	0	15024	0	55	0	1
51	0	82720	1	9	1	6	1	1	0	0	0	40	0	0
22	0	269623	3	10	0	6	0	1	0	0	0	40	0	0
64	3	136405	1	9	2	1	2	1	0	0	0	32	0	0
50	1	139347	8	14	1	5	4	1	1	0	0	40	1	1
55	0	224655	1	9	4	11	2	1	1	0	0	32	0	0
38	0	247547	11	11	0	7	3	0	1	0	0	40	0	0
58	0	292710	2	12	3	5	2	1	0	0	0	36	0	0
32	0	173449	1	9	1	13	1	1	0	0	0	40	0	0
48	0	285570	1	9	1	7	1	1	0	0	0	40	0	0
61	0	89686	1	9	1	10	1	1	0	0	0	48	0	0
31	0	440129	1	9	1	6	1	1	0	0	0	40	0	0
25	0	350977	1	9	0	4	0	1	1	0	0	40	0	0
48	1	349230	8	14	3	4	2	1	0	0	0	40	0	0
33	0	245211	7	13	0	5	0	1	0	0	0	40	0	0
39	0	215419	7	13	3	5	2	1	1	0	0	36	0	0
64	2	321403	1	9	2	3	5	0	0	0	0	40	0	0
38	0	374983	7	13	1	5	1	1	0	0	0	50	0	0
44	0	83891	7	13	3	7	0	2	0	5455	0	40	0	0
35	6	182148	7	13	1	8	1	1	0	0	0	60	0	1
